0 0.3861192285450865 0.1830129190149932 0.13126875039452449 0.15821125003262237
0 0.45757550096401983 0.13990013889359493 0.08295104439875772 0.09171246488756656
0 0.5072115384615384 0.12860576923076922 0.0625 0.07451923076923077
0 0.5324519230769231 0.07692307692307693 0.01201923076923077 0.0673076923076923
0 0.3199012481417797 0.030673930463806485 0.04243257221401574 0.03988858913788394
0 0.24158653846153846 0.02403846153846154 0.04567307692307692 0.04807692307692308
0 0.2091346153846154 0.015625 0.038461538461538464 0.03125
0 0.19298714811250584 0.038244120889136715 0.05003590757521204 0.049755806225564816
0 0.13315830956314562 0.07216123718231081 0.060043089090254506 0.05970696747067778
0 0.15865384615384615 0.019230769230769232 0.04807692307692308 0.038461538461538464
0 0.06971153846153846 0.02403846153846154 0.057692307692307696 0.04807692307692308
0 0.6875 0.020432692307692308 0.07692307692307693 0.040865384615384616
0 0.9567307692307693 0.052884615384615384 0.08653846153846154 0.10576923076923077
0 0.02403846153846154 0.4050480769230769 0.04807692307692308 0.17067307692307693
0 0.07148070617073735 0.46765877690278257 0.08559567347144782 0.15661631104141271
0 0.2580767209119998 0.422565700953509 0.11733541959601997 0.16972681585726054
0 0.4240359646088566 0.48957198058196777 0.10811183188029307 0.17900642384291687
0 0.3557692307692308 0.8473557692307693 0.21153846153846154 0.30528846153846156
0 0.5084134615384616 0.6959134615384616 0.06009615384615385 0.25721153846153844
0 0.6121542824797352 0.48320749182297146 0.07500079660691866 0.13224207287322276
0 0.5612980769230769 0.7463942307692307 0.04567307692307692 0.1658653846153846
0 0.5949519230769231 0.8942307692307693 0.11298076923076923 0.21153846153846154
0 0.6893283141258372 0.7571505715369692 0.12052285954918182 0.1890415292454618
0 0.7420211212040659 0.6953793640809841 0.09368875495721614 0.17850275889832437
0 0.7873779082178919 0.6597566597662943 0.08952182275491001 0.13514958397166138
0 0.791699944544454 0.589095030700129 0.04919924901999687 0.08813340052967106
0 0.6981458429942831 0.59062890086797 0.0471871997658087 0.09766484098762372
0 0.9129615134239365 0.7373551194876384 0.09300311038281514 0.16167583582140127
0 0.9459134615384616 0.8088942307692307 0.10817307692307693 0.2091346153846154
0 0.8785016312362672 0.686943027208459 0.08711797660106413 0.13506563981422942
0 0.8845418691422745 0.5995384192228028 0.05852078596063848 0.08125763869786108
0 0.8999485284579379 0.5652702590940583 0.03850642293055355 0.06135531620763515