1 0.349159855878878 0.30672935002063784 0.07766429081726099 0.12874654345601672
1 0.4727761256203626 0.2776402534913186 0.06544926769862322 0.0948829008487064
1 0.20252524049426263 0.30416983328837516 0.0654352825308083 0.09247905469486024
0 0.6586538461538461 0.5036057692307693 0.10576923076923077 0.0889423076923077
0 0.7779115516680108 0.37125556255824854 0.18657858163452226 0.25803855769104034
0 0.8918269230769231 0.19230769230769232 0.21634615384615385 0.3701923076923077
0 0.6225961538461539 0.7199519230769231 0.04807692307692308 0.06971153846153846
0 0.6456720428708428 0.6851347596134835 0.04356291929334155 0.05123603646324016
0 0.6772996424018422 0.7505840765463365 0.058181788565825614 0.08514163836124339
0 0.7288984237026457 0.7370631243731555 0.062975495705703 0.08282171078878274
0 0.6961248417659823 0.6812082124103406 0.026638100041714834 0.03411539835146726
0 0.7466475665001959 0.6893008959764285 0.029055931363375774 0.03656120379600631
0 0.7922716953359211 0.6816846609611308 0.03630942532835873 0.043898620129623166
0 0.803305773129358 0.7191330931538639 0.03637935116743252 0.055917850898853934
0 0.881060166182266 0.6567948470244579 0.03872725665001953 0.04634442557416221
0 0.9002839428291278 0.6559285982730774 0.03637935116743252 0.055917850898853934
0 0.9579412876018986 0.65092600586509 0.04600872095063206 0.05848953421547151