0 0.21514423076923078 0.10817307692307693 0.2956730769230769 0.21634615384615385
0 0.5564903846153846 0.38341346153846156 0.021634615384615384 0.03125
0 0.036057692307692304 0.7788461538461539 0.07211538461538461 0.15384615384615385
0 0.05515498812349188 0.5737944061083096 0.06602565461214766 0.10132515282472318
0 0.04890497793361191 0.49805227451043355 0.05573871673730634 0.0820384429226948
0 0.02712917910700621 0.4594718621224694 0.050427359485021514 0.0675873956639883
0 0.2603594953146414 0.49687912312428956 0.06146979477675147 0.10850872095063206
0 0.26216046516062075 0.4452174085683194 0.05573871673730634 0.0820384429226948
0 0.3240652479303749 0.600594136935044 0.08360807510595965 0.12305766438404206
0 0.3858173076923077 0.71875 0.10817307692307693 0.15865384615384615
0 0.3901252155436176 0.4964323991093655 0.07829671785367455 0.1086066171253357
0 0.35216346153846156 0.4338942307692308 0.06009615384615385 0.06971153846153846
0 0.4519230769230769 0.6887019230769231 0.02403846153846154 0.0889423076923077
0 0.5299565755868232 0.711253368308557 0.05392247968548466 0.09885138083180309
0 0.6174031556511956 0.7033503653953356 0.04704671785367454 0.10842480994374334
0 0.7047657915581358 0.693043516328268 0.04422315091266809 0.09639159400669765
0 0.8035180770535661 0.6647777469464281 0.04455892754239644 0.10600697862208228
0 0.8952000075294483 0.6749245679387751 0.05632632583933081 0.09886536599961787
0 0.9771634615384616 0.6947115384615384 0.04567307692307692 0.1201923076923077
0 0.9550099649528112 0.49502069851522046 0.04156747228652554 0.08916607037734454
0 0.8836081056755992 0.5150338357884687 0.04620727627935395 0.08438634840528181
0 0.800648708495033 0.5481982010687971 0.0520222984762313 0.11326047258706523
0 0.7027473022409553 0.5320068017722979 0.036759779978833236 0.08913810004171484
0 0.6369086326883244 0.5736825247657913 0.047130662011106765 0.11082865609758936
0 0.5588523096399144 0.5407830763187947 0.048779010748064004 0.08920802588078877
0 0.4675480769230769 0.5504807692307693 0.055288461538461536 0.10576923076923077
0 0.4651442307692308 0.4254807692307692 0.040865384615384616 0.052884615384615384
0 0.5144230769230769 0.42427884615384615 0.04326923076923077 0.05048076923076923
0 0.5709134615384616 0.4110576923076923 0.04567307692307692 0.02403846153846154
0 0.6382211538461539 0.41225961538461536 0.040865384615384616 0.026442307692307692
0 0.703125 0.40865384615384615 0.04567307692307692 0.019230769230769232
0 0.7740384615384616 0.4182692307692308 0.04326923076923077 0.038461538461538464
0 0.84375 0.421875 0.04326923076923077 0.04567307692307692