1 0.21995192307692307 0.31490384615384615 0.2620192307692308 0.3701923076923077
1 0.027644230769230768 0.3293269230769231 0.055288461538461536 0.34134615384615385
0 0.5793269230769231 0.1875 0.019230769230769232 0.08653846153846154
0 0.5817307692307693 0.04927884615384615 0.02403846153846154 0.09375
0 0.6433080210830044 0.08971309463242035 0.05248623143006352 0.0844143187409113
0 0.6478365384615384 0.026442307692307692 0.04567307692307692 0.052884615384615384
0 0.6237980769230769 0.01201923076923077 0.040865384615384616 0.02403846153846154
0 0.6726427634548766 0.1679849388944757 0.055897919493198986 0.10365907313949532
0 0.6738191324835893 0.28213966086653836 0.05767186445373932 0.09165382753807941
0 0.7097406229333363 0.32560468398517634 0.07791047559379785 0.11099647811136694
0 0.6947301916977158 0.40602164879650415 0.09434923633545339 0.14954192757979412
0 0.9007680696158485 0.3940032193824228 0.07638849111057985 0.12780941602047521
0 0.8487806483307876 0.3420338311345272 0.07322876352476672 0.11337235392958352
0 0.8045767873908823 0.2780941602047525 0.06488340291527778 0.09169578304152377
0 0.7486363210169211 0.08191498047780985 0.046796677451743346 0.06755942532835867
0 0.7439903846153846 0.027644230769230768 0.055288461538461536 0.055288461538461536
0 0.8293269230769231 0.026442307692307692 0.052884615384615384 0.052884615384615384
0 0.906198891903579 0.15372349275641836 0.055393998538554326 0.09404368852411071
0 0.9583599511177057 0.27778728786797646 0.06348739867072094 0.11091256710447822
0 0.9807692307692307 0.33052884615384615 0.038461538461538464 0.11298076923076923
0 0.9783653846153846 0.09615384615384616 0.04326923076923077 0.07692307692307693
0 0.9434210712170744 0.03859061039246931 0.05198231047541887 0.0747989341255267
0 0.21995192307692307 0.9615384615384616 0.09375 0.07692307692307693
0 0.11899038461538461 0.9471153846153846 0.0889423076923077 0.10576923076923077
0 0.11087986205190077 0.8957481599386747 0.08360002957211818 0.1278513715239196
0 0.06482884441284036 0.888270903288655 0.07310278328610555 0.11096850777573736
0 0.02403846153846154 0.8629807692307693 0.04807692307692308 0.10096153846153846
0 0.32997547750640616 0.7660531503286502 0.04755255888371005 0.08198250225143565
0 0.44231101311494336 0.823179860079608 0.06298347771607628 0.1012971824890936
0 0.5123323913634926 0.8524245912084835 0.06285749747741512 0.09889333633524745
0 0.5420673076923077 0.8966346153846154 0.055288461538461536 0.11538461538461539