0 0.016826923076923076 0.21153846153846154 0.03365384615384615 0.18269230769230768
0 0.028846153846153848 0.0673076923076923 0.057692307692307696 0.11538461538461539
0 0.11454905311625843 0.11509166758342364 0.12660897151588693 0.16105729557552642
0 0.20192307692307693 0.05889423076923077 0.10576923076923077 0.11778846153846154
0 0.0985576923076923 0.038461538461538464 0.08173076923076923 0.07692307692307693
0 0.046875 0.02403846153846154 0.07451923076923077 0.04807692307692308
0 0.31009615384615385 0.04326923076923077 0.07692307692307693 0.08653846153846154
0 0.3629807692307692 0.028846153846153848 0.07211538461538461 0.057692307692307696
0 0.5367148020012326 0.2578014013855799 0.18551393498033233 0.26873961352623393
0 0.5970661419210255 0.08420953844661797 0.12222130349283397 0.16787638555203566
0 0.7259615384615384 0.04567307692307692 0.16826923076923078 0.09134615384615384
0 0.9471153846153846 0.08653846153846154 0.10576923076923077 0.17307692307692307
0 0.08173076923076923 0.6694711538461539 0.08173076923076923 0.10336538461538461