0 0.1814903846153846 0.0625 0.10817307692307693 0.125
0 0.03245192307692308 0.25721153846153844 0.06490384615384616 0.22115384615384615
0 0.1814903846153846 0.38461538461538464 0.18509615384615385 0.0673076923076923
0 0.36590973027282475 0.19951923076923078 0.1580001236247441 0.23798076923076922
0 0.43509615384615385 0.03365384615384615 0.09134615384615384 0.0673076923076923
0 0.42292460602186976 0.16947115384615385 0.08213819555334276 0.16105769230769232
0 0.5264423076923077 0.30649038461538464 0.17307692307692307 0.22355769230769232
0 0.6586538461538461 0.33774038461538464 0.18269230769230768 0.16105769230769232
0 0.6283126779504684 0.24639423076923078 0.12346513236634848 0.1875
0 0.6033653846153846 0.0673076923076923 0.11057692307692307 0.1346153846153846
0 0.6526442307692307 0.016826923076923076 0.08413461538461539 0.03365384615384615
0 0.7355769230769231 0.22956730769230768 0.028846153846153848 0.2091346153846154
0 0.8746196366149502 0.10096153846153846 0.11878331793073464 0.19471153846153846
0 0.9012270517012151 0.2980769230769231 0.14505778846027112 0.18509615384615385
0 0.06490384615384616 0.8557692307692307 0.12980769230769232 0.22115384615384615
0 0.009615384615384616 0.6838942307692307 0.019230769230769232 0.040865384615384616
0 0.020957807195901672 0.7043269230769231 0.03445107267700994 0.04567307692307692
0 0.0392174294485584 0.6911057692307693 0.029517502497239133 0.038461538461538464
0 0.088265499503594 0.7043269230769231 0.031921348651085285 0.038461538461538464
0 0.10558103771566205 0.7451923076923077 0.05401751623332178 0.06490384615384616
0 0.1290050062469001 0.7115384615384616 0.04174652971993408 0.05048076923076923
0 0.16692107392943178 0.7427884615384616 0.058909127122399735 0.06971153846153846
0 0.2397138904880791 0.7728365384615384 0.05658919954993936 0.07451923076923077
0 0.20341052572840718 0.8557692307692307 0.0711801136357875 0.08413461538461539
0 0.3060565191098363 0.828125 0.07387767482448354 0.10096153846153846
0 0.28081005120227426 0.7596153846153846 0.03689687812154902 0.04807692307692308
0 0.29069817120716224 0.7439903846153846 0.03461890983978126 0.055288461538461536
0 0.3413528608928802 0.8028846153846154 0.04941962037909365 0.07692307692307693
0 0.3482016620913522 0.7548076923076923 0.049209823925629476 0.06490384615384616
0 0.4089752478807688 0.7848557692307693 0.04178848901062683 0.052884615384615384
0 0.4197776592199075 0.8545673076923077 0.08121509115810054 0.10817307692307693
0 0.4230769230769231 0.9579326923076923 0.1346153846153846 0.08413461538461539
0 0.5079017607437049 0.9014423076923077 0.11098434939949661 0.16105769230769232
0 0.48100671391476774 0.7896634615384616 0.04688989635316897 0.06971153846153846
0 0.41059676386462013 0.7608173076923077 0.03681295954016324 0.04326923076923077
0 0.5103353996038892 0.7620192307692307 0.037022755993627414 0.055288461538461536
0 0.5575521572216092 0.8112980769230769 0.07876928571356136 0.10576923076923077
0 0.6133292338952157 0.8521634615384616 0.09382175199703095 0.14182692307692307
0 0.5955250805480028 0.7704326923076923 0.036771000249470484 0.040865384615384616
0 0.6625180781754987 0.7884615384615384 0.03453499125839562 0.05048076923076923
0 0.6937619948833215 0.7199519230769231 0.032047226523163684 0.04567307692307692
0 0.7003712069219912 0.8233173076923077 0.0420402447547839 0.0673076923076923
0 0.7235643993544187 0.8028846153846154 0.034576950549088374 0.052884615384615384
0 0.7403846153846154 0.8040865384615384 0.019230769230769232 0.055288461538461536
0 0.8064903846153846 0.9771634615384616 0.11298076923076923 0.04567307692307692