1 0.42908653846153844 0.12379807692307693 0.06009615384615385 0.24759615384615385
1 0.04927884615384615 0.27467529767926113 0.08653846153846154 0.1512948419612973
1 0.27524038461538464 0.25826460724487094 0.07211538461538461 0.11405980419851694
1 0.5961538461538461 0.28041436085760796 0.04567307692307692 0.09747826060777871
1 0.7716346153846154 0.2694983459457943 0.057692307692307696 0.10326707412804427
1 0.8317307692307693 0.23594241354712256 0.052884615384615384 0.08845154871993813
1 0.4651442307692308 0.2608173076923077 0.01201923076923077 0.10336538461538461
1 0.4879807692307692 0.258363116098294 0.055288461538461536 0.11749392680860665
1 0.53125 0.22463553707894268 0.04567307692307692 0.09026672214624025
1 0.6538461538461539 0.2815179734471908 0.06009615384615385 0.10105945221671292
1 0.5685096153846154 0.27695585899176617 0.036057692307692304 0.09669336363772
1 0.23076923076923078 0.41947115384615385 0.0625 0.040865384615384616
1 0.9338942307692307 0.65625 0.13221153846153846 0.27403846153846156
1 0.6682692307692307 0.5932092923196287 0.19471153846153846 0.35483647133599594
1 0.4987980769230769 0.6129807692307693 0.07932692307692307 0.20192307692307693