0 0.04447115384615385 0.22355769230769232 0.0889423076923077 0.28365384615384615
0 0.078125 0.08052884615384616 0.15625 0.16105769230769232
0 0.15745192307692307 0.13221153846153846 0.21394230769230768 0.2644230769230769
0 0.2692307692307692 0.08774038461538461 0.15865384615384615 0.17548076923076922
0 0.45913461538461536 0.0889423076923077 0.14903846153846154 0.1778846153846154
0 0.5048076923076923 0.2692307692307692 0.3269230769230769 0.1971153846153846
0 0.5127926684524412 0.19153686518111507 0.1987426120142873 0.23011072087456697
0 0.5933693488227886 0.1480667318863471 0.16205541669181947 0.20679669147981655
0 0.5793269230769231 0.0829326923076923 0.16826923076923078 0.1658653846153846
1 0.9314903846153846 0.10216346153846154 0.13701923076923078 0.20432692307692307
0 0.1731931115369772 0.45216339027888064 0.08028042633521335 0.11896736527290376
0 0.09664750471937858 0.7168993306615037 0.12035069472340053 0.17604720175550936
0 0.3864030216001779 0.7479351724265761 0.10700251314519924 0.12981432016238761
0 0.5376925779068552 0.7769953063587054 0.09745707330923391 0.13177032258019766
0 0.5055296826837371 0.8711668168249129 0.12205509308305168 0.1521207011510571
0 0.6081730769230769 0.9158653846153846 0.11538461538461539 0.16826923076923078
0 0.20853690368781644 0.9223095880266458 0.13393443429344332 0.14787281351340964
0 0.06951138487833822 0.9011031109629329 0.12072614227408095 0.10644762422798018
0 0.6899038461538461 0.6165865384615384 0.02403846153846154 0.07932692307692307
0 0.7255310305130279 0.6177289889951572 0.03547241041875346 0.06406745307612614
0 0.7508763322975418 0.6201591684188318 0.03780631179318005 0.061775567856289015
0 0.7761167169129265 0.6189835786117371 0.04798125464392063 0.08145418082309419
0 0.8075765512511849 0.6247396249311584 0.0451577398135575 0.06691914296600839
0 0.8376596005639716 0.6245420363329688 0.04522768459297707 0.06932298911985454
0 0.8256974527473689 0.6684270522392493 0.045087795034138074 0.06451529681216209
0 0.8848493520713594 0.6331761058121009 0.05264905739277408 0.07687041038341992
0 0.9348847289720287 0.6982445794396129 0.04536757415181606 0.07413068142754671
0 0.9783653846153846 0.6935096153846154 0.04326923076923077 0.07451923076923077
0 0.9256154551630771 0.8346776722689703 0.05519279310545937 0.08179006362512126
0 0.8479101238395942 0.8527394795473401 0.052579112613354524 0.07446656422957378
0 0.8160655932145284 0.8337622793817648 0.042614004100872356 0.06199948972430692
0 0.7515942775639908 0.8102869364406959 0.05003537690066938 0.06954691098787258
0 0.7084299639638894 0.8159080024836274 0.05271900217219351 0.07927425653726608