0 0.06490384615384616 0.1045673076923077 0.12980769230769232 0.2091346153846154
0 0.4795673076923077 0.3310500845263033 0.1971153846153846 0.28480062991465943
0 0.5805288461538461 0.038461538461538464 0.10336538461538461 0.07692307692307693
0 0.6838942307692307 0.027644230769230768 0.01201923076923077 0.055288461538461536
0 0.7103365384615384 0.10630525566465215 0.040865384615384616 0.06754544016054388
0 0.7283653846153846 0.12543113613681042 0.04567307692307692 0.057958025880788834
0 0.7439903846153846 0.17942677100755272 0.06009615384615385 0.10131116765690838
0 0.7608173076923077 0.10240579790977221 0.036057692307692304 0.05549823905568347
0 0.7884615384615384 0.12628343001836362 0.04326923076923077 0.0675594253283586
0 0.8389423076923077 0.18969166457117595 0.057692307692307696 0.0964894901814013
0 0.8665865384615384 0.14025198898745964 0.036057692307692304 0.05069054674799116
0 0.9014423076923077 0.13764535790029894 0.038461538461538464 0.06512760883888287
0 0.9375 0.14224327269076925 0.038461538461538464 0.06272376268503671
0 0.9879807692307693 0.17548076923076922 0.02403846153846154 0.07692307692307693
0 0.17067307692307693 0.9398610892952524 0.07932692307692307 0.11584612592250373
0 0.2800480769230769 0.8394651487750637 0.0889423076923077 0.1255174512091475
0 0.31490384615384615 0.9426277484571338 0.06490384615384616 0.08691606106946104
0 0.5504807692307693 0.8967860481651299 0.055288461538461536 0.09407165885974021
0 0.6358173076923077 0.9131164977846277 0.06009615384615385 0.08929193688767761
0 0.9855769230769231 0.8257211538461539 0.028846153846153848 0.07451923076923077
0 0.9086538461538461 0.9211461685633318 0.04326923076923077 0.06034788686682027
0 0.8762019230769231 0.9225368914057547 0.04807692307692308 0.06277970335629572
0 0.7884615384615384 0.9290569654156099 0.06009615384615385 0.07486885996460083
0 0.828125 0.8903646716851275 0.038461538461538464 0.057916070377344545
0 0.7584134615384616 0.8967798569363719 0.052884615384615384 0.06761536599961787
0 0.6971153846153846 0.8815114787156493 0.038461538461538464 0.04830068576195966