0 0.028846153846153848 0.1045673076923077 0.057692307692307696 0.2091346153846154
0 0.11356377139224742 0.1290791547815728 0.15279909460980617 0.24135592734687555
0 0.8569711538461539 0.08052884615384616 0.13701923076923078 0.16105769230769232
0 0.15144911369595512 0.9251481187477497 0.09934804670045061 0.1240123274639712
0 0.203125 0.9399038461538461 0.06971153846153846 0.1201923076923077
0 0.31484472990844636 0.9364286401866799 0.06435066933849629 0.09379488446901509
0 0.3532766211728087 0.9116024947054607 0.03326529681216223 0.04454257069311861
0 0.3858173076923077 0.984375 0.040865384615384616 0.03125
0 0.41586538461538464 0.9855769230769231 0.04326923076923077 0.028846153846153848
0 0.4639423076923077 0.9879807692307693 0.04807692307692308 0.02403846153846154
0 0.4411057692307692 0.9759615384615384 0.040865384615384616 0.04807692307692308
0 0.49038461538461536 0.9759615384615384 0.028846153846153848 0.04807692307692308
0 0.5103959753750524 0.9623913735585964 0.028569565438478942 0.046750518397135905
0 0.5755237433969166 0.9698436949389788 0.03600502576803531 0.05185205837957149
0 0.5873157383707817 0.9139410056730809 0.033265296812162094 0.04454257069311861
0 0.6044818581770794 0.9734229317917984 0.033265296812162094 0.04454257069311861
0 0.6266992975742206 0.909547552499554 0.030749489724307057 0.04204077531435802
0 0.6510439947175333 0.8913452501303863 0.03829691098787258 0.04954616145063977
0 0.701304156007632 0.9401792346286754 0.040812718075727616 0.052047956829400346
0 0.7043269230769231 0.9759615384615384 0.052884615384615384 0.04807692307692308
0 0.7962264318873792 0.9176548959329456 0.0513237901631844 0.07167052295982743
0 0.9122596153846154 0.9807692307692307 0.06971153846153846 0.038461538461538464
0 0.9759615384615384 0.9807692307692307 0.04807692307692308 0.038461538461538464
0 0.9340853696616774 0.9412668479069153 0.03108537252633398 0.049252313775896485
0 0.8718652719966999 0.944729783443755 0.04880798307532922 0.06916872758106685