0 0.29651921131069653 0.40675259944050246 0.03489305138963171 0.05044490648018355
0 0.09975961538461539 0.5576923076923077 0.04567307692307692 0.02403846153846154
0 0.14302884615384615 0.5456730769230769 0.04567307692307692 0.04807692307692308
0 0.31490384615384615 0.5600961538461539 0.04807692307692308 0.019230769230769232
0 0.3545673076923077 0.5588942307692307 0.04567307692307692 0.021634615384615384
0 0.41346153846153844 0.5552884615384616 0.04807692307692308 0.028846153846153848
0 0.4411057692307692 0.5564903846153846 0.036057692307692304 0.026442307692307692
0 0.47475961538461536 0.5540865384615384 0.04567307692307692 0.03125
0 0.5805288461538461 0.5516826923076923 0.036057692307692304 0.036057692307692304
1 0.9699519230769231 0.1045673076923077 0.06009615384615385 0.1658653846153846
1 0.8341346153846154 0.08052884615384616 0.09615384615384616 0.16105769230769232
1 0.6262019230769231 0.08052884615384616 0.036057692307692304 0.16105769230769232
1 0.7079326923076923 0.06490384615384616 0.10336538461538461 0.12980769230769232
1 0.07692307692307693 0.921875 0.1201923076923077 0.15625
1 0.20907282574138022 0.908532584751626 0.08563053750760694 0.15228134503854426
1 0.5233570692773337 0.9084471860999918 0.0755045579343631 0.11327334886856104
1 0.3341624826178444 0.840334899788372 0.07160762847407873 0.12492827449882864
1 0.5769230769230769 0.8798076923076923 0.0625 0.09134615384615384
1 0.12256738813695119 0.7131641615133327 0.04614780913035032 0.07280813214272527
1 0.415019771160068 0.8823125506042154 0.06352118991571815 0.0812947385906347
1 0.5492788461538461 0.9579326923076923 0.11778846153846154 0.08413461538461539
1 0.3750457986085219 0.8278975697542995 0.06814672965392887 0.07925519757575171
1 0.0237364669750365 0.7020901369338188 0.041558132142725274 0.04377982572708984
1 0.2032411047014166 0.6738664245221109 0.027317207789129803 0.045090756464046484
1 0.7087788266953119 0.7023317612622854 0.0481873501452333 0.06818259240451442