0 0.07091346153846154 0.40625 0.10216346153846154 0.171875
0 0.25600961538461536 0.5817307692307693 0.1622596153846154 0.27884615384615385
0 0.2692307692307692 0.37740384615384615 0.09134615384615384 0.16346153846153846
0 0.30649038461538464 0.3233173076923077 0.08173076923076923 0.16706730769230768
0 0.46033653846153844 0.49158653846153844 0.14903846153846154 0.2512019230769231
0 0.5132211538461539 0.4411057692307692 0.10697115384615384 0.21033653846153846
0 0.6237980769230769 0.16706730769230768 0.07692307692307693 0.1310096153846154
0 0.6923076923076923 0.5108173076923077 0.109375 0.1971153846153846
0 0.7572115384615384 0.4495192307692308 0.09975961538461539 0.1935096153846154
0 0.84375 0.4387019230769231 0.08052884615384616 0.14423076923076922
0 0.9158653846153846 0.4266826923076923 0.08533653846153846 0.18629807692307693