0 0.078125 0.7307692307692307 0.07091346153846154 0.11538461538461539
0 0.21634615384615385 0.7764423076923077 0.09495192307692307 0.13822115384615385
0 0.36778846153846156 0.8473557692307693 0.12740384615384615 0.17067307692307693
0 0.1658653846153846 0.6117788461538461 0.03485576923076923 0.055288461538461536
0 0.22956730769230768 0.6189903846153846 0.03485576923076923 0.06009615384615385
0 0.23798076923076922 0.5769230769230769 0.028846153846153848 0.04447115384615385
0 0.3125 0.6274038461538461 0.04447115384615385 0.07572115384615384
0 0.35216346153846156 0.5997596153846154 0.038461538461538464 0.0625
0 0.4206730769230769 0.6346153846153846 0.04326923076923077 0.06490384615384616
0 0.42427884615384615 0.6057692307692307 0.03485576923076923 0.055288461538461536
0 0.6490384615384616 0.7067307692307693 0.07091346153846154 0.1045673076923077
0 0.609375 0.6502403846153846 0.05048076923076923 0.07091346153846154
0 0.7740384615384616 0.6274038461538461 0.046875 0.07091346153846154
0 0.8088942307692307 0.6346153846153846 0.054086538461538464 0.09735576923076923
0 0.7908653846153846 0.4735576923076923 0.027644230769230768 0.046875
0 0.9110576923076923 0.6141826923076923 0.046875 0.07091346153846154