0 0.0673076923076923 0.12740384615384615 0.1346153846153846 0.15384615384615385
0 0.2976045422321214 0.2521405475798834 0.18896998492008507 0.21211372502380635
0 0.4543269230769231 0.036057692307692304 0.09615384615384616 0.07211538461538461
0 0.8538404856091157 0.03990702797617592 0.04915789081424512 0.06806295954016324
0 0.8768421113613237 0.055154394359940455 0.05417589240925917 0.07055072427539517
0 0.9365323572831898 0.07698390984485091 0.07352652693404539 0.09969059315639871
0 0.9639423076923077 0.10697115384615384 0.07211538461538461 0.0985576923076923
0 0.9783653846153846 0.13341346153846154 0.04326923076923077 0.14182692307692307
1 0.11800803124821838 0.6702541077706976 0.08031744682093994 0.09500877872078493
1 0.3973042249697283 0.7255669024778688 0.05961451257891726 0.07784618131831914
1 0.32377660799009855 0.7244428146901539 0.05093080910612521 0.06089338036931767
1 0.46597892764501314 0.7400170423384694 0.05982482186623901 0.0802500274721653
1 0.08163487500954318 0.6672777279003209 0.0519823555427349 0.0729126111385483
0 0.5492788461538461 0.5408653846153846 0.021634615384615384 0.038461538461538464
0 0.6436091017912383 0.5459254564217828 0.026982791560968576 0.03407343906077451
0 0.7068451842968652 0.5532479764022308 0.024789254694444304 0.03643532592392777
0 0.7675722660049847 0.5594105325964486 0.03221110244330479 0.03896504994985246
0 0.8568899702752838 0.5759078646400064 0.026982791560968715 0.03407343906077451
0 0.8746033524981471 0.5719874007290409 0.02980725628945863 0.03892309065915957
0 0.9606601727693721 0.6475258210592544 0.038070341187606646 0.051068199300468874
0 0.9927884615384616 0.6670673076923077 0.014423076923076924 0.04567307692307692
0 0.9447115384615384 0.9314903846153846 0.11057692307692307 0.13701923076923078
0 0.828086858334614 0.7557706499793622 0.06965051576894564 0.082821710788783
0 0.9072486941208676 0.7387400137411523 0.062018358732763415 0.07788814060901217
0 0.7539283134930186 0.7474350237301088 0.07394714550868915 0.10449828546409087
0 0.7873424290588307 0.689071367386716 0.05961451257891726 0.07784618131831914
0 0.7613964732841156 0.6401701548491052 0.047896035090313274 0.05363988261708631
0 0.7146266279277765 0.6421902840945385 0.04287803349529909 0.05115211788185452
0 0.575262393606124 0.7553686831944172 0.06986082505626766 0.08522555694262916
0 0.5504807692307693 0.6298076923076923 0.02403846153846154 0.04807692307692308
0 0.5689236936857539 0.6278809184591853 0.03263172101794855 0.04377274225754477
0 0.5929169332275629 0.6407034590437573 0.03503556717179471 0.04381470154823752
0 0.6546808507219363 0.6311990559472821 0.04068449662877482 0.05351400474500778