0 0.8413461538461539 0.30649038461538464 0.1778846153846154 0.04567307692307692
0 0.7703474689474022 0.1993680699194669 0.12800308248929942 0.15253570050943702
0 0.626756822529223 0.16984096575137178 0.1052346449567337 0.1302715821100461
0 0.6550480769230769 0.009615384615384616 0.036057692307692304 0.019230769230769232
0 0.6334134615384616 0.007211538461538462 0.036057692307692304 0.014423076923076924
0 0.5222780590044563 0.05972793247680249 0.031365758619376974 0.0489162604299573
0 0.5107048698801818 0.045619607061113336 0.03845131684225427 0.04672224861436957
0 0.5033724619896243 0.020554084394277493 0.03794739588760962 0.037106863998984954
0 0.7007211538461539 0.02403846153846154 0.05048076923076923 0.04807692307692308
0 0.7403846153846154 0.03125 0.052884615384615384 0.0625
0 0.8902554909009096 0.05263215045638671 0.06690930835314045 0.08595317964952269
0 0.9675480769230769 0.052884615384615384 0.06490384615384616 0.10576923076923077
0 0.17447624812873114 0.7028797612531004 0.09308943394884149 0.1275180120591024
0 0.23829392982503103 0.749173092454826 0.1137059858048838 0.15451987798676606
0 0.2921966087382198 0.7211220548358696 0.09334139442616382 0.13232570436679472
0 0.236833275057518 0.4916118300961899 0.08436613262336934 0.09846202387469
0 0.44430970410097004 0.5688886760259602 0.10055293288770248 0.13253553870505314
0 0.6043595544993731 0.5449716065740838 0.08739987997052132 0.1105511994233402
0 0.7389800499243998 0.5181831880753431 0.08702193925453781 0.10333966096180174
0 0.8670870090101666 0.4819542469097665 0.09081156803365677 0.129851913433529
0 0.9903846153846154 0.4411057692307692 0.019230769230769232 0.12740384615384615