0 0.29447115384615385 0.41947115384615385 0.06490384615384616 0.11538461538461539
0 0.34615384615384615 0.42427884615384615 0.046875 0.08533653846153846
0 0.39783653846153844 0.42908653846153844 0.039663461538461536 0.05889423076923077
0 0.4579326923076923 0.41586538461538464 0.056490384615384616 0.0889423076923077
0 0.5060096153846154 0.41947115384615385 0.04807692307692308 0.08774038461538461
0 0.24639423076923078 0.43509615384615385 0.02283653846153846 0.04447115384615385
0 0.21754807692307693 0.42427884615384615 0.03365384615384615 0.055288461538461536
0 0.1658653846153846 0.4375 0.03485576923076923 0.07451923076923077
0 0.18509615384615385 0.4338942307692308 0.025240384615384616 0.046875
0 0.13341346153846154 0.4375 0.027644230769230768 0.04567307692307692
0 0.0733173076923077 0.45072115384615385 0.037259615384615384 0.06610576923076923
0 0.04447115384615385 0.45072115384615385 0.03365384615384615 0.07091346153846154
0 0.7259615384615384 0.4411057692307692 0.03245192307692308 0.055288461538461536
0 0.7704326923076923 0.4423076923076923 0.03245192307692308 0.04326923076923077
0 0.8185096153846154 0.421875 0.037259615384615384 0.06850961538461539
0 0.8557692307692307 0.4483173076923077 0.030048076923076924 0.055288461538461536
0 0.8858173076923077 0.4579326923076923 0.04447115384615385 0.09495192307692307
0 0.9435096153846154 0.47596153846153844 0.055288461538461536 0.0889423076923077
0 0.9098557692307693 0.45072115384615385 0.03125 0.056490384615384616