0 0.0985576923076923 0.4735576923076923 0.08774038461538461 0.13942307692307693
0 0.11778846153846154 0.3605769230769231 0.05048076923076923 0.09495192307692307
0 0.1658653846153846 0.3329326923076923 0.042067307692307696 0.07451923076923077
0 0.039663461538461536 0.30408653846153844 0.04447115384615385 0.057692307692307696
0 0.2403846153846154 0.4675480769230769 0.08533653846153846 0.13581730769230768
0 0.21394230769230768 0.3473557692307692 0.037259615384615384 0.06129807692307692
0 0.2536057692307692 0.34134615384615385 0.037259615384615384 0.06610576923076923
0 0.3425480769230769 0.36658653846153844 0.05048076923076923 0.09014423076923077
0 0.39663461538461536 0.3954326923076923 0.057692307692307696 0.0985576923076923
0 0.39302884615384615 0.53125 0.1045673076923077 0.1814903846153846
0 0.4795673076923077 0.35336538461538464 0.04447115384615385 0.09014423076923077
0 0.5432692307692307 0.4074519230769231 0.052884615384615384 0.0985576923076923
0 0.5697115384615384 0.34134615384615385 0.039663461538461536 0.07451923076923077
0 0.6189903846153846 0.3894230769230769 0.052884615384615384 0.09495192307692307
0 0.6875 0.34615384615384615 0.05048076923076923 0.09014423076923077
0 0.6322115384615384 0.7884615384615384 0.15504807692307693 0.28365384615384615
0 0.7620192307692307 0.6189903846153846 0.11538461538461539 0.18509615384615385
0 0.8293269230769231 0.47475961538461536 0.08774038461538461 0.14423076923076922
0 0.8581730769230769 0.41947115384615385 0.07211538461538461 0.12379807692307693
0 0.8978365384615384 0.36778846153846156 0.06490384615384616 0.11057692307692307
0 0.7355769230769231 0.16826923076923078 0.06009615384615385 0.0985576923076923