0 0.025240384615384616 0.38341346153846156 0.05048076923076923 0.10817307692307693
0 0.04112860380531291 0.30243720049971756 0.05067919195731777 0.07591812635762096
0 0.12701460882897037 0.1810686933840696 0.07091729107727204 0.10532383843913092
0 0.0733173076923077 0.5504807692307693 0.13701923076923078 0.1778846153846154
0 0.3392742038338259 0.3261809985389117 0.07821277369624259 0.10793751893123563
0 0.42895291219836973 0.44003969060308934 0.158493616916603 0.2063295980265059
0 0.4492368129358505 0.306171587998401 0.10557846712030311 0.13514921919715783
0 0.4915025433547066 0.2304982683687483 0.05375459137062076 0.09521884036780975
0 0.5889423076923077 0.23197115384615385 0.057692307692307696 0.09375
0 0.5949519230769231 0.35216346153846156 0.04567307692307692 0.2620192307692308
0 0.6262019230769231 0.46875 0.016826923076923076 0.08653846153846154
0 0.7400334696502455 0.5523543938935067 0.08525642384291682 0.10333966096180201
0 0.6661056775218499 0.43443529153233296 0.05987485578554192 0.06417867470606844
0 0.7643008883269398 0.40756406642738136 0.05025947117015734 0.0638988955883902
0 0.7673457533285585 0.4579049460993116 0.06004274410040612 0.06898636701376076
0 0.8001754251139258 0.4461433838848405 0.06029457657270239 0.07619790547529895
0 0.9060820097863365 0.5078997149648087 0.08542431215778105 0.10814735326949404
0 0.9103745994824046 0.4537432317238508 0.07214591902706885 0.07173993706470419
0 0.9009843424664422 0.41319259861585395 0.05995879994297404 0.06658252085991433
0 0.9939903846153846 0.3581730769230769 0.01201923076923077 0.057692307692307696
0 0.015625 0.7019230769230769 0.03125 0.07211538461538461
0 0.015625 0.6514423076923077 0.026442307692307692 0.02403846153846154
0 0.16466346153846154 0.6454326923076923 0.026442307692307692 0.01201923076923077
0 0.24031205794481533 0.676675034107432 0.02837302331324569 0.0560578541120762
0 0.28125 0.6538461538461539 0.02403846153846154 0.028846153846153848
0 0.21600266718940483 0.8226672846504803 0.04936661985008875 0.1070981815782014
0 0.10969923706389732 0.9098095255501346 0.054258256315213006 0.10964191729088668
0 0.1181470625528536 0.736662657693792 0.03625611503424085 0.07549845768110384
0 0.7427044664316298 0.8461831828980935 0.1676358709990793 0.261827893903226