0 0.014423076923076924 0.3112980769230769 0.028846153846153848 0.06490384615384616
0 0.05713049691426759 0.3313647105376954 0.051012205607731516 0.09399173885803801
0 0.109375 0.40625 0.10817307692307693 0.14423076923076922
0 0.1582808351413058 0.3042039574845409 0.048552418782626075 0.0842503740039925
0 0.19926509368311615 0.2859129292340884 0.029097886866820133 0.04478099363316473
0 0.24439974164532347 0.38085463069172715 0.07055064853042617 0.1478841961519427
0 0.23530880082299369 0.29020647896785184 0.03400347534921608 0.06185987718741014
0 0.25578344863413033 0.28406577253493326 0.03640732150306224 0.061985857426071024
0 0.2918621186935449 0.28234970688408123 0.031501733020666424 0.04490697387182562
0 0.3163481056020799 0.2066864323476159 0.024276209391313038 0.04212518700199625
0 0.3204355617673102 0.3307364697480152 0.053444022097207236 0.09892541140439175
0 0.36265670630558067 0.3064988162322777 0.048510463279181855 0.07703883554245404
0 0.38461538461538464 0.4098557692307692 0.11057692307692307 0.13701923076923078
0 0.40199151640039443 0.3650678747855714 0.06790905452372852 0.10689283129789719
0 0.4011741854383783 0.2988991154354717 0.036435291838691805 0.06679354973376334
0 0.4192519796795763 0.29143050568696877 0.03159962919536979 0.06173389694874897
0 0.43990384615384615 0.3425480769230769 0.038461538461538464 0.09375
0 0.45072115384615385 0.30408653846153844 0.016826923076923076 0.06490384615384616
0 0.4807692307692308 0.3762019230769231 0.04326923076923077 0.19471153846153846
0 0.4795673076923077 0.18870192307692307 0.040865384615384616 0.07451923076923077
0 0.5495219838803063 0.14985388268374253 0.03158564402755514 0.05933005079490282
0 0.5606120023450025 0.10354579375771764 0.03155767369192557 0.05452235848721051
0 0.5835176652904656 0.2995171346058677 0.07278667267049489 0.11916402254445001
0 0.5923087263599266 0.23505421928733566 0.05576395724416454 0.08462831471997571
0 0.637834959020948 0.26268822843728223 0.05591779409012732 0.11107062241228355
0 0.671537753262146 0.25603849024007685 0.06785311385246938 0.0972774466825123
0 0.7064494631641746 0.24824981908527904 0.05338808142594809 0.089310026789007
0 0.5866347550028663 0.17704696099837505 0.03157165885974035 0.05692620464105666
0 0.603489648415419 0.17312113036131083 0.031543688524110644 0.05211851233336422
0 0.7666574983528467 0.23216855582103868 0.050900324265213084 0.07476096962726878
0 0.7318786475450588 0.2171206885142981 0.03640732150306224 0.06198585742607116
0 0.8147623917653993 0.2298804682865695 0.043674800635859976 0.0719791827574394
0 0.8542370535383612 0.2644110653014017 0.05577794241197919 0.08703216087382201
0 0.8150840506251397 0.17459200674810796 0.024262224223498254 0.03972134084815009
0 0.8330219931881897 0.1911618585380667 0.03155767369192557 0.05452235848721051
0 0.8666059135029618 0.2049448126485536 0.029097886866820268 0.04478099363316473
0 0.8882964695588365 0.19646325018111946 0.03393354951014215 0.04984064641817936
0 0.9255490923595443 0.19961786695729045 0.03636536599961788 0.0547743189645327
0 0.8491854221490592 0.09943265316628726 0.03396151984577172 0.054648338725871534
0 0.39663461538461536 0.9579326923076923 0.057692307692307696 0.08413461538461539
0 0.5046234810606517 0.7854294515180121 0.07024297483850074 0.09499958076732731
0 0.49038461538461536 0.9074519230769231 0.0625 0.10817307692307693
0 0.5180288461538461 0.9519230769230769 0.09375 0.09615384615384616
0 0.568136604372075 0.8212198509194558 0.06792303969154331 0.10929667745174335
0 0.650230987966029 0.7630031790339351 0.06308737704822143 0.10423702466672843
0 0.6602721188446155 0.8969835516463718 0.07285659850956883 0.13118325331368105
0 0.724386604372075 0.8294085664324309 0.0606555605587457 0.09930335212037497
0 0.8041610528190716 0.7566428373851722 0.0751345781530819 0.10967461816772656
0 0.7717588791846496 0.5397348832746852 0.05825171440489955 0.0991773718817138
0 0.7860576923076923 0.9831730769230769 0.1201923076923077 0.03365384615384615
0 0.9098557692307693 0.9723557692307693 0.09375 0.055288461538461536
0 0.9487965905613205 0.9012838725934029 0.07763632048163142 0.12662752148331108
0 0.9831730769230769 0.8197115384615384 0.03365384615384615 0.11057692307692307