0 0.027644230769230768 0.43509615384615385 0.055288461538461536 0.14423076923076922
0 0.18269230769230768 0.5012019230769231 0.11899038461538461 0.125
0 0.20072115384615385 0.4050480769230769 0.08653846153846154 0.11658653846153846
0 0.3389423076923077 0.5841346153846154 0.17908653846153846 0.25240384615384615
0 0.37259615384615385 0.4170673076923077 0.09254807692307693 0.1201923076923077
0 0.47716346153846156 0.453125 0.08653846153846154 0.10096153846153846
0 0.5685096153846154 0.24759615384615385 0.0829326923076923 0.09975961538461539
0 0.6802884615384616 0.4795673076923077 0.09495192307692307 0.10576923076923077
0 0.6730769230769231 0.3870192307692308 0.0673076923076923 0.09375
0 0.7632211538461539 0.39783653846153844 0.055288461538461536 0.0889423076923077
0 0.8341346153846154 0.5697115384615384 0.13581730769230768 0.16826923076923078
0 0.8569711538461539 0.4326923076923077 0.06971153846153846 0.07572115384615384
0 0.8425480769230769 0.38221153846153844 0.0673076923076923 0.07211538461538461
0 0.9699519230769231 0.5420673076923077 0.05889423076923077 0.14302884615384615
0 0.953125 0.7704326923076923 0.09134615384615384 0.15625