0 0.03365384615384615 0.6189903846153846 0.06370192307692307 0.13701923076923078
0 0.028846153846153848 0.4807692307692308 0.042067307692307696 0.0829326923076923
0 0.12620192307692307 0.47716346153846156 0.039663461538461536 0.07572115384615384
0 0.15384615384615385 0.4423076923076923 0.03245192307692308 0.07932692307692307
0 0.21634615384615385 0.5252403846153846 0.051682692307692304 0.08653846153846154
0 0.17067307692307693 0.7055288461538461 0.09375 0.15865384615384615
0 0.24158653846153846 0.45913461538461536 0.042067307692307696 0.0829326923076923
0 0.24879807692307693 0.4050480769230769 0.03365384615384615 0.06850961538461539
0 0.3112980769230769 0.4387019230769231 0.03365384615384615 0.057692307692307696
0 0.3293269230769231 0.41346153846153844 0.026442307692307692 0.057692307692307696
0 0.3016826923076923 0.5625 0.051682692307692304 0.11177884615384616
0 0.3269230769230769 0.5144230769230769 0.04567307692307692 0.08653846153846154
0 0.4338942307692308 0.5444711538461539 0.056490384615384616 0.09014423076923077
0 0.3942307692307692 0.46634615384615385 0.036057692307692304 0.06850961538461539
0 0.3954326923076923 0.41346153846153844 0.03245192307692308 0.05048076923076923
0 0.4338942307692308 0.40625 0.02403846153846154 0.05048076923076923
0 0.45072115384615385 0.43509615384615385 0.030048076923076924 0.06490384615384616
0 0.49759615384615385 0.46033653846153844 0.038461538461538464 0.07211538461538461
0 0.47475961538461536 0.4026442307692308 0.021634615384615384 0.05048076923076923
0 0.48677884615384615 0.3942307692307692 0.030048076923076924 0.054086538461538464
0 0.5444711538461539 0.4098557692307692 0.02403846153846154 0.057692307692307696
0 0.5625 0.41947115384615385 0.02403846153846154 0.046875
0 0.5685096153846154 0.4567307692307692 0.036057692307692304 0.06490384615384616
0 0.5913461538461539 0.5504807692307693 0.05048076923076923 0.10096153846153846
0 0.48197115384615385 0.6454326923076923 0.07211538461538461 0.13341346153846154
0 0.609375 0.4879807692307692 0.03365384615384615 0.06129807692307692
0 0.6129807692307693 0.4230769230769231 0.030048076923076924 0.06129807692307692
0 0.6610576923076923 0.4387019230769231 0.026442307692307692 0.057692307692307696
0 0.6778846153846154 0.46274038461538464 0.027644230769230768 0.06850961538461539
0 0.6923076923076923 0.43509615384615385 0.027644230769230768 0.06490384615384616
0 0.7271634615384616 0.5360576923076923 0.042067307692307696 0.09375
0 0.7644230769230769 0.49158653846153844 0.042067307692307696 0.0829326923076923
0 0.7475961538461539 0.44471153846153844 0.038461538461538464 0.07572115384615384
0 0.7944711538461539 0.4387019230769231 0.03245192307692308 0.057692307692307696
0 0.8509615384615384 0.46274038461538464 0.030048076923076924 0.06850961538461539
0 0.8894230769230769 0.45913461538461536 0.027644230769230768 0.06850961538461539
0 0.9134615384615384 0.21754807692307693 0.051682692307692304 0.11177884615384616