0 0.9314903846153846 0.28365384615384615 0.0625 0.1201923076923077
0 0.6935096153846154 0.41346153846153844 0.027644230769230768 0.06129807692307692
0 0.6045673076923077 0.44591346153846156 0.026442307692307692 0.06129807692307692
0 0.5661057692307693 0.4723557692307692 0.03365384615384615 0.07451923076923077
0 0.5528846153846154 0.40625 0.026442307692307692 0.051682692307692304
0 0.5264423076923077 0.4387019230769231 0.02403846153846154 0.051682692307692304
0 0.4795673076923077 0.4411057692307692 0.03125 0.06490384615384616
0 0.4338942307692308 0.46153846153846156 0.027644230769230768 0.06490384615384616
0 0.3641826923076923 0.5961538461538461 0.046875 0.10697115384615384
0 0.25600961538461536 0.5216346153846154 0.037259615384615384 0.07451923076923077
0 0.16826923076923078 0.6634615384615384 0.0625 0.12620192307692307
0 0.16466346153846154 0.5456730769230769 0.054086538461538464 0.11057692307692307
0 0.09254807692307693 0.4951923076923077 0.056490384615384616 0.10096153846153846
0 0.13341346153846154 0.4110576923076923 0.03485576923076923 0.07451923076923077
0 0.2403846153846154 0.4495192307692308 0.037259615384615384 0.06850961538461539
0 0.23798076923076922 0.4014423076923077 0.038461538461538464 0.055288461538461536
0 0.30649038461538464 0.35697115384615385 0.020432692307692308 0.051682692307692304
0 0.3449519230769231 0.4170673076923077 0.02403846153846154 0.06129807692307692
0 0.35096153846153844 0.4987980769230769 0.042067307692307696 0.09375
0 0.3473557692307692 0.3942307692307692 0.02283653846153846 0.04927884615384615
0 0.09975961538461539 0.3894230769230769 0.027644230769230768 0.07091346153846154
0 0.07211538461538461 0.38100961538461536 0.030048076923076924 0.055288461538461536
0 0.030048076923076924 0.31971153846153844 0.02403846153846154 0.055288461538461536
0 0.039663461538461536 0.30649038461538464 0.019230769230769232 0.042067307692307696