0 0.09014423076923077 0.22355769230769232 0.18028846153846154 0.2692307692307692
0 0.4254807692307692 0.0733173076923077 0.09134615384615384 0.1466346153846154
0 0.5264423076923077 0.06370192307692307 0.16826923076923078 0.12740384615384615
0 0.7067307692307693 0.07091346153846154 0.17307692307692307 0.14182692307692307
0 0.25841346153846156 0.6862980769230769 0.24278846153846154 0.4639423076923077
0 0.0625 0.5997596153846154 0.125 0.3004807692307692
0 0.4098557692307692 0.9266826923076923 0.06009615384615385 0.11778846153846154
0 0.515625 0.9603365384615384 0.11298076923076923 0.07932692307692307
0 0.4428761537156646 0.7174476512388132 0.04852717827576788 0.08226222359594373
0 0.3982638164275205 0.7564126727831486 0.01783425296610812 0.02904195282279705
0 0.5013201292860506 0.7984651527689534 0.04114775149936524 0.0773706174411187
0 0.5293001366850097 0.7885280984062264 0.03301282730607369 0.05084439590167815
0 0.5470199110820014 0.8315735589164363 0.04827534580347162 0.07505068513440527
0 0.4642284022162994 0.7940910153381141 0.03318071562093786 0.05565208820937046
0 0.4971992574436571 0.744448542513359 0.028121190840949432 0.04838460718307676
0 0.5361644608497881 0.7295779250722403 0.030525036994795585 0.048412578465454374
0 0.5508241030393192 0.7570403425060166 0.030441092837363362 0.04600873231160822
0 0.5847145144596193 0.7842789896807721 0.04089591902706884 0.0701590789795801
0 0.5959248380662137 0.7384940276281847 0.02786935836865317 0.041173068721538295
0 0.6257592250568998 0.8474774296748984 0.056242381681898865 0.09676921436615352
0 0.6539910649281553 0.8303288368506327 0.046123332121921726 0.08223425231356611
0 0.6547198574721702 0.77505436095336 0.032844938991209514 0.046036703593985845
0 0.6558111315187873 0.74380436095336 0.030189260365067236 0.03879719385006976
0 0.6919947400626276 0.7397790224869266 0.025381568057374928 0.03874125128531452
0 0.7260644774648239 0.8306916214562274 0.05358670305575645 0.08952970462223743
0 0.772378573235673 0.8806129650394445 0.06362180845830122 0.10166082052097855
0 0.7196237036260164 0.7742991363291646 0.03533272930248789 0.04846852103020961
0 0.715781369128793 0.746710848124689 0.02289377774609669 0.03630943384909075
0 0.7477448944669658 0.7259145291460878 0.022977721903528776 0.0387132800029369
0 0.8140299896796308 0.788819270675249 0.040728030712204946 0.06535138667188779
0 0.7835354870965197 0.7675482819615426 0.032844938991209785 0.046036703593985845
0 0.8024457469034026 0.7420981127283259 0.027953302526085258 0.04357691487538445
0 0.8516826209785328 0.742726624516508 0.030525036994795585 0.048412578465454374
0 0.8689521401766798 0.8674748829751096 0.06868133323828993 0.10892830154727225
0 0.9424220689780094 0.8966558501444807 0.09132327851209035 0.13802619693482454
0 0.9006791002483984 0.8190483188684664 0.04321582102348305 0.0677832041081117
0 0.8745458643129452 0.7761007578465781 0.03558456177478429 0.05568005949174794
0 0.8806966631395509 0.7375832768202846 0.032844938991209785 0.046036703593985845
0 0.9247061241198282 0.7502869619424526 0.03301282730607369 0.05084439590167815
0 0.9773389070321472 0.7568831321916837 0.030441092837363633 0.04600873231160822
0 0.9915865384615384 0.7668269230769231 0.016826923076923076 0.057692307692307696
0 0.9678608763199426 0.8218708921926626 0.04047619823990855 0.05813984821034947