0 0.6129807692307693 0.640625 0.03125 0.04807692307692308
0 0.5949519230769231 0.7800480769230769 0.051682692307692304 0.08052884615384616
0 0.7223557692307693 0.8004807692307693 0.06971153846153846 0.09014423076923077
0 0.8269230769230769 0.7403846153846154 0.04326923076923077 0.06370192307692307
0 0.9050480769230769 0.7704326923076923 0.057692307692307696 0.09134615384615384
0 0.5180288461538461 0.7980769230769231 0.054086538461538464 0.07211538461538461
0 0.5492788461538461 0.7752403846153846 0.038461538461538464 0.06009615384615385
0 0.41947115384615385 0.8004807692307693 0.04927884615384615 0.06009615384615385
0 0.44350961538461536 0.7788461538461539 0.038461538461538464 0.046875
0 0.3641826923076923 0.7884615384615384 0.04807692307692308 0.046875
0 0.3269230769230769 0.7728365384615384 0.036057692307692304 0.04447115384615385
0 0.13341346153846154 0.8317307692307693 0.09615384615384616 0.12980769230769232
0 0.18509615384615385 0.8028846153846154 0.052884615384615384 0.078125