0 0.14302884615384615 0.3581730769230769 0.078125 0.1201923076923077
0 0.4050480769230769 0.5192307692307693 0.026442307692307692 0.039663461538461536
0 0.43149038461538464 0.5240384615384616 0.021634615384615384 0.039663461538461536
0 0.44471153846153844 0.5324519230769231 0.026442307692307692 0.05048076923076923
0 0.4795673076923077 0.5264423076923077 0.030048076923076924 0.05048076923076923
0 0.5288461538461539 0.5276442307692307 0.021634615384615384 0.037259615384615384
0 0.5432692307692307 0.53125 0.021634615384615384 0.04807692307692308
0 0.5600961538461539 0.5228365384615384 0.027644230769230768 0.05889423076923077
0 0.5889423076923077 0.5576923076923077 0.03365384615384615 0.05889423076923077
0 0.6466346153846154 0.5372596153846154 0.04567307692307692 0.07211538461538461
0 0.6838942307692307 0.5649038461538461 0.039663461538461536 0.07451923076923077
0 0.7403846153846154 0.5829326923076923 0.051682692307692304 0.07211538461538461
0 0.7944711538461539 0.5829326923076923 0.05048076923076923 0.07211538461538461
0 0.7824519230769231 0.5384615384615384 0.042067307692307696 0.05889423076923077
0 0.7307692307692307 0.5372596153846154 0.03365384615384615 0.04567307692307692
0 0.7115384615384616 0.5096153846153846 0.020432692307692308 0.03245192307692308
0 0.7295673076923077 0.49759615384615385 0.018028846153846152 0.03485576923076923
0 0.7752403846153846 0.4951923076923077 0.026442307692307692 0.039663461538461536
0 0.8149038461538461 0.4963942307692308 0.018028846153846152 0.037259615384615384
0 0.8016826923076923 0.5024038461538461 0.020432692307692308 0.039663461538461536
0 0.8521634615384616 0.5408653846153846 0.03245192307692308 0.042067307692307696
0 0.8521634615384616 0.5048076923076923 0.02403846153846154 0.039663461538461536
0 0.8629807692307693 0.5985576923076923 0.05048076923076923 0.0829326923076923
0 0.9038461538461539 0.5444711538461539 0.036057692307692304 0.06370192307692307
0 0.9675480769230769 0.5901442307692307 0.057692307692307696 0.09375
0 0.9423076923076923 0.5769230769230769 0.039663461538461536 0.07211538461538461
0 0.9447115384615384 0.5144230769230769 0.026442307692307692 0.04807692307692308
0 0.9627403846153846 0.4963942307692308 0.021634615384615384 0.042067307692307696
0 0.9399038461538461 0.48677884615384615 0.027644230769230768 0.039663461538461536
0 0.921875 0.47475961538461536 0.015625 0.042067307692307696
0 0.875 0.5024038461538461 0.018028846153846152 0.028846153846153848
0 0.9903846153846154 0.49158653846153844 0.015625 0.03485576923076923