0 0.014423076923076924 0.41225961538461536 0.028846153846153848 0.06009615384615385
0 0.01201923076923077 0.35096153846153844 0.02403846153846154 0.04807692307692308
0 0.07199110794362905 0.4312572069730051 0.03836322797419825 0.059456031033563846
0 0.08876887577688194 0.45934747938719206 0.04655588764831009 0.07185320251877823
0 0.14827635689549185 0.44898643495912466 0.02997434405757173 0.04465501339450357
0 0.16105769230769232 0.47716346153846156 0.04807692307692308 0.04567307692307692
0 0.22716346153846154 0.47596153846153844 0.036057692307692304 0.04807692307692308
0 0.2980769230769231 0.49158653846153844 0.038461538461538464 0.016826923076923076
0 0.46153846153846156 0.3557692307692308 0.17307692307692307 0.28846153846153844
0 0.5204326923076923 0.8329326923076923 0.055288461538461536 0.13221153846153846
0 0.39783653846153844 0.9819711538461539 0.0985576923076923 0.036057692307692304
0 0.6177884615384616 0.5685096153846154 0.13942307692307693 0.13701923076923078
0 0.7800480769230769 0.5228365384615384 0.08413461538461539 0.04567307692307692
0 0.9013424102763044 0.6356403489559911 0.1621363305432744 0.19758864071217672