1 0.16706730769230768 0.43028846153846156 0.07932692307692307 0.038461538461538464
1 0.2039595599290695 0.26480470201855366 0.06543847674743351 0.07466206446316029
1 0.6237980769230769 0.04807692307692308 0.07932692307692307 0.09615384615384616
1 0.7711080579690637 0.14717543474779035 0.05381104287786046 0.08378770295397277
1 0.8849969026020126 0.1353113081028156 0.04061642140965628 0.054451802983246506
0 0.41955064387115415 0.6731443568892944 0.06622207054674908 0.09389283369392952
0 0.3181932183665157 0.7266350197144619 0.08653028125157729 0.12111873518555263
0 0.2576603831516891 0.6592742626508701 0.06372027516798849 0.09139103831516894
0 0.18990384615384615 0.9254807692307693 0.24519230769230768 0.14903846153846154
0 0.056935139162093036 0.7264452029253718 0.07931874279003868 0.12082488751080935
0 0.06598936080594062 0.682735200644026 0.06813617057602296 0.08197155214961317
0 0.07318254717641373 0.5933521214396034 0.04302026756350244 0.05454975220816093
0 0.11846382719983287 0.5818757015508442 0.03281718759863112 0.039734878385426296
0 0.01201923076923077 0.5276442307692307 0.02403846153846154 0.036057692307692304
0 0.03911446188840225 0.5550109744374869 0.028107444515853376 0.041942826089443594
0 0.038504324304408075 0.5104908459788757 0.018002313775896485 0.029531798420554978
0 0.06568125118357411 0.527442250658663 0.023005904533417647 0.034535389178076144
0 0.07176637355859641 0.4995041722146889 0.020602058379571495 0.034437439953161716
0 0.10085740046703642 0.5043383969003309 0.017904364550982058 0.02712795226670896
0 0.13566419508534844 0.5017162100621483 0.01780641532606763 0.02472410611286267
0 0.10242458806566755 0.5427999353618694 0.025605649137092658 0.039441030710683014
0 0.12364496431611768 0.5022059561867205 0.01299872301837532 0.024528207663033676
0 0.16240035045239942 0.5078503070496279 0.02030821070482821 0.027225901491623253
0 0.19448291886417218 0.5270096594334324 0.02030821070482821 0.027225901491623253
0 0.20341265890515567 0.5097909394568515 0.015598467622050331 0.02943384919564055
0 0.2160950920142801 0.49603106487366816 0.018100263000810912 0.03193564457440113
0 0.23390150734034768 0.5193838818377285 0.020602058379571495 0.034437439953161716
0 0.23848676882026137 0.5432754195388184 0.020406159929742637 0.029629747645469544
0 0.24957548195280488 0.5199491349527077 0.01780641532606763 0.02472410611286267
0 0.2802602288378257 0.5343497696412771 0.022810006083588793 0.02972769687038397
0 0.2828865058194504 0.5101643842654439 0.01780641532606763 0.02472410611286267
0 0.2995175304465446 0.5046710473833504 0.01309667224328975 0.026932053816879832
0 0.29608112728765457 0.5385207919870255 0.023005904533417647 0.034535389178076276
0 0.30495780257273875 0.5790923289276667 0.023201802983246502 0.03934308148576859
0 0.32738010190011185 0.5384493751400607 0.018100263000810912 0.03193564457440113
0 0.33241022503558276 0.514166040539313 0.020504109154657064 0.032033593799315696
0 0.35220215723788895 0.5567006521216855 0.025605649137092658 0.039441030710683014
0 0.35583036870316576 0.5866507798198479 0.022810006083588793 0.029727696870383832
0 0.3777363895280169 0.5628837237216222 0.018002313775896485 0.029531798420554978
0 0.3729062549858171 0.532982570635917 0.020504109154657064 0.032033593799315696
0 0.37207368657404427 0.5125498783282247 0.015598467622050331 0.02943384919564055
0 0.42117907651256903 0.5358312784453203 0.020602058379571495 0.03443743995316185
0 0.43039857408485377 0.5848162769244231 0.025409750687264074 0.0346333384029907
0 0.44941100263128647 0.5491279392818811 0.017904364550982058 0.027127952266708825
0 0.4643728002913929 0.5617613977785483 0.023005904533417647 0.034535389178076276
0 0.4835545949097049 0.5597758809023096 0.017904364550982058 0.027127952266708825
0 0.49759615384615385 0.5516826923076923 0.02403846153846154 0.04567307692307692
0 0.5024038461538461 0.5264423076923077 0.014423076923076924 0.028846153846153848
1 0.8004807692307693 0.6117788461538461 0.30288461538461536 0.3245192307692308