0 0.12740384615384615 0.47596153846153844 0.042067307692307696 0.08173076923076923
0 0.16706730769230768 0.5408653846153846 0.054086538461538464 0.09134615384615384
0 0.22355769230769232 0.5661057692307693 0.06009615384615385 0.09735576923076923
0 0.24759615384615385 0.49399038461538464 0.042067307692307696 0.08533653846153846
0 0.3425480769230769 0.47596153846153844 0.038461538461538464 0.06971153846153846
0 0.3269230769230769 0.6225961538461539 0.07451923076923077 0.13581730769230768
0 0.4495192307692308 0.6814903846153846 0.08413461538461539 0.15144230769230768
0 0.5709134615384616 0.8725961538461539 0.10576923076923077 0.21754807692307693
0 0.7632211538461539 0.7067307692307693 0.06971153846153846 0.11298076923076923
0 0.8112980769230769 0.6322115384615384 0.0625 0.11057692307692307
0 0.859375 0.5709134615384616 0.054086538461538464 0.09495192307692307
0 0.9122596153846154 0.5516826923076923 0.04447115384615385 0.07572115384615384
0 0.9122596153846154 0.5120192307692307 0.03245192307692308 0.054086538461538464
0 0.9375 0.4951923076923077 0.027644230769230768 0.056490384615384616
0 0.9254807692307693 0.46634615384615385 0.03245192307692308 0.056490384615384616
0 0.9435096153846154 0.4483173076923077 0.021634615384615384 0.05048076923076923
0 0.9519230769230769 0.49038461538461536 0.039663461538461536 0.06009615384615385
0 0.8894230769230769 0.42908653846153844 0.015625 0.037259615384615384
0 0.8653846153846154 0.45072115384615385 0.026442307692307692 0.037259615384615384
0 0.8377403846153846 0.4326923076923077 0.020432692307692308 0.037259615384615384
0 0.8052884615384616 0.4387019230769231 0.021634615384615384 0.04447115384615385
0 0.7956730769230769 0.4206730769230769 0.020432692307692308 0.040865384615384616
0 0.7572115384615384 0.43509615384615385 0.026442307692307692 0.056490384615384616
0 0.7151442307692307 0.42427884615384615 0.021634615384615384 0.040865384615384616
0 0.7139423076923077 0.40024038461538464 0.020432692307692308 0.03125
0 0.6694711538461539 0.41586538461538464 0.02403846153846154 0.04447115384615385
0 0.6382211538461539 0.41466346153846156 0.02403846153846154 0.046875
0 0.625 0.41947115384615385 0.026442307692307692 0.04447115384615385
0 0.578125 0.4326923076923077 0.020432692307692308 0.04447115384615385
0 0.5324519230769231 0.4375 0.02403846153846154 0.046875
0 0.4723557692307692 0.4375 0.027644230769230768 0.054086538461538464
0 0.4014423076923077 0.4579326923076923 0.036057692307692304 0.06971153846153846