0 0.026442307692307692 0.109375 0.052884615384615384 0.0985576923076923
0 0.11119992345819574 0.12259615384615384 0.06893521379100317 0.07692307692307693
0 0.14928352120375074 0.11538461538461539 0.07285082280878322 0.10576923076923077
0 0.22821717113576406 0.17668269230769232 0.16757799986021998 0.2620192307692308
0 0.30446268917513086 0.09495192307692307 0.08221424694684551 0.10096153846153846
0 0.3980560440786172 0.22956730769230768 0.2145006575506242 0.3317307692307692
0 0.46457552969286453 0.07692307692307693 0.07753253487781436 0.10336538461538461
0 0.5192307692307693 0.0829326923076923 0.07692307692307693 0.1658653846153846
0 0.6490384615384616 0.3737980769230769 0.15384615384615385 0.18990384615384615
0 0.8922644035062206 0.30649038461538464 0.21147713182275643 0.27403846153846156
0 0.47836538461538464 0.5997596153846154 0.15865384615384615 0.2620192307692308
0 0.9855769230769231 0.9723557692307693 0.028846153846153848 0.040865384615384616
0 0.9074519230769231 0.9867788461538461 0.036057692307692304 0.026442307692307692
0 0.9247179869867691 0.9807692307692307 0.03326568381857861 0.038461538461538464
0 0.8233173076923077 0.9879807692307693 0.026442307692307692 0.02403846153846154