0 0.65625 0.5372596153846154 0.07692307692307693 0.12259615384615384
0 0.7259615384615384 0.5396634615384616 0.13942307692307693 0.11778846153846154
0 0.6525073558759681 0.4168084464029522 0.05317719502240719 0.06982729708091544
0 0.9098557692307693 0.5264423076923077 0.14182692307692307 0.14423076923076922
0 0.11202420777483948 0.6877638425002319 0.045601351421905564 0.06464166405723978
0 0.15926351291380259 0.6854127648464322 0.06905749250133666 0.0898139477436515
0 0.20125767569666236 0.7045073322192561 0.10212901819615244 0.11549015238470818
0 0.2585483960911446 0.760604443689731 0.13851515289222233 0.15331156803365678
0 0.20073056877178708 0.6477649871265493 0.047458739867307025 0.05755610583436234
0 0.24456418862475537 0.6585090830802423 0.0500447385906347 0.06008593222686966
0 0.28266142194733074 0.665332459206513 0.05281288988344402 0.06501960477322313
0 0.2800480769230769 0.6237980769230769 0.040865384615384616 0.05048076923076923
0 0.31851903031024864 0.6539380188209459 0.04782304500627013 0.06236379814205465
0 0.36801589178416205 0.6854927477983146 0.08992763485744003 0.1124564050375562
0 0.3545673076923077 0.6177884615384616 0.05048076923076923 0.038461538461538464
0 0.40625 0.6370192307692307 0.0673076923076923 0.07692307692307693
0 0.4828167673014704 0.7470172311505034 0.14514437089473034 0.1776019900494405
0 0.4375 0.6081730769230769 0.04326923076923077 0.019230769230769232
0 0.515625 0.6370192307692307 0.07932692307692307 0.07692307692307693
0 0.4879807692307692 0.6069711538461539 0.04807692307692308 0.016826923076923076
0 0.5841346153846154 0.609375 0.057692307692307696 0.021634615384615384
0 0.6021634615384616 0.6213942307692307 0.03125 0.04567307692307692
0 0.5889423076923077 0.6911057692307693 0.057692307692307696 0.15625
1 0.7791467290013023 0.9109384832822988 0.09378870156713887 0.1318131545069866
1 0.8995764027972466 0.8822557457459261 0.062028106609279786 0.09183985318151432
1 0.9819711538461539 0.8701923076923077 0.036057692307692304 0.0625