1 0.5195260722834749 0.28719317485926826 0.20654770115299106 0.2548927860692167
1 0.9567307692307693 0.3762019230769231 0.08653846153846154 0.2620192307692308
1 0.7019230769230769 0.05889423076923077 0.14423076923076922 0.11778846153846154
0 0.3161057692307692 0.8858173076923077 0.06490384615384616 0.11778846153846154
0 0.22093808663860307 0.7898592031097209 0.05742097571239299 0.08197250808880738
0 0.12129724650242049 0.9090641121313077 0.0959119354746436 0.13902469296852507
0 0.12792416914422985 0.7933594353403973 0.08242053969415931 0.12156786869829617
0 0.05995612767385957 0.7275839491352072 0.08157930254487158 0.11195248408291156
0 0.10741792358475716 0.6546973506589294 0.05501712955854684 0.0818465278501462
0 0.21211980722143797 0.716415915178752 0.05459651098390294 0.0770388355424539
0 0.2139232368596147 0.6686539426984818 0.05333465525997137 0.06261575861937697
0 0.2857084468936603 0.6413093300969777 0.03368326745455837 0.0568002244023955
0 0.3191361830642443 0.7088638720723502 0.039332196911538345 0.06666756949510244
0 0.3161057692307692 0.7884615384615384 0.06490384615384616 0.10096153846153846
0 0.3231478602193013 0.6863422842074646 0.035876804321082506 0.05452235848721037
0 0.07572115384615384 0.6310096153846154 0.04567307692307692 0.06490384615384616
0 0.04807692307692308 0.6201923076923077 0.04326923076923077 0.04326923076923077
0 0.5480769230769231 0.9375 0.25961538461538464 0.125
0 0.7620192307692307 0.9627403846153846 0.13942307692307693 0.07451923076923077
0 0.7903804732113954 0.8805243476661482 0.13647656680940137 0.16507883832556508
0 0.7305398506492159 0.866620524126642 0.0976848537665239 0.13193913474564775
0 0.96875 0.9483173076923077 0.0625 0.10336538461538461
0 0.4632029550499282 0.7784324374626758 0.09747454447920202 0.1295352885918016
0 0.390625 0.7608173076923077 0.08413461538461539 0.12259615384615384
0 0.3911485931271364 0.6933002017880553 0.04957850938888875 0.07438302891128543