0 0.10216346153846154 0.14423076923076922 0.20432692307692307 0.28846153846153844
0 0.8978365384615384 0.5661057692307693 0.08413461538461539 0.04567307692307692
0 0.8329326923076923 0.5612980769230769 0.055288461538461536 0.055288461538461536
0 0.7007211538461539 0.5576923076923077 0.06009615384615385 0.0625
0 0.5384615384615384 0.5588942307692307 0.057692307692307696 0.06009615384615385
0 0.4480348898589274 0.43211393608200493 0.020154154962522187 0.027674671380299314
0 0.4786553086781868 0.4481401912428646 0.017666364651243945 0.025116779765454293
0 0.488858302395596 0.43069708632194575 0.015430406812261967 0.029770426612147596
0 0.5013811981094193 0.41550378209387406 0.015514350969694054 0.03217427276599375
0 0.5174106516907375 0.4372620023284198 0.018002141280972293 0.03473216438083891
0 0.522622797579748 0.4597134271374609 0.020238099119954275 0.03007851753414547
0 0.5342795468463767 0.43498176102450403 0.015262518497397792 0.024962734304455288
0 0.563823958824861 0.447479269685094 0.022641945273800427 0.03023256299514447
0 0.5682691696299511 0.42320973995513406 0.015262518497397792 0.024962734304455288
0 0.5841040300235314 0.41619882907402544 0.012942616500983726 0.02721253499730244
0 0.580524965665636 0.45000672068887054 0.02040598743481845 0.034886209841837774
0 0.5899571947603143 0.48897697765283676 0.020489931592250536 0.037290055995684065
0 0.6118169377443521 0.44680220661896103 0.015514350969694054 0.03217427276599375
0 0.6175060437050812 0.42125373108157854 0.017918197123540206 0.03232831822699275
0 0.636427741178996 0.4632135754323182 0.022977721903528776 0.03984794761052909
0 0.6401861315187873 0.4929535614333972 0.020238099119954275 0.03007851753414547
0 0.6615002374795165 0.46640379039952146 0.015430406812261967 0.029770426612147596
0 0.6564979519840861 0.43794275020586504 0.017918197123540206 0.03232831822699275
0 0.6572114773222588 0.41751005789817275 0.015430406812261967 0.029770426612147596
0 0.7045329029822932 0.436063764062809 0.018002141280972293 0.03473216438083891
0 0.7148732506028822 0.48337045983473725 0.0228098335886646 0.03504025530283678
0 0.7329593360412865 0.44623444930005224 0.015346462654830017 0.027366580458301443
0 0.7481646152541261 0.4572523845727898 0.02040598743481845 0.034886209841837774
0 0.7674793286423274 0.453616174730952 0.01775030880867617 0.027520625919300448
0 0.786961930345393 0.4451722725814219 0.025633400529671328 0.047213531533066413
0 0.790247190152276 0.41977784250503836 0.013026560658415813 0.029616381151148594
0 0.814018552012599 0.460227672856857 0.015178574339965568 0.022558888150609135
0 0.8390910483131194 0.4634178878240603 0.02048993159225067 0.037290055995684065
0 0.8097564967282154 0.4449107637788549 0.015262518497397792 0.024962734304455288
1 0.07932692307692307 0.6574519230769231 0.125 0.13701923076923078
1 0.3605769230769231 0.6346153846153846 0.1346153846153846 0.09134615384615384
0 0.43990384615384615 0.6346153846153846 0.02403846153846154 0.09134615384615384
0 0.5252860843341117 0.6378272683079186 0.0559905492096026 0.09233130783428468
0 0.7704326923076923 0.6177884615384616 0.1466346153846154 0.057692307692307696