0 0.5820182065487076 0.2636126105007687 0.06543768073561938 0.10606336876691991
0 0.6562098239837593 0.2996455268205431 0.0805602054528914 0.13127917576046938
0 0.5808420071253674 0.18197995339125678 0.0354024656393339 0.06284329324135918
0 0.5626953819756005 0.21766977483575484 0.04275389365971135 0.06823965827659552
0 0.5447143700382555 0.17663274359969064 0.03780631179318005 0.06303951748387385
0 0.5875546833948424 0.0830052349767001 0.032439061250131636 0.04341629976807527
0 0.6196440207478765 0.11440230397554461 0.02034988570148144 0.04003133240165587
0 0.6346616282960191 0.13601234173832497 0.02007010658380332 0.030415947786271255
0 0.6480226717010121 0.14189926737984793 0.019860272245544763 0.023204409324732795
0 0.661523604664844 0.1525938853290632 0.020209996142642312 0.03522364009396357
0 0.6883506086439589 0.16797350584287848 0.030314994213963605 0.052835460140945346
0 0.7392860189409551 0.18771921493568655 0.03780631179318005 0.06303951748387385
0 0.7744915120688217 0.20258369722138006 0.03292867470606818 0.06024322284499835
0 0.8103393700382556 0.19831552239756162 0.04784136508508178 0.07824749137700948
0 0.8528613187967901 0.21737444664156838 0.04296372799796991 0.07545119673813397
0 0.9257460959857894 0.24970348160931607 0.06536773595619995 0.10365952261307362
0 0.984375 0.25961538461538464 0.03125 0.125
0 0.9939903846153846 0.18870192307692307 0.01201923076923077 0.06490384615384616
0 0.9939903846153846 0.15865384615384615 0.01201923076923077 0.052884615384615384
0 0.9879807692307693 0.13581730769230768 0.02403846153846154 0.040865384615384616
0 0.9351994804794166 0.20371149070063213 0.0376664222343412 0.05823182517618154
0 0.8714625850127837 0.19730962519707027 0.035122686521655774 0.0532279086259747
0 0.8196178925833342 0.1463139161042622 0.030384938993383032 0.0552393062947915
0 0.7952297071477751 0.1323324429098848 0.02034988570148144 0.04003133240165587
0 0.7585646223882254 0.1497236594585997 0.022753731855327593 0.04022755664417055
0 0.735588194367848 0.14305183684701803 0.022613842296488464 0.035419864336478105
0 0.709320748624089 0.14690298556397205 0.020279940922061875 0.03762748624780972
0 0.6545697347580652 0.1196514016458535 0.020000161804383892 0.028012101632425103
0 0.8464577583892404 0.12092626412395013 0.01773620520937673 0.0326235696976026
0 0.9102296262455831 0.12853005270443507 0.022753731855327322 0.04022755664417055
0 0.8886299832506773 0.12796595759872614 0.020279940922061875 0.03762748624780972
0 0.06916325151710723 0.7153154806577445 0.06219449722873914 0.07702099067825138
0 0.1566938017942333 0.7152661270479915 0.05477312442894212 0.0692207794891689
0 0.1298446872522 0.657917310963126 0.0374565878960825 0.051020286714643086
0 0.2058106478263221 0.6725118361407996 0.03533252085991433 0.06043944708751316
0 0.24474893791700575 0.7332456195920847 0.05271900217219351 0.081043786015885
0 0.28216130468725154 0.7003275151646271 0.032648895588390195 0.05062783822961373
0 0.2749976004422142 0.6601734930198789 0.032439061250131636 0.04341629976807527
0 0.28786903039127054 0.6492334955844788 0.02763136894243933 0.043023851283045915
0 0.32619067929397 0.6475653911570212 0.027841203280697887 0.05023538974458438
0 0.3499015274982523 0.6794775983839875 0.03024504943454404 0.050431613987099194
0 0.35037827912739744 0.7370717939550379 0.0503151560183475 0.08084756177337045
0 0.4287609476821572 0.7110952708810989 0.04275389365971149 0.06823965827659552
0 0.4087607858777733 0.6830831692486738 0.02777125850127832 0.047831543590738226
0 0.3743725195400224 0.6550956452380838 0.02268378707590803 0.03782371049032426
0 0.3777592056964061 0.5654419750751397 0.020209996142642312 0.03522364009396357
0 0.4230568350688027 0.6386855499019423 0.027631368942439467 0.043023851283045915
0 0.45351171884160524 0.6963287023505799 0.032648895588390195 0.05062783822961373
0 0.44298705209376704 0.6642938053805211 0.020209996142642312 0.03522364009396357
0 0.4604213676225473 0.6453327948916889 0.022613842296488464 0.03541986433647824
0 0.48388740909886135 0.6688315405801937 0.020419830480900868 0.04243517855550202
0 0.433712142639353 0.5927916711145156 0.02007010658380332 0.03041594778627119
0 0.5190249800021066 0.7932680405727334 0.02770131372185876 0.045427697436892074
0 0.5602493372507157 0.8913595515298911 0.06903058813959717 0.1471249776248192
0 0.5551875894789281 0.7998171734412226 0.03292867470606818 0.06024322284499835
0 0.5754803922277815 0.796677387194905 0.03533252085991433 0.060439447087512886
0 0.6115031121457639 0.7984188277557019 0.030035215096285484 0.04322007552556073
0 0.6393829009068361 0.7263524000179046 0.025227522788593176 0.042827627040531106
0 0.6381773647392486 0.8497580284559523 0.053208615628130056 0.09787070909280807
0 0.6807471477142842 0.8292516032827547 0.04777142030566221 0.07584364522316332
0 0.7007211538461539 0.9326923076923077 0.10817307692307693 0.1346153846153846
0 0.7197553825843873 0.8923892328878859 0.06784152688946567 0.10625959300943431
0 0.72143767038112 0.8265778000208888 0.03547241041875346 0.06524713939520546
0 0.7392217098069979 0.8196360203012871 0.030594773331641588 0.06245084475632996
0 0.7672028026465347 0.874679102353564 0.053068726069290924 0.09306301678511576
0 0.7805067630988997 0.8373949093471136 0.03547241041875346 0.0652471393952052
0 0.8054323962068963 0.82863795620121 0.030454883772802734 0.05764315244863765
0 0.8267172876944142 0.8183847436146111 0.030454883772802734 0.05764315244863765
0 0.8818180254575356 0.8576555583019605 0.045297629372396495 0.07324357482680235
0 0.9185623037326316 0.9254046559722693 0.08000064721753529 0.11204840652970013
0 0.9543269230769231 0.9699519230769231 0.09134615384615384 0.06009615384615385
0 0.9814248894565206 0.9017584445527541 0.033068564264907306 0.06505091515269065
0 0.9684963765548361 0.8695273233401809 0.03512268652165591 0.05322790862597442
0 0.9347725856215704 0.8643763377911292 0.04982554256241082 0.06402063869644738
0 0.9951923076923077 0.8846153846153846 0.009615384615384616 0.0625
0 0.8950520411304809 0.8179675191416638 0.03526257608049504 0.058035600933667005