0 0.025240384615384616 0.010817307692307692 0.05048076923076923 0.021634615384615384
0 0.10998311909363089 0.49556117038591635 0.10551917335846038 0.19353379627428452
0 0.14968769549034483 0.39246574287855157 0.09059261335258657 0.14908722004996597
0 0.38017805550111355 0.4530532507953238 0.10543525951132765 0.18632225781274606
0 0.3861029149732821 0.3418876549908567 0.07602968001762155 0.13589064382564714
0 0.984375 0.29447115384615385 0.03125 0.09375
0 0.3137019230769231 0.9603365384615384 0.11298076923076923 0.07932692307692307
0 0.23481192313810906 0.8898410948603559 0.05626745642167782 0.0886477729624528
0 0.18409339800713018 0.8735291116454716 0.04148075282769197 0.056220427507364744
0 0.1693486513367108 0.8470622263313288 0.026917819492726956 0.043023851283045915
0 0.22944480518286464 0.842156620268462 0.026917819492726956 0.043023851283045915
0 0.26462224416097635 0.8669555995212301 0.02691781949272709 0.043023851283045915
0 0.31173500006118604 0.8835619190998864 0.041620609239579935 0.06823965827659552
0 0.36646487801740946 0.9344353351817679 0.07099821745090842 0.11626742610984855
0 0.3694552790358713 0.8812563834333804 0.056183542574544956 0.08143623450091433
0 0.3377577385178296 0.8453457601245328 0.03183739692992974 0.053031684383459884
0 0.3732699908191585 0.7955273964868126 0.02451397333888094 0.04282762704053138
0 0.4247437405743328 0.876743225855543 0.031725511800419395 0.04341629976807527
0 0.40874112826223513 0.8455667603549653 0.026861876927971852 0.03821615897535361
0 0.4472306380061512 0.8448310186285768 0.024430059491748077 0.03561608857899291
0 0.5024038461538461 0.8834134615384616 0.014423076923076924 0.040865384615384616
0 0.5012019230769231 0.8605769230769231 0.016826923076923076 0.03365384615384615
0 0.5456730769230769 0.8016826923076923 0.07211538461538461 0.19951923076923078
0 0.6699911487660817 0.7526749934583634 0.14403665438475408 0.20148107646221164
0 0.9123329118518156 0.7978583032394853 0.14669224207999867 0.2233119160893417
0 0.9471153846153846 0.8942307692307693 0.10576923076923077 0.21153846153846154