0 0.13341346153846154 0.234375 0.06971153846153846 0.12740384615384615
0 0.5481956900145796 0.1640597815786173 0.012690996373284892 0.015263543412782628
0 0.7680389660848412 0.1981261842687911 0.025381992746569784 0.030527086825565257
0 0.9951923076923077 0.16346153846153846 0.009615384615384616 0.028846153846153848
0 0.9915865384615384 0.31850961538461536 0.016826923076923076 0.06009615384615385
0 0.9879807692307693 0.2692307692307692 0.02403846153846154 0.052884615384615384
0 0.9939903846153846 0.2283653846153846 0.01201923076923077 0.038461538461538464
0 0.9799726048196818 0.24359822119406657 0.02823368263645202 0.040310564738890844
0 0.919375940697835 0.2888340315559205 0.04584433225143796 0.058314140901401856
0 0.935725372841546 0.25151563951366984 0.028345643570460766 0.042714410892737004
0 0.9458149344627953 0.23513421967293466 0.02297814659272363 0.030358993527624004
0 0.9113510285010574 0.24598503403154262 0.02845760450447006 0.045118257046583156
0 0.8718555083636095 0.2523643426783405 0.025493953680578805 0.03293093297941127
0 0.8543568196826323 0.23911791884085146 0.030749489724306918 0.04288250419067825
0 0.8187173239138 0.22472834858407478 0.023090107526732375 0.03276283968147016
0 0.737105143471735 0.3365489380791863 0.06334302093241516 0.07391387091006671
0 0.7094016183081521 0.28542930232295277 0.038632793789899506 0.05780986100757838
0 0.7340821982534915 0.2716450919253401 0.04299264236155573 0.04853066298807626
0 0.7158557635014559 0.2427736680878511 0.02549395368057853 0.03293093297941127
0 0.647708364188696 0.2294514342763567 0.030301645988270974 0.03326711957529364
0 0.6182497391328402 0.27009818561112975 0.035669142966008385 0.04562253694040663
0 0.6170181688587412 0.24365587791882207 0.022866185658714608 0.027955147373777852
0 0.5732187806166413 0.2611886808538099 0.028009760768433842 0.03550287243119854
0 0.5417481726759709 0.3104169870249858 0.045956293185446986 0.06071798705524801
0 0.47595195297740023 0.3475755224442605 0.06127505758059607 0.0809573160736642
0 0.46009971718203463 0.29200965096755216 0.04539648851540189 0.04869875628601724
0 0.5024436132820173 0.2432268480325643 0.030861450658316077 0.045286350344524405
0 0.5212825192437549 0.23346864011057372 0.025717875548596707 0.037738625287103714
0 0.5513865766338364 0.23256939696323262 0.02297814659272363 0.030358993527624004
0 0.5631259050680446 0.2257193150889116 0.01794653241701328 0.02521511462404947
0 0.4417876547658184 0.2354099497118618 0.027897799834424822 0.03309902627735239
0 0.45811075363970094 0.22341598893396616 0.022866185658714608 0.027955147373777852
0 0.3994964252054926 0.2335438901181393 0.028009760768433842 0.03550287243119854
0 0.3703440357544878 0.2548758255731726 0.030301645988270974 0.0332671195752935
0 0.31072868676889365 0.34707068258399715 0.06585882802027034 0.07648581036185384
0 0.3056377781988312 0.2895464681896307 0.040588796207709714 0.04836256969013501
0 0.33006478907897674 0.2444282111430474 0.025381992746569645 0.030527086825565257
0 0.3255633323761354 0.22544958185918992 0.022866185658714473 0.027955147373777852
0 0.29562721638706746 0.2299545942373002 0.022866185658714542 0.027955147373777852
0 0.2781581749032664 0.2432345247410894 0.027897799834424822 0.03309902627735239
0 0.23173101863930243 0.25612772866632605 0.0352212992299723 0.03600715232502202
0 0.20490016160531077 0.3014140790108503 0.04310460329556482 0.050934509141922144
0 0.22214196729374625 0.23147567059373547 0.020350378570859366 0.025383207921990582
0 0.17908653846153846 0.25721153846153844 0.021634615384615384 0.03365384615384615
0 0.17427884615384615 0.23317307692307693 0.01201923076923077 0.028846153846153848
0 0.19318385251358342 0.2310889440151829 0.02046233950486835 0.027787054075836738
0 0.036057692307692304 0.5625 0.07211538461538461 0.10576923076923077
0 0.18269230769230768 0.8701923076923077 0.028846153846153848 0.15384615384615385
0 0.23987102754848433 0.5551967381809658 0.0561314824708767 0.07340959101624336
0 0.3125331392734759 0.7949007436988516 0.08900822994135502 0.16196517212999842
0 0.37823710345317085 0.6263123596501086 0.06043866450287606 0.1144430689295691
0 0.36177884615384615 0.5432692307692307 0.055288461538461536 0.0673076923076923
0 0.530766059361045 0.5613838034713672 0.05965493796481306 0.09761614585264602
0 0.4690564137538032 0.6862827235060267 0.06915836164618866 0.09588467289056432
0 0.4404441235577102 0.8486598922059129 0.08923215180937305 0.1667728644376907
0 0.4963942307692308 0.9266826923076923 0.1466346153846154 0.1466346153846154
0 0.6768344203698724 0.8755400264258834 0.09873557549074864 0.165041391475609
0 0.5983109292461457 0.7688880258592417 0.08067708213972634 0.13742243069771354
0 0.6535927629299121 0.6613203087953288 0.075645467964016 0.13227855179413886
0 0.6153846153846154 0.5324519230769231 0.04326923076923077 0.04567307692307692
0 0.5564903846153846 0.5252403846153846 0.04567307692307692 0.03125
0 0.6790865384615384 0.5264423076923077 0.040865384615384616 0.03365384615384615
0 0.7129841900474883 0.5643177594768118 0.05976689889882181 0.10001999200649217
0 0.7749836797717952 0.6009808116436682 0.07530958516198893 0.12506701333260045
0 0.9525324123543835 0.5813303691344861 0.07050189285429663 0.12473082673671823
0 0.9038461538461539 0.5372596153846154 0.04807692307692308 0.055288461538461536
0 0.85142926576166 0.5594600871528891 0.051435751097193415 0.07547725057420723
0 0.8270911964730427 0.6841574072233071 0.07072581472231466 0.12953851904441047
0 0.7872927546580913 0.7617023173554783 0.08945607367739108 0.17158055674538303