0 0.7198377203870887 0.29536657154932333 0.04591385984192087 0.06565911338631708
0 0.7446863081028157 0.3054225287169826 0.048513604445595875 0.07050876498470214
0 0.8056415627386919 0.3149059521681114 0.06411207206764621 0.09960667457501306
0 0.8395178397203167 0.33955282342161897 0.06891976437533852 0.09969059315639871
0 0.8882089905246761 0.3548360658038989 0.09943105504503791 0.14105948926009731
0 0.9615384615384616 0.4050480769230769 0.07692307692307693 0.18028846153846154
1 0.037259615384615384 0.6670673076923077 0.07451923076923077 0.15625
1 0.21967852611939057 0.6808454751472741 0.10252054577328533 0.15792837162771314
1 0.35407147990699656 0.6591357542422648 0.051211298274185454 0.07776226273693357
0 0.4254807692307692 0.6826923076923077 0.03365384615384615 0.08653846153846154
0 0.4879155411533921 0.7366733241725651 0.07279284890290136 0.1357902447547839
0 0.5689076010538608 0.6971925961500438 0.08559567347144782 0.15523081043901718
0 0.654831834864886 0.6842590740465625 0.06499361509187633 0.12124128995962845
0 0.7462004309455472 0.6557844705244668 0.06680976589623591 0.10686017232724428
0 0.7819418333439889 0.6936944549148211 0.04188976133354426 0.08480596403570068
0 0.8930288461538461 0.6382211538461539 0.06490384615384616 0.0985576923076923
0 0.6929015764267666 0.6945458073130323 0.044489505937219266 0.08965561563408588