0 0.3406946877205659 0.2538419957941907 0.05439526917211544 0.06860189870855092
0 0.41099169277692266 0.32692419685595675 0.05942676204091891 0.0785534699198179
0 0.5484335644153844 0.14451809574330093 0.04735158113141033 0.07530915727626605
0 0.548626375089209 0.29090057118100465 0.07178169365181639 0.0938170133326004
0 0.6197066821094547 0.3303289260889245 0.06233415945726506 0.1003561786023744
0 0.7573713493699784 0.18990608601960582 0.04248793868344008 0.07256912452653766
0 0.8786816549287925 0.18502314370434794 0.04986732756581183 0.08028494288189947
0 0.9807692307692307 0.4074519230769231 0.038461538461538464 0.10817307692307693
0 0.054086538461538464 0.921875 0.10817307692307693 0.15625
0 0.21875 0.9435096153846154 0.1778846153846154 0.11298076923076923
0 0.5168188835645295 0.7535651458223837 0.1250599698964745 0.21753928028167188
0 0.6025180929988244 0.7835714794041954 0.09028712093707288 0.16710905103357293
0 0.708286318829006 0.8277740199535073 0.2066808487247866 0.3216440514214216
0 0.9237113052386748 0.7491117933598235 0.10957384030811977 0.1708576435709483
0 0.9663461538461539 0.7860576923076923 0.0673076923076923 0.23557692307692307