1 0.17067307692307693 0.036057692307692304 0.18269230769230768 0.07211538461538461
1 0.5012019230769231 0.29927884615384615 0.06490384615384616 0.10817307692307693
1 0.7872596153846154 0.34975961538461536 0.04567307692307692 0.06009615384615385
1 0.9651442307692307 0.3473557692307692 0.06009615384615385 0.06490384615384616
1 0.5969959925428715 0.316647627664667 0.05446446839868608 0.09302503699479558
1 0.6418269230769231 0.33413461538461536 0.052884615384615384 0.09134615384615384
1 0.6814903846153846 0.3293269230769231 0.06009615384615385 0.10096153846153846
1 0.7325358902969323 0.30812734663471 0.04932058949511141 0.0880494563722391
1 0.8449519230769231 0.35096153846153844 0.06490384615384616 0.057692307692307696
1 0.7608173076923077 0.34615384615384615 0.040865384615384616 0.0673076923076923
1 0.34975961538461536 0.40865384615384615 0.07932692307692307 0.057692307692307696
1 0.04636360336409137 0.44203681404014306 0.0640798530140707 0.09336081362452393
1 0.8966346153846154 0.45552884615384615 0.125 0.15144230769230768
1 0.578125 0.39663461538461536 0.07932692307692307 0.03365384615384615