0 0.040865384615384616 0.4387019230769231 0.052884615384615384 0.056490384615384616
0 0.24278846153846154 0.3737980769230769 0.05048076923076923 0.06009615384615385
0 0.28966346153846156 0.3004807692307692 0.030048076923076924 0.046875
0 0.2920673076923077 0.41466346153846156 0.03485576923076923 0.05048076923076923
0 0.31490384615384615 0.4014423076923077 0.030048076923076924 0.04326923076923077
0 0.35216346153846156 0.4338942307692308 0.055288461538461536 0.052884615384615384
0 0.36778846153846156 0.40865384615384615 0.030048076923076924 0.04326923076923077
0 0.46033653846153844 0.4098557692307692 0.039663461538461536 0.06009615384615385
0 0.5420673076923077 0.41225961538461536 0.1045673076923077 0.12980769230769232
0 0.7728365384615384 0.5012019230769231 0.07451923076923077 0.07692307692307693
0 0.6442307692307693 0.5012019230769231 0.0625 0.09014423076923077
0 0.7307692307692307 0.4230769230769231 0.037259615384615384 0.046875
0 0.7692307692307693 0.4362980769230769 0.03245192307692308 0.046875
0 0.8137019230769231 0.4362980769230769 0.037259615384615384 0.052884615384615384
0 0.8377403846153846 0.4519230769230769 0.04447115384615385 0.06370192307692307
0 0.8737980769230769 0.4963942307692308 0.052884615384615384 0.06610576923076923
0 0.9735576923076923 0.4855769230769231 0.037259615384615384 0.06370192307692307
0 0.9735576923076923 0.43509615384615385 0.037259615384615384 0.056490384615384616