0 0.3832256365733625 0.07286025838373646 0.07586938983203403 0.1366788568305082
0 0.48917920023139244 0.2568601100888792 0.14922297257621303 0.27079982204617126
0 0.677601220973293 0.2749622941619126 0.11824956098388793 0.22327819959110684
0 0.7680288461538461 0.24158653846153846 0.06009615384615385 0.1466346153846154
0 0.09369384138404321 0.89011259668626 0.1074552726340611 0.14589298628503317
0 0.14828751797596984 0.8309245740977376 0.07089044219598069 0.08123634983104767
0 0.2608173076923077 0.6875 0.055288461538461536 0.038461538461538464
0 0.37852659127233157 0.8312128387000608 0.06127505758059607 0.08062016798705193
0 0.46388946300369854 0.8619988599114078 0.061946823184650196 0.09504324491012871
0 0.676152356685871 0.9117665982480072 0.11511465483163565 0.15597050728341452
0 0.7704326923076923 0.8966346153846154 0.055288461538461536 0.09134615384615384