0 0.03245192307692308 0.4675480769230769 0.06490384615384616 0.12740384615384615
0 0.06657150571656995 0.40494936970357087 0.07326220719286655 0.10444441958313246
0 0.11538461538461539 0.5492788461538461 0.11538461538461539 0.16105769230769232
0 0.16128651495859742 0.4955348074693352 0.09542827694265636 0.1518835146888412
0 0.21322010674237413 0.41812097157388883 0.06607864001370564 0.10625959300943445
0 0.314361774408739 0.2354528447712504 0.04405242667580385 0.07083972867295635
0 0.6719220093154507 0.5671338636601008 0.03907690667384582 0.056024203264850206
0 0.8978365384615384 0.6225961538461539 0.055288461538461536 0.014423076923076924
0 0.038461538461538464 0.7451923076923077 0.07692307692307693 0.14423076923076922
0 0.12860576923076922 0.6995192307692307 0.0985576923076923 0.13942307692307693
0 0.26322115384615385 0.6850961538461539 0.10336538461538461 0.11057692307692307
0 0.2980769230769231 0.6838942307692307 0.07692307692307693 0.10817307692307693
0 0.46634615384615385 0.9483173076923077 0.10096153846153846 0.10336538461538461
0 0.4339387138887393 0.841222472272647 0.08298947693776157 0.11484470116857565
0 0.39903846153846156 0.8161057692307693 0.038461538461538464 0.06971153846153846
0 0.4633854082406976 0.7919925829963881 0.041564666674824696 0.0634319659689032
0 0.5115602308059424 0.8043305293851429 0.06596675488419515 0.0966442083940499
0 0.5732638913234946 0.8441900168000362 0.08785311181020912 0.1200448419612973
0 0.7860576923076923 0.9579326923076923 0.10096153846153846 0.08413461538461539
0 0.7921397620941938 0.8728637305611789 0.06110312001174761 0.09144406760132831
0 0.903568125153006 0.7486728084209068 0.08544926565636282 0.11984861771878262
0 0.9675480769230769 0.890625 0.06490384615384616 0.11298076923076923
0 0.9879807692307693 0.8377403846153846 0.02403846153846154 0.08413461538461539
0 0.862298841073774 0.9170157720556429 0.05400346667971963 0.1004707794891689
0 0.7939422256769214 0.8213772624960013 0.07555416821720229 0.09502525921026252
0 0.737577711832236 0.8275833004892141 0.05621151385692258 0.0838400806547605
0 0.6701441487538445 0.8112717140064958 0.060963263599859645 0.07942483683209754