0 0.1466346153846154 0.4735576923076923 0.16105769230769232 0.25240384615384615
0 0.07091346153846154 0.23677884615384615 0.08774038461538461 0.15504807692307693
0 0.1346153846153846 0.22115384615384615 0.06490384615384616 0.1201923076923077
0 0.19591346153846154 0.27884615384615385 0.10336538461538461 0.17067307692307693
0 0.3125 0.5192307692307693 0.13822115384615385 0.234375
0 0.40024038461538464 0.46875 0.10096153846153846 0.19951923076923078
0 0.4951923076923077 0.5120192307692307 0.1045673076923077 0.19831730769230768
0 0.3401442307692308 0.19831730769230768 0.056490384615384616 0.1045673076923077
0 0.40024038461538464 0.16947115384615385 0.06370192307692307 0.125
0 0.4831730769230769 0.22596153846153846 0.056490384615384616 0.09375
0 0.6045673076923077 0.3485576923076923 0.07932692307692307 0.125
0 0.6105769230769231 0.203125 0.057692307692307696 0.11177884615384616
0 0.7944711538461539 0.23677884615384615 0.05889423076923077 0.1141826923076923
0 0.7475961538461539 0.25600961538461536 0.05889423076923077 0.09735576923076923
0 0.8197115384615384 0.35096153846153844 0.06370192307692307 0.1201923076923077
0 0.8137019230769231 0.7379807692307693 0.17307692307692307 0.3245192307692308
0 0.9254807692307693 0.4891826923076923 0.08173076923076923 0.14302884615384615
0 0.625 0.4543269230769231 0.1201923076923077 0.17668269230769232