0 0.1767191455085158 0.19761571674212527 0.18047297257621303 0.2698564961498616
0 0.406648669272679 0.16883862092341412 0.14949956098388795 0.2228398880186765
0 0.5452023919935123 0.117817752437733 0.12982094801708263 0.21232881593121972
0 0.05302308773740511 0.7410364974245839 0.07268181714012488 0.11851952153686768
0 0.1049856823801199 0.7446389527280055 0.05210751670124754 0.08877768021864181
0 0.15694827702283476 0.7482414080314272 0.04366440796560985 0.06199948972430706
0 0.21642864573193912 0.7322212308350481 0.06183486225064117 0.09162937010852391
0 0.2647294906768802 0.7347897044625602 0.054623323789102715 0.09129348730649685
0 0.008413461538461538 0.7560096153846154 0.016826923076923076 0.04567307692307692
0 0.4858570035608979 0.7497856636161202 0.036228947636053346 0.05685591461458769
0 0.5304401183410608 0.7501182324907997 0.035669142966008524 0.04483668384535692
0 0.5776213539459116 0.7286482445798501 0.04170840554779978 0.07150291340568266
0 0.6161125396046263 0.7533551577950182 0.033825101482207194 0.05674395368057867
0 0.6442307692307693 0.7608173076923077 0.04807692307692308 0.0985576923076923
0 0.6598557692307693 0.7536057692307693 0.016826923076923076 0.06009615384615385