0 0.07692307692307693 0.4387019230769231 0.054086538461538464 0.07692307692307693
0 0.0985576923076923 0.5408653846153846 0.09254807692307693 0.12740384615384615
0 0.16947115384615385 0.4951923076923077 0.07572115384615384 0.07692307692307693
0 0.21754807692307693 0.43509615384615385 0.039663461538461536 0.06370192307692307
0 0.5132211538461539 0.421875 0.04567307692307692 0.07451923076923077
0 0.5697115384615384 0.4519230769230769 0.056490384615384616 0.08774038461538461
0 0.6262019230769231 0.43149038461538464 0.039663461538461536 0.06370192307692307
0 0.734375 0.5168269230769231 0.08052884615384616 0.13341346153846154
0 0.75 0.46274038461538464 0.06009615384615385 0.07692307692307693
0 0.6129807692307693 0.3545673076923077 0.03365384615384615 0.04807692307692308
0 0.8125 0.4230769230769231 0.038461538461538464 0.06129807692307692
0 0.9302884615384616 0.4951923076923077 0.08774038461538461 0.1310096153846154
0 0.9194711538461539 0.421875 0.038461538461538464 0.06370192307692307