0 0.5443547127896159 0.3038566161151595 0.03963639860093775 0.06842680877840451
0 0.6294394955069974 0.32076273270762906 0.04456996878070859 0.07577823679878183
0 0.006009615384615385 0.5300480769230769 0.01201923076923077 0.06490384615384616
0 0.03164923701613088 0.5324225863326757 0.029853176822781775 0.05853164504534178
0 0.010817307692307692 0.5024038461538461 0.021634615384615384 0.052884615384615384
0 0.012538262365262735 0.4561069018614561 0.024877647352318115 0.04877637087111818
0 0.04231360389883625 0.4726062116041999 0.024919606643011002 0.05118021702496433
0 0.05040628746492414 0.42233527671168924 0.022389882617086316 0.0438987337840063
0 0.07408809503249666 0.44346741681357665 0.022431841907779207 0.04630257993785246
0 0.07978909902909319 0.5302157126902967 0.02504548451508947 0.058391755486502786
0 0.0992445610664956 0.44900952930517385 0.027449330668935623 0.05846170026592235
0 0.11431800699531139 0.4121695825970754 0.024877647352318115 0.04877637087111818
0 0.1187331693335992 0.5036905983917781 0.03466086913047409 0.05867153460418077
0 0.14101815372395343 0.46706048602193834 0.027323452796857158 0.051250161804383895
0 0.14985120816934333 0.443266831211445 0.024961565933703758 0.05358406317881048
0 0.16565012862429201 0.5026506754366123 0.029937095404167488 0.06333933735303422
0 0.19038091845918523 0.4636866616923459 0.029769258241396066 0.05372395273764961
0 0.17391064935315123 0.44276435592871705 0.02015387362601145 0.05344417361997149
0 0.20273582355395872 0.4448056163586742 0.01766610889077965 0.04856653653285976
0 0.2210854476801785 0.4958459438247995 0.024961565933703758 0.05358406317881048
0 0.21973058379365307 0.4356798451992262 0.024919606643011002 0.05118021702496433
0 0.2570741177596541 0.43195629697253624 0.022557719779857602 0.053514118399390916
0 0.24748579608179336 0.4990191825522603 0.029937095404167488 0.06333933735303408
0 0.22737996503865207 0.6174849813219985 0.02512940309647518 0.06319944779419509
0 0.29019465971884834 0.6012746994330597 0.034702828421166905 0.061075380758026925
0 0.3401442307692308 0.6021634615384616 0.016826923076923076 0.06009615384615385
0 0.34375 0.5192307692307693 0.009615384615384616 0.052884615384615384
0 0.32206796578706337 0.49758170148349584 0.03229898226732075 0.061005435978607365
0 0.30468948863895606 0.4597975002532341 0.022431841907779207 0.04630257993785246
0 0.2788406943085254 0.4939188493000985 0.022557719779857602 0.053514118399390916
0 0.28714317432807746 0.43162868363835705 0.024919606643011002 0.05118021702496433
0 0.3389423076923077 0.45072115384615385 0.019230769230769232 0.04567307692307692
1 0.47836538461538464 0.5336538461538461 0.21634615384615385 0.3317307692307692