0 0.09975961538461539 0.2247596153846154 0.0889423076923077 0.12740384615384615
1 0.6923076923076923 0.06009615384615385 0.10576923076923077 0.1201923076923077
0 0.6310096153846154 0.625 0.016826923076923076 0.11057692307692307
0 0.47667718608554127 0.7920965943338133 0.11155588482395892 0.17664824896538314
0 0.3110495493230083 0.8203934516549692 0.16494396624990687 0.2671940670324396
0 0.11976896549455411 0.7758642454581071 0.08001219629984814 0.12379949633135358
0 0.027644230769230768 0.8100961538461539 0.055288461538461536 0.36538461538461536
0 0.03245192307692308 0.5901442307692307 0.06490384615384616 0.24278846153846154
0 0.0627183728114282 0.46879012097541545 0.03642130667087702 0.06523228854222364
0 0.6773905459926385 0.6702634941078949 0.05820975890145519 0.09331396935986547
0 0.8340391232753601 0.7506130265088127 0.09463106557233221 0.15854625790208898
0 0.8834150642487604 0.5645343843140795 0.04360487479678591 0.06097105394297596
0 0.9927884615384616 0.6670673076923077 0.014423076923076924 0.0889423076923077