1 0.24508194992794718 0.2052525015913262 0.09099831293625645 0.11882339898643306
1 0.9759615384615384 0.40024038461538464 0.04807692307692308 0.24278846153846154
1 0.6721152129143513 0.33014230059244387 0.16255606018827948 0.22540379694461438
1 0.7607008666357699 0.35160993034810767 0.11692494255589517 0.22727618873328603
0 0.43853470966870073 0.632970973412304 0.03693883741224177 0.05090033846643339
0 0.45047002185654583 0.6379185221318843 0.029643380369317667 0.04600873231160822
0 0.3834140852930105 0.6227122493022345 0.056715077422017895 0.08237410872545421
0 0.32470867133189746 0.6112096451916754 0.0665822177815593 0.09690907077804148
0 0.20356619630682365 0.5953740185085293 0.08846858891033176 0.11158388924251697
0 0.057692307692307696 0.6033653846153846 0.11538461538461539 0.14903846153846154
0 0.24278846153846154 0.5360576923076923 0.038461538461538464 0.014423076923076924
0 0.33533653846153844 0.5444711538461539 0.036057692307692304 0.03125
0 0.37128387300487026 0.5600584072491576 0.02222204545431503 0.03390558769524459
0 0.4326923076923077 0.5396634615384616 0.028846153846153848 0.021634615384615384
0 0.4406597371408661 0.5801003436688774 0.027155615634085868 0.041173068721538295
1 0.5504807692307693 0.7019230769230769 0.16346153846153846 0.27403846153846156