0 0.030048076923076924 0.2704326923076923 0.06009615384615385 0.3245192307692308
0 0.321208988098731 0.16794634678259188 0.1633624345098666 0.295702869629415
0 0.32572115384615385 0.055288461538461536 0.1466346153846154 0.11057692307692307
0 0.26802884615384615 0.08173076923076923 0.12259615384615384 0.16346153846153846
0 0.5576923076923077 0.04447115384615385 0.11057692307692307 0.0889423076923077
0 0.5564903846153846 0.2824519230769231 0.12259615384615384 0.3581730769230769
0 0.6057692307692307 0.13822115384615385 0.02403846153846154 0.2764423076923077
0 0.5925480769230769 0.08653846153846154 0.05048076923076923 0.17307692307692307
0 0.640625 0.4014423076923077 0.04567307692307692 0.15384615384615385
0 0.6514423076923077 0.34134615384615385 0.0673076923076923 0.11057692307692307
0 0.6298076923076923 0.31009615384615385 0.02403846153846154 0.09615384615384616
0 0.7029793195637357 0.31218257555098955 0.050137079257244234 0.08488988261708631
0 0.7344992766717555 0.35243955045132813 0.0673564508191966 0.08999128995962845
0 0.7577040827286541 0.4504517719800136 0.10130443497073188 0.15299480144794245
0 0.7641057498661331 0.32791855706989903 0.04734078461836866 0.08004023101870125
0 0.7981028892613384 0.29371924013704603 0.04415204149446387 0.07038288711262375
0 0.8200564186315609 0.3041379345677719 0.05175602844103168 0.07531645729239446
0 0.8409063354122005 0.3721859977547662 0.07113386667064549 0.10686017232724428
0 0.8558933090749036 0.2915102940834951 0.046359663405795414 0.06802100024947048
0 0.8971267629195653 0.3303975087441392 0.055729668534995315 0.09458918581385671
0 0.9315409284216349 0.3057925967813245 0.038559452216712926 0.06068358391585349
0 0.9122855815690307 0.2917261738291366 0.038559452216712926 0.06068358391585349
0 0.9664702321518266 0.2895801667116249 0.05254092541109032 0.08493184190777907
0 0.9722838216600102 0.350689426826584 0.054356098837392446 0.07776226273693364
0 0.9675480769230769 0.39783653846153844 0.06490384615384616 0.10817307692307693
0 0.9123107542891145 0.4825592076704025 0.10307045315336384 0.1746294168325577
0 0.7572115384615384 0.5649038461538461 0.1875 0.08653846153846154
0 0.054086538461538464 0.9194711538461539 0.10817307692307693 0.16105769230769232
0 0.15029053168946924 0.891617750378008 0.08486996037883816 0.15750877872078492
0 0.24090094380923455 0.928442876502526 0.08128876876990396 0.14304374250701513
0 0.5228365384615384 0.8978365384615384 0.11778846153846154 0.20432692307692307
0 0.5637019230769231 0.8137019230769231 0.10817307692307693 0.37259615384615385
0 0.5612980769230769 0.6538461538461539 0.055288461538461536 0.09134615384615384
0 0.8497596153846154 0.6538461538461539 0.2091346153846154 0.09134615384615384