0 0.08902395104781559 0.3105575279200362 0.061083552516874744 0.1134744685661297
0 0.09425047054862806 0.13432087725730008 0.05311613262336934 0.09867345092706928
0 0.17427884615384615 0.046875 0.05048076923076923 0.09375
0 0.18509615384615385 0.3233173076923077 0.0673076923076923 0.11298076923076923
0 0.28006161934961216 0.3222397044504203 0.062479556761431625 0.09436967957402163
0 0.36658653846153844 0.33653846153846156 0.06009615384615385 0.08653846153846154
0 0.4543269230769231 0.3317307692307692 0.057692307692307696 0.09615384615384616
0 0.5444711538461539 0.3329326923076923 0.05048076923076923 0.09375
0 0.5568495424964253 0.1763644209037884 0.04565263368450855 0.09348781790339349
0 0.4877627944185505 0.21493660717506174 0.05640184044784364 0.11562635424265352
0 0.4123038226690031 0.1779136198388424 0.05767186445373932 0.0941177190966993
0 0.32102065894217985 0.18390279198488943 0.06816911073975208 0.11144856312826704
0 0.2246148523110114 0.18413430922364338 0.05362005357801399 0.1082888355424539
0 0.24278846153846154 0.04807692307692308 0.057692307692307696 0.09615384615384616
0 0.33052884615384615 0.04326923076923077 0.05048076923076923 0.08653846153846154
0 0.38100961538461536 0.04447115384615385 0.05048076923076923 0.0889423076923077
0 0.43990384615384615 0.03125 0.052884615384615384 0.0625
0 0.5048076923076923 0.03365384615384615 0.04807692307692308 0.0673076923076923
0 0.5721153846153846 0.03245192307692308 0.052884615384615384 0.06490384615384616
0 0.8197115384615384 0.3389423076923077 0.0625 0.08173076923076923
0 0.7067307692307693 0.33774038461538464 0.07211538461538461 0.08413461538461539
0 0.6298076923076923 0.3329326923076923 0.0625 0.09375
0 0.6513758671669605 0.18245235883666058 0.0622275962841093 0.08956198726632933
0 0.715450620150225 0.20922494955454746 0.06753920954644627 0.09942933235903627
0 0.7823752609322917 0.22138549299136562 0.06210161604544814 0.08715814111248317
0 0.8493628918336891 0.2347479595051069 0.05741990397641699 0.089310026789007
0 0.9168595544993732 0.23482628205336376 0.06766518978510742 0.10183317851288241
0 0.6930754557625689 0.12723710903681382 0.05994973036892431 0.09183985318151432
0 0.8252240041047768 0.11910627283352712 0.0706989371322594 0.11397838952077428
0 0.6081730769230769 0.12259615384615384 0.019230769230769232 0.08653846153846154
0 0.05716960390272023 0.5271709746724387 0.06475742267661662 0.09209181365883665
0 0.10579810562469223 0.6041672633341304 0.07335474376342788 0.11891206206712769
0 0.2194036652391252 0.6331649514671558 0.085751915248642 0.12675350172197197
0 0.3245344335993915 0.9373979134059238 0.06766518978510742 0.10183317851288229
0 0.3762019230769231 0.9591346153846154 0.055288461538461536 0.08173076923076923
0 0.47836538461538464 0.9627403846153846 0.0625 0.07451923076923077
0 0.5338529085323566 0.9529429304540415 0.057545884215078155 0.09171387294285328
0 0.5853365384615384 0.9639423076923077 0.026442307692307692 0.07211538461538461
0 0.6237980769230769 0.8677884615384616 0.05048076923076923 0.16346153846153846
0 0.643982129560698 0.6642038774669702 0.07525466896262938 0.10942265769040424
0 0.6436195212736409 0.5882937532628246 0.06210161604544814 0.08715814111248317
0 0.6262019230769231 0.5480769230769231 0.055288461538461536 0.07692307692307693
0 0.8550268917637991 0.5977031746876657 0.07082491737092056 0.11638223567462037
0 0.8619337012479688 0.5455165614253288 0.06210161604544814 0.08715814111248317
0 0.911239761853651 0.7044325896757814 0.09561926034134907 0.13206511498430892
0 0.9507211538461539 0.8245192307692307 0.0985576923076923 0.17307692307692307
0 0.9699519230769231 0.6009615384615384 0.06009615384615385 0.11538461538461539
0 0.953977857216401 0.5310509376214896 0.0670352885918016 0.0898139477436515