0 0.3243283652215038 0.11163776461065525 0.14513127962845884 0.1683302995925995
0 0.40375449966170124 0.07710633434258263 0.09230007398959117 0.09925977997883323
0 0.44350961538461536 0.07211538461538461 0.05048076923076923 0.08173076923076923
0 0.5691925553617041 0.20763893870607972 0.19525339689543622 0.2973290847376552
0 0.6923076923076923 0.13581730769230768 0.1971153846153846 0.27163461538461536
0 0.9146634615384616 0.15384615384615385 0.17067307692307693 0.28846153846153844
0 0.0733553992828136 0.6114888711416443 0.09545941756032607 0.12097833952088084
0 0.1284340004276949 0.6194292021471977 0.07829671785367462 0.11077534580347162
0 0.1233210659019586 0.5590812158287476 0.06029457657270235 0.07653389054760086
0 0.15102253595574758 0.5239469092528082 0.04039225408247646 0.05663156805737493
0 0.08068141631346847 0.5395413748411239 0.055067163477849644 0.06434677146350591
0 0.05893615189854714 0.5074939053455191 0.05042735948502148 0.06898657545633405
0 0.07187876839953085 0.48147131844037183 0.04005647745274808 0.047016183441990315
0 0.18756862600219026 0.5456807360006979 0.053083038111163924 0.0762820580753046
0 0.2138850174583498 0.55020989096322 0.04047619823990855 0.059035414211221084
0 0.21050437582700293 0.5091766180329712 0.040224365767612284 0.05182387574968262
0 0.25895521807356 0.603529494340838 0.07091729107727197 0.10571582102348305
0 0.28543949784458367 0.6032509569956679 0.05333487058346019 0.08349359653684306
0 0.2676510464960021 0.5268162778113413 0.03790446377119822 0.05414377774609669
0 0.3270603798768571 0.583043392287398 0.045367834705032944 0.06160714867993141
0 0.3381447872473032 0.5413118612248187 0.037568687141469874 0.04452839313071207
0 0.3930402328714781 0.5889576258475496 0.13420332290584505 0.19916057880543894
0 0.3137019230769231 0.8942307692307693 0.1658653846153846 0.21153846153846154
0 0.4495192307692308 0.6454326923076923 0.038461538461538464 0.08413461538461539
0 0.46033653846153844 0.5661057692307693 0.016826923076923076 0.06009615384615385
0 0.47716346153846156 0.7860576923076923 0.016826923076923076 0.0625
0 0.5302998584459735 0.7741949631356936 0.043047932708618876 0.06392705067634548
0 0.5407241502239947 0.8202877608459311 0.05051130364245346 0.0713904216101802
0 0.5904112794979695 0.7413958257620106 0.04321582102348305 0.06873474298403778
0 0.6382211028967542 0.7851839886816759 0.040644086554772724 0.0638431065189134
0 0.6773541946177494 0.7672963259698201 0.042963988551186785 0.061523204522499327
0 0.7076808088859964 0.794829907708745 0.0456196671773292 0.06881868714146987
0 0.7399915485209291 0.8344666643743326 0.05017552701272511 0.061775036994795585
0 0.790109836249096 0.8121490580632288 0.05051130364245346 0.0713904216101802
0 0.7467795366564967 0.9502290284673923 0.053166982268596015 0.07868590422915075
0 0.6767894608497881 0.9213103681308381 0.05017552701272525 0.061775036994795585
0 0.608531677937469 0.9117064211824852 0.04519994639016877 0.056799456372239106