0 0.38313223716688244 0.2593197181124471 0.034528746250668534 0.04399658259284186
0 0.3644658570198509 0.2504866305219022 0.03507520395911302 0.05120812105438032
0 0.29107682382637184 0.3111682509628743 0.04301535269857782 0.06099135609059822
0 0.25174180467628776 0.3462468158157055 0.0666536463474905 0.08793721504540605
0 0.24605921227177324 0.3029216349061969 0.05040904372959787 0.06356305266527766
0 0.27550561795225037 0.26401350026148546 0.027135055219648353 0.04142488601816242
0 0.30509831345162336 0.2587032616303423 0.02695290265016663 0.039021039864316265
0 0.22096369806700794 0.25674500672062 0.021416600064548118 0.029293754968376034
0 0.19818237313962464 0.28860945332462645 0.03951859112784216 0.04651232902724363
0 0.17429020142005902 0.32164784793541695 0.04891596042315964 0.07552633329423077
0 0.14770160390885542 0.2874345003787931 0.04228674242065148 0.05137597147521374
0 0.13183923780521872 0.25227100537649605 0.03176059495785894 0.03913294014487188
0 0.16973922599957283 0.4199257895417204 0.07422948994799228 0.09291275777393164
0 0.08172419312168919 0.33509079246458356 0.06148164890083517 0.08301762245715813
0 0.09368821035676483 0.3029745702293272 0.032671357805266865 0.05115217091410265
0 0.09372407310735052 0.271780520369605 0.02935674880401292 0.039076990004593935
0 0.0855106955136634 0.2583915161026178 0.026770750080685184 0.03661719371047011
0 0.0650780032059711 0.25791593991025663 0.029174596234531336 0.03667314385074792
0 0.04803306480898076 0.2863144926341883 0.029538901373494506 0.041480836158440226
0 0.02448584744480886 0.26057055675630364 0.032671357805266935 0.05115217091410265
0 0.008413461538461538 0.24278846153846154 0.016826923076923076 0.038461538461538464
0 0.010817307692307692 0.2956730769230769 0.021634615384615384 0.052884615384615384
0 0.8485576923076923 0.09134615384615384 0.30288461538461536 0.18269230769230768
1 0.620962458353926 0.6691145125076926 0.09841424130534958 0.12707015519027787