1 0.6911057692307693 0.09975961538461539 0.12740384615384615 0.19951923076923078
1 0.5444711538461539 0.20072115384615385 0.0889423076923077 0.4014423076923077
1 0.09495192307692307 0.47115384615384615 0.1466346153846154 0.10576923076923077
1 0.4639423076923077 0.5132211538461539 0.07211538461538461 0.18990384615384615
1 0.3514149029587975 0.553715136020454 0.05587236036573273 0.08560345575242514
1 0.19052555521481032 0.4900296878609868 0.08539557727801941 0.13444977140296274
1 0.42647329284152463 0.5474699626439972 0.045794839367351105 0.07811213817320856
1 0.30581884876621995 0.5511842621345602 0.045486748445353095 0.07330444586551625
0 0.5048076923076923 0.6514423076923077 0.009615384615384616 0.0625
0 0.523986792344605 0.6210851149073053 0.03448495468097806 0.05139005136322275
0 0.5120192307692307 0.4855769230769231 0.02403846153846154 0.04807692307692308
0 0.53125 0.4230769230769231 0.019230769230769232 0.009615384615384616
0 0.5442008731578489 0.47476525103007783 0.019137604991907455 0.03654730576362885
0 0.544462381960416 0.45189374017882955 0.018521423147911574 0.026931921148244234
0 0.5643863557656805 0.4416359907218779 0.016271622455064423 0.02926582252267096
0 0.5584556055172207 0.5341840676449549 0.03044748967828057 0.06326939257361466
0 0.5784870426640533 0.5034586534906013 0.019137604991907385 0.03654730576362885
0 0.5795224635829274 0.6564176357672198 0.0379671190618169 0.0682869192195654
0 0.6219587434193701 0.614302493858411 0.029831307834284688 0.05365400795823005
0 0.6027888554107379 0.5752114523820968 0.02696532529744166 0.04637252471727202
0 0.62123325582815 0.5504606812226489 0.023945297299599693 0.03668719532246784
0 0.5993352892353115 0.47877782711057265 0.015963531533066486 0.02445813021497865
0 0.5876850306102158 0.4350889276648248 0.013713730840219266 0.02679203158940524
0 0.6216792507027846 0.5059195825970755 0.018829514069909445 0.03173961345593668
0 0.6465183801573094 0.47533405800156076 0.016271622455064423 0.02926582252267096
0 0.6658423136269405 0.5120212533240287 0.01867546860891058 0.029335767302090525
0 0.6564741387114167 0.5454652651396164 0.021387405684754605 0.03421340438920226
0 0.6612209497969719 0.5841366379394134 0.02440743368259657 0.0438987337840063
0 0.6658602975409591 0.6432756754366123 0.03300538129312559 0.06574318350688038
0 0.7033043989976419 0.6226902317432897 0.027427461680438532 0.05358406317881048
0 0.7117017190277412 0.585605478307223 0.024407433682596638 0.0438987337840063
0 0.6947816317119563 0.5489882277641747 0.021541451145753607 0.036617250543048416
0 0.7079096213192482 0.5132452869638702 0.016271622455064423 0.02926582252267096
0 0.7155367140443526 0.4881797642970343 0.016271622455064423 0.02926582252267096
0 0.7139423076923077 0.4254807692307692 0.014423076923076924 0.014423076923076924
0 0.771595402887809 0.47776926345445214 0.016271622455064423 0.02926582252267096
0 0.7644770286651323 0.5136870662033055 0.01898355953090845 0.03414345960978283
0 0.7485134971320659 0.53730585906525 0.01898355953090845 0.0341434596097827
0 0.757374795950818 0.5869344291161938 0.023945297299599624 0.03668719532246784
0 0.7544479321918379 0.6326075060392705 0.032543244910128846 0.05853164504534178
0 0.7853736997614776 0.6009949203153817 0.027427461680438532 0.05358406317881048
0 0.805820691171876 0.5449941491559336 0.019137604991907316 0.03654730576362885
0 0.7998719570093977 0.5062878039664269 0.01898355953090845 0.0341434596097827
0 0.825604918618848 0.4805449440683142 0.015963531533066417 0.02445813021497865
0 0.8257211538461539 0.421875 0.016826923076923076 0.007211538461538462
0 0.8522621529942918 0.44037900724712475 0.013713730840219266 0.02679203158940524
0 0.8661479132095284 0.5431369994106521 0.023945297299599624 0.03668719532246784
0 0.8379036421046642 0.5892775792267473 0.02681127983644279 0.043968678563425866
0 0.8389372206178821 0.648311699554817 0.032697290371127716 0.06093549119918794
0 0.8692468063435259 0.6263144984463127 0.029523216912286817 0.048846315650537736
0 0.8942399812590498 0.5933251276969519 0.019445695913905325 0.04135499807132129
0 0.8825269990061607 0.4942428495436133 0.013867776301218271 0.029195877743251393
0 0.9014423076923077 0.4326923076923077 0.019230769230769232 0.028846153846153848
0 0.9362427229179081 0.44523092068065373 0.013559685379220263 0.02438818543555909
0 0.9080450339324748 0.5094353190403047 0.01867546860891058 0.029335767302090525
0 0.9327624009427254 0.555912760926706 0.021695496606752476 0.03902109669689443
0 0.908833245151488 0.6286705103836577 0.02727341621943953 0.05118021702496433
0 0.9357842713462236 0.6402921830392897 0.030293444217281564 0.060865546419768504
0 0.9564318903370519 0.5999513842695514 0.021695496606752476 0.03902109669689443
0 0.9783907381520276 0.6331027551406696 0.032235153988130844 0.05372395273764961
0 0.9593426125876697 0.5169487471824397 0.01867546860891058 0.029335767302090525
0 0.987325374889967 0.49367967821759273 0.013867776301218271 0.029195877743251393
0 0.9879807692307693 0.5625 0.02403846153846154 0.038461538461538464