0 0.12740384615384615 0.6394230769230769 0.07091346153846154 0.1045673076923077
0 0.17067307692307693 0.7007211538461539 0.06009615384615385 0.08774038461538461
0 0.06129807692307692 0.9074519230769231 0.08173076923076923 0.14903846153846154
0 0.028846153846153848 0.8016826923076923 0.055288461538461536 0.12139423076923077
0 0.25600961538461536 0.6394230769230769 0.06490384615384616 0.08774038461538461
0 0.23317307692307693 0.7620192307692307 0.06490384615384616 0.10096153846153846
0 0.2608173076923077 0.8269230769230769 0.08413461538461539 0.12740384615384615
0 0.3173076923076923 0.6742788461538461 0.0625 0.10216346153846154
0 0.4026442307692308 0.6165865384615384 0.056490384615384616 0.09735576923076923
0 0.40625 0.75 0.06610576923076923 0.125
0 0.4735576923076923 0.6826923076923077 0.056490384615384616 0.09254807692307693
0 0.5564903846153846 0.6105769230769231 0.06971153846153846 0.10216346153846154
0 0.5348557692307693 0.39302884615384615 0.052884615384615384 0.09254807692307693
0 0.5252403846153846 0.90625 0.11057692307692307 0.16105769230769232
0 0.6514423076923077 0.875 0.08533653846153846 0.14423076923076922
0 0.6947115384615384 0.7548076923076923 0.06971153846153846 0.11899038461538461
0 0.7524038461538461 0.6742788461538461 0.06370192307692307 0.1045673076923077
0 0.8353365384615384 0.6502403846153846 0.06490384615384616 0.09615384615384616
0 0.8858173076923077 0.7668269230769231 0.07211538461538461 0.1346153846153846
0 0.8161057692307693 0.8617788461538461 0.10096153846153846 0.1466346153846154
0 0.7572115384615384 0.9435096153846154 0.08413461538461539 0.10576923076923077
0 0.9350961538461539 0.7055288461538461 0.0673076923076923 0.09735576923076923