0 0.02283653846153846 0.16826923076923078 0.04567307692307692 0.09615384615384616
0 0.28365384615384615 0.037259615384615384 0.09134615384615384 0.07451923076923077
0 0.5428882436296321 0.16490063911586994 0.17064874375436734 0.28176376598508335
0 0.5 0.06610576923076923 0.10096153846153846 0.13221153846153846
0 0.6358173076923077 0.016826923076923076 0.07932692307692307 0.03365384615384615
0 0.6526442307692307 0.09014423076923077 0.11298076923076923 0.18028846153846154
0 0.7008585745480382 0.270735792134148 0.19751064435360333 0.307033797797644
0 0.7908653846153846 0.056490384615384616 0.09134615384615384 0.11298076923076923
0 0.9314903846153846 0.039663461538461536 0.07932692307692307 0.07932692307692307
0 0.9855769230769231 0.09134615384615384 0.028846153846153848 0.16346153846153846
0 0.1647799025949994 0.9578835178443352 0.04879023101870125 0.04310460329556475
0 0.025240384615384616 0.9927884615384616 0.03125 0.014423076923076924
0 0.4891826923076923 0.7680288461538461 0.07932692307692307 0.18028846153846154
0 0.7439903846153846 0.6995192307692307 0.11778846153846154 0.04326923076923077
0 0.8377403846153846 0.8473557692307693 0.19951923076923078 0.30528846153846156
0 0.9471153846153846 0.6899038461538461 0.0625 0.02403846153846154
0 0.8605769230769231 0.6947115384615384 0.08173076923076923 0.03365384615384615