0 0.04447115384615385 0.13221153846153846 0.0889423076923077 0.22596153846153846
0 0.07334631214653473 0.09735576923076923 0.07056273527431405 0.15384615384615385
0 0.18629807692307693 0.2283653846153846 0.15625 0.22115384615384615
0 0.3233173076923077 0.25240384615384615 0.1658653846153846 0.17307692307692307
0 0.28439107434963573 0.15264423076923078 0.110284076122464 0.1778846153846154
0 0.24639423076923078 0.020432692307692308 0.0985576923076923 0.040865384615384616
0 0.4338653559137693 0.12139423076923077 0.09712080158599871 0.20192307692307693
0 0.6646634615384616 0.078125 0.16105769230769232 0.15625
0 0.7944711538461539 0.15504807692307693 0.2620192307692308 0.31009615384615385
0 0.23798076923076922 0.9579326923076923 0.11057692307692307 0.08413461538461539
0 0.10546118098461102 0.9338942307692307 0.09043362731767321 0.1201923076923077
0 0.0742179521978786 0.6814903846153846 0.07702861392316972 0.09375
0 0.17443894165637636 0.7644230769230769 0.031617719096699304 0.052884615384615384
0 0.15324525710707507 0.7560096153846154 0.03149173885803814 0.05048076923076923
0 0.027877538010375787 0.8088942307692307 0.026306105834362343 0.04326923076923077
0 0.020282948023211757 0.7932692307692307 0.03579551021108583 0.040865384615384616
0 0.017999971298384657 0.7680288461538461 0.03529158925644121 0.03125
0 0.21398153376581883 0.7896634615384616 0.041988985144050764 0.0673076923076923
0 0.2500443368831533 0.8125 0.046544716974420745 0.0625
0 0.32107355704099183 0.7644230769230769 0.02896191246553082 0.04807692307692308
0 0.3028506297195118 0.7451923076923077 0.031617719096699304 0.052884615384615384
0 0.36212791201436817 0.7608173076923077 0.02946583342017534 0.057692307692307696
0 0.39686281181611827 0.7860576923076923 0.04363694986593007 0.052884615384615384
0 0.3906795585024375 0.8581730769230769 0.05691598302177234 0.07692307692307693
0 0.4699519230769231 0.8725961538461539 0.06009615384615385 0.09615384615384616
0 0.45081314841971143 0.7427884615384616 0.02896191246553082 0.04807692307692308
0 0.4162093396662645 0.7379807692307693 0.02605414535704015 0.038461538461538464
0 0.5180288461538461 0.5324519230769231 0.036057692307692304 0.1466346153846154
0 0.6239223967581125 0.5564903846153846 0.12837080158599873 0.20192307692307693
0 0.7560028441713478 0.5360576923076923 0.07802623421317498 0.15865384615384615
0 0.9519230769230769 0.7872596153846154 0.09615384615384616 0.4110576923076923
0 0.9831730769230769 0.6141826923076923 0.03365384615384615 0.21875