0 0.021634615384615384 0.09495192307692307 0.04326923076923077 0.13221153846153846
0 0.007211538461538462 0.021634615384615384 0.014423076923076924 0.04326923076923077
0 0.051152373439625566 0.067115271543684 0.04595544380705755 0.07919072121897773
0 0.0625 0.375 0.125 0.3076923076923077
0 0.12846846627698907 0.11675672598458736 0.06817766829369741 0.09715146644385128
0 0.19711543556478425 0.05556929687124533 0.03035714867993141 0.04478099363316473
0 0.2378549039440208 0.054105191697715736 0.025465512214807015 0.04212518700199625
0 0.2788881768742696 0.061054548062647686 0.025633400529671054 0.046932879309688556
0 0.264343013253855 0.15986931165730447 0.09381106882336873 0.1440843457535397
0 0.3076923076923077 0.07932692307692307 0.02403846153846154 0.04326923076923077
0 0.3112980769230769 0.052884615384615384 0.016826923076923076 0.04807692307692308
0 0.3605769230769231 0.03365384615384615 0.057692307692307696 0.0673076923076923
0 0.38221153846153844 0.01201923076923077 0.052884615384615384 0.02403846153846154
0 0.46153846153846156 0.015625 0.04807692307692308 0.03125
0 0.5649038461538461 0.09495192307692307 0.19230769230769232 0.18990384615384615
0 0.7259615384615384 0.052884615384615384 0.07692307692307693 0.10576923076923077
0 0.9007173956365029 0.10106528545924022 0.09423078961052903 0.15610357652277046
0 0.2668269230769231 0.8064903846153846 0.10576923076923077 0.2283653846153846
0 0.036057692307692304 0.7992788461538461 0.07211538461538461 0.22355769230769232
0 0.04807692307692308 0.6887019230769231 0.09615384615384616 0.1658653846153846
0 0.2860576923076923 0.609375 0.0673076923076923 0.06009615384615385
0 0.6308265108133088 0.6793571521750381 0.03508089683019163 0.042629107956640905
0 0.8449519230769231 0.9735576923076923 0.08413461538461539 0.052884615384615384
0 0.8894230769230769 0.9651442307692307 0.057692307692307696 0.06971153846153846
0 0.9225122912077612 0.9585829071408009 0.05540294010757799 0.07488694986593021
0 0.8011027932326884 0.9174281259769739 0.05523505179271382 0.07007925755823763
0 0.7473253265280042 0.957799811256998 0.0553189959501459 0.07248310371208379
0 0.6895071025995485 0.951170516298361 0.0678418916639692 0.08753608182846652
0 0.6955281556511956 0.8831018317490597 0.045703611334761154 0.07197918275743927
0 0.6305136604670435 0.9108873751858778 0.06037852073013447 0.0799466026509447
0 0.6033653846153846 0.9747596153846154 0.07692307692307693 0.05048076923076923
0 0.5457647311075297 0.9232419997903298 0.06328603182857315 0.09449565981268265
0 0.45131647297519906 0.9326888572862911 0.09297162724904787 0.12004588421507816
0 0.49126990952586247 0.8400045785052689 0.045367834705032944 0.06236379814205465
0 0.40572351067074375 0.8295226646481825 0.04793956917374327 0.06729747068840812
0 0.4119696913218132 0.8022563745949352 0.04254426776402635 0.05021858713416272
0 0.33653846153846156 0.7992788461538461 0.03365384615384615 0.06009615384615385