0 0.037259615384615384 0.20793269230769232 0.07451923076923077 0.41586538461538464
0 0.1502403846153846 0.026442307692307692 0.05048076923076923 0.052884615384615384
0 0.27884615384615385 0.04567307692307692 0.07692307692307693 0.09134615384615384
0 0.6033653846153846 0.39783653846153844 0.09134615384615384 0.10336538461538461
0 0.5649038461538461 0.22235576923076922 0.014423076923076924 0.055288461538461536
0 0.5767155198625653 0.18976499549451006 0.026503188914444784 0.039441030710683014
0 0.6048989097452924 0.18247795004256465 0.029215125990288946 0.044346672243289746
0 0.5912013204134354 0.24578807621982995 0.04037096521566305 0.068776930681409
0 0.6391080565209972 0.21279334226243526 0.032235153988130844 0.05406000608358879
0 0.6675243570008789 0.29589540064200676 0.05285233236789056 0.07647821526751973
0 0.7041820896442048 0.250391689790809 0.031927063066132834 0.049252313775896485
0 0.7028870023284198 0.21418707364574507 0.02409934276059863 0.03934308148576859
0 0.6801274865973809 0.21205463293213464 0.027119370758440526 0.04905641532606763
0 0.7657739583865733 0.30471901117119143 0.06012475205156639 0.11513565217888705
0 0.7422119323338149 0.23989067200775216 0.032851335832126856 0.0636753906989734
0 0.7971457208308477 0.22887337572217348 0.02906108052928994 0.041942826089443594
0 0.8340363640713279 0.2737587687024926 0.05121871351903943 0.08839949681183594
0 0.9009123606070919 0.2644331416184092 0.0379671190618169 0.06867898145649456
0 0.9279708501433954 0.2558951984770835 0.0378130736008179 0.06627513530264842
0 0.8657789410653933 0.2485408263216155 0.029831307834284688 0.05396205685867436
0 0.9326923076923077 0.39903846153846156 0.08653846153846154 0.10096153846153846
0 0.2692722642757745 0.7387439123128738 0.0561804512877306 0.09099924141551109
0 0.2292379881875218 0.6865000570336447 0.04154244768151759 0.049644110675554194
0 0.25675861410682216 0.6707505754307805 0.028907035068290936 0.03953897993559744
0 0.19495181868131747 0.6573865878906973 0.01580948607206755 0.022222310734102087
0 0.30355659137632274 0.6738625083935355 0.015655440611068546 0.019818464580255934
0 0.3262086437657936 0.6964766160272953 0.01867546860891058 0.029531798420554978
0 0.3771049672601289 0.6732441905226568 0.016425667916063428 0.0318376953494867
0 0.3979693553397494 0.6861449643161175 0.01580948607206755 0.022222310734102087
0 0.4378800265780718 0.7215129219059666 0.034022818297981254 0.04454257069311861
0 0.4407298676065524 0.6770417680598128 0.02107931476275673 0.029629747645469544
0 0.4878054951869823 0.6946257525581017 0.028598944146293066 0.03473128762790513
0 0.5289180895022276 0.730042684760408 0.047120367294204775 0.061859239894613824
0 0.6528074882585103 0.9239869899963995 0.05541022398273579 0.07898001064628032
0 0.7513490390578402 0.8906453436083621 0.05239019598489382 0.06926667680598128
0 0.8345755231848243 0.9458542080129745 0.060526007212426035 0.08398360140380162
0 0.9242880581821267 0.9374590985655783 0.05812216105857988 0.08388565217888705