0 0.1316206837070826 0.28841014235530504 0.2089863561892735 0.3253042907080399
0 0.18028846153846154 0.039663461538461536 0.08173076923076923 0.07932692307692307
0 0.3182382697140153 0.10443472277350288 0.12347856783922112 0.18938816808117748
0 0.30649038461538464 0.04447115384615385 0.08413461538461539 0.0889423076923077
0 0.46033653846153844 0.0829326923076923 0.10336538461538461 0.1658653846153846
1 0.9771634615384616 0.2800480769230769 0.04567307692307692 0.15144230769230768
1 0.8719567389462765 0.28821524225500994 0.08889275571647176 0.14797731268678596
1 0.9252338028159213 0.29394603895794447 0.07731512867594038 0.12377101398555314
1 0.027644230769230768 0.8822115384615384 0.055288461538461536 0.18269230769230768
1 0.27546019464931987 0.7872407417535343 0.17641194173534094 0.27912770229664885
1 0.21543737693650533 0.8606060920287122 0.1342712979096938 0.20397908216702568
1 0.4328633592147385 0.7011726454736854 0.15987955338827275 0.2236294443047232
1 0.5228365384615384 0.8197115384615384 0.06971153846153846 0.1201923076923077