1 0.38822115384615385 0.04807692307692308 0.12259615384615384 0.09615384615384616
1 0.0673076923076923 0.06850961538461539 0.1346153846153846 0.13701923076923078
1 0.2187929597919687 0.07975458864139995 0.0649784104715707 0.09749664952051286
0 0.7695842400358225 0.26014791588707276 0.060388733483945654 0.0685945455340812
0 0.7834802100340242 0.3168621010635685 0.07368303223954745 0.08570121931239318
0 0.8147840041599027 0.27079837809759627 0.042104589851169966 0.04897212532136759
0 0.8548490529961896 0.32452224558637827 0.09546393744305874 0.11980266658846152
0 0.8913427759440165 0.26778109027879293 0.06057088605342724 0.07099839168792735
0 0.9115395215563488 0.3126438951068912 0.05040904372959787 0.0635630526652778
0 0.9411874305898768 0.3397296294123934 0.06333903734623657 0.07586203413589747
0 0.9490350836363242 0.26912389364545963 0.05004473859063477 0.05875536035758549
0 0.984375 0.25841346153846156 0.03125 0.05048076923076923
0 0.9795673076923077 0.41346153846153844 0.040865384615384616 0.10576923076923077
0 0.015625 0.7704326923076923 0.03125 0.06971153846153846
0 0.026442307692307692 0.8269230769230769 0.052884615384615384 0.08653846153846154
0 0.04795708108297962 0.7828176088668269 0.042104589851169966 0.04897212532136759
0 0.08802212991926657 0.836541476355609 0.09546393744305874 0.11980266658846152
0 0.12451585286709338 0.7798003210480237 0.06057088605342724 0.07099839168792735
0 0.1447125984794256 0.824663125876122 0.05040904372959787 0.0635630526652778
0 0.1743605075129537 0.8517488601816242 0.06333903734623657 0.07586203413589747
0 0.1822081605594011 0.7811431244146904 0.05004473859063477 0.05875536035758549
0 0.22465770476596478 0.7713329192473827 0.04228674242065148 0.051375971475213604
0 0.23640654549752635 0.9263809961704597 0.08475563741078468 0.10515578910427364
0 0.3005072170557217 0.8222902696095622 0.05871349760802584 0.07815398000918815
0 0.3271496086928038 0.8097125423766028 0.045601351421905564 0.06345115238472232
0 0.3236901292809304 0.8432265131797545 0.037296897543477585 0.04886022504081197
0 0.3361109473479867 0.8963069540553422 0.07590472582391208 0.08335332329882483
0 0.4095372627003279 0.8836183314808765 0.0469122821588622 0.04908402560192307
0 0.39655205554953427 0.8389233770736115 0.047094434728343786 0.05148787175576922
0 0.5083861152375355 0.8739210315331736 0.0469122821588622 0.04908402560192307
0 0.5017568972350275 0.8497706697141564 0.0345287462506684 0.04399658259284186
0 0.5696841921606123 0.875347760110257 0.04469058857449791 0.05143192161549155
0 0.5926297382821845 0.8614841845899578 0.03951859112784216 0.04651232902724363
0 0.5132211538461539 0.9711538461538461 0.11298076923076923 0.057692307692307696
0 0.625 0.96875 0.07211538461538461 0.0625
0 0.6548399974609459 0.9541171916625006 0.06093519119239041 0.07580608399561967
0 0.6681687395588567 0.8608427678548617 0.05762058219113633 0.06373090308611122
0 0.7007211538461539 0.9038461538461539 0.016826923076923076 0.0625