0 0.140625 0.5877403846153846 0.0889423076923077 0.040865384615384616
0 0.23317307692307693 0.5697115384615384 0.07211538461538461 0.07692307692307693
0 0.3605769230769231 0.5853365384615384 0.09134615384615384 0.04567307692307692
0 0.4266826923076923 0.5745192307692307 0.026442307692307692 0.0673076923076923
0 0.421875 0.546875 0.036057692307692304 0.08413461538461539
0 0.25306784223448126 0.4807692307692308 0.0405601423973405 0.06009615384615385
0 0.2134883248534518 0.4831730769230769 0.04296398855118665 0.06009615384615385
0 0.20171709701770685 0.3870192307692308 0.028037246683517345 0.04567307692307692
0 0.1591079818409011 0.47475961538461536 0.03773657545633405 0.04807692307692308
0 0.15671940289289707 0.5096153846153846 0.033348603935802176 0.06009615384615385
0 0.12769009352603694 0.4699519230769231 0.02820513499838138 0.05048076923076923
0 0.11208036073187905 0.5048076923076923 0.04056014239734063 0.06009615384615385
0 0.0655411373616074 0.5144230769230769 0.03790446377119822 0.052884615384615384
0 0.07265346445987166 0.47716346153846156 0.03524878514505567 0.04567307692307692
0 0.03874778583372924 0.4699519230769231 0.04072803071220467 0.06490384615384616
0 0.015625 0.4795673076923077 0.03125 0.06009615384615385
0 0.5 0.4699519230769231 0.1201923076923077 0.15625
0 0.708245644552757 0.453125 0.0864316420469661 0.1346153846153846
0 0.7248054679515417 0.4110576923076923 0.060966129832159086 0.09375
0 0.8646329984559368 0.38822115384615385 0.07382480217571072 0.11778846153846154
0 0.9723557692307693 0.4579326923076923 0.055288461538461536 0.16105769230769232
0 0.9497825518579585 0.24519230769230768 0.048359289960903704 0.07692307692307693
0 0.3927770646309495 0.9483173076923077 0.03815629624349434 0.06009615384615385
0 0.32476728465211624 0.859375 0.0435515976532114 0.07692307692307693
0 0.14903846153846154 0.9807692307692307 0.04807692307692308 0.038461538461538464