0 0.1658653846153846 0.5877403846153846 0.06850961538461539 0.09014423076923077
0 0.12259615384615384 0.4987980769230769 0.036057692307692304 0.042067307692307696
0 0.046875 0.4987980769230769 0.03125 0.03485576923076923
0 0.05889423076923077 0.4699519230769231 0.03365384615384615 0.038461538461538464
0 0.030048076923076924 0.5324519230769231 0.04447115384615385 0.056490384615384616
0 0.19591346153846154 0.5240384615384616 0.052884615384615384 0.051682692307692304
0 0.1875 0.47836538461538464 0.027644230769230768 0.042067307692307696
0 0.2247596153846154 0.48197115384615385 0.042067307692307696 0.052884615384615384
0 0.26802884615384615 0.4735576923076923 0.025240384615384616 0.042067307692307696
0 0.29086538461538464 0.49399038461538464 0.026442307692307692 0.03365384615384615
0 0.3125 0.4723557692307692 0.025240384615384616 0.028846153846153848
0 0.34975961538461536 0.5036057692307693 0.039663461538461536 0.040865384615384616
0 0.35096153846153844 0.46875 0.03125 0.03365384615384615
0 0.3942307692307692 0.4795673076923077 0.02283653846153846 0.03365384615384615
0 0.4170673076923077 0.48677884615384615 0.039663461538461536 0.051682692307692304
0 0.4579326923076923 0.4795673076923077 0.030048076923076924 0.052884615384615384
0 0.4963942307692308 0.46634615384615385 0.03365384615384615 0.038461538461538464
0 0.49399038461538464 0.5132211538461539 0.04447115384615385 0.055288461538461536
0 0.4423076923076923 0.6430288461538461 0.08774038461538461 0.09615384615384616
0 0.3004807692307692 0.5757211538461539 0.06009615384615385 0.07091346153846154
0 0.59375 0.6346153846153846 0.07211538461538461 0.08653846153846154
0 0.5697115384615384 0.5204326923076923 0.04567307692307692 0.06009615384615385
0 0.5528846153846154 0.4891826923076923 0.03125 0.039663461538461536
0 0.5997596153846154 0.484375 0.03125 0.042067307692307696
0 0.6838942307692307 0.4855769230769231 0.039663461538461536 0.055288461538461536
0 0.6923076923076923 0.5600961538461539 0.057692307692307696 0.07572115384615384
0 0.7668269230769231 0.48197115384615385 0.037259615384615384 0.04927884615384615
0 0.8197115384615384 0.5096153846153846 0.05048076923076923 0.08173076923076923
0 0.8725961538461539 0.5204326923076923 0.04447115384615385 0.0673076923076923
0 0.875 0.49278846153846156 0.040865384615384616 0.04927884615384615