0 0.3605769230769231 0.38822115384615385 0.07692307692307693 0.16105769230769232
0 0.3713942307692308 0.29086538461538464 0.055288461538461536 0.21153846153846154
0 0.4411057692307692 0.06971153846153846 0.08413461538461539 0.13942307692307693
0 0.626756296332591 0.10645621131811023 0.08827268104587321 0.15004542770405543
0 0.6610576923076923 0.03125 0.07692307692307693 0.0625
0 0.8076923076923077 0.01201923076923077 0.052884615384615384 0.02403846153846154
0 0.7680288461538461 0.05048076923076923 0.06971153846153846 0.10096153846153846
0 0.8123690768374165 0.16751821647160556 0.10305938463985899 0.18146325539832103
0 0.9098557692307693 0.027644230769230768 0.055288461538461536 0.055288461538461536
0 0.9310106624883951 0.09557150161580069 0.07605765129999917 0.13307864821524426
0 0.9567307692307693 0.265625 0.08653846153846154 0.17548076923076922
0 0.11497566352888394 0.8299185303334231 0.03913284923860106 0.058139848210349336
0 0.09735576923076923 0.9711538461538461 0.04567307692307692 0.057692307692307696
0 0.11240314761545811 0.9476930062306957 0.041620609239579935 0.06537935795426555
0 0.15504807692307693 0.9831730769230769 0.07451923076923077 0.03365384615384615
0 0.18801241633210147 0.958189486240975 0.036840888214265385 0.06772726154335647
0 0.1971153846153846 0.9747596153846154 0.038461538461538464 0.05048076923076923
0 0.2283653846153846 0.9711538461538461 0.04807692307692308 0.057692307692307696
0 0.3918269230769231 0.9759615384615384 0.014423076923076924 0.04807692307692308
0 0.43509615384615385 0.9362980769230769 0.07211538461538461 0.12740384615384615