0 0.013221153846153846 0.3894230769230769 0.026442307692307692 0.12980769230769232
0 0.056408572048264174 0.3240188986424901 0.06173256618317424 0.09654902335022524
0 0.1356157005452862 0.25204843608563815 0.0739196341151763 0.10672421263565496
0 0.10216346153846154 0.040865384615384616 0.055288461538461536 0.08173076923076923
0 0.11899038461538461 0.5 0.11778846153846154 0.07692307692307693
0 0.2439903846153846 0.4891826923076923 0.09375 0.0985576923076923
0 0.2810781855593166 0.3981331885822513 0.07661719530387227 0.12366309664658705
0 0.3349400312142218 0.31897752083368924 0.06915390109817675 0.10890413692148307
0 0.41618826860202335 0.29513996182076485 0.06902802322609822 0.1016925984599446
0 0.45072115384615385 0.41225961538461536 0.036057692307692304 0.14182692307692307
0 0.4074519230769231 0.484375 0.10817307692307693 0.10817307692307693
0 0.48677884615384615 0.09134615384615384 0.036057692307692304 0.0625
0 0.5490054870097938 0.10074424444821559 0.08568710914025014 0.09286094038262313
0 0.612917206540181 0.11573043996868518 0.08037590534424383 0.06379086466845124
0 0.6483874687781737 0.0837560078249742 0.046218547702083675 0.03337725774617125
0 0.6287790659311691 0.06122570496828672 0.0366870816680847 0.03773710631782748
0 0.746693405341709 0.07392332919626678 0.04630246628346946 0.03818495005386342
0 0.7820168100622767 0.03353543551409425 0.03175351148831386 0.030301645988270974
0 0.8167406181287902 0.09640096551329733 0.053807719779857606 0.05534775593281356
0 0.8507362219003564 0.048745552902581826 0.03660316308669906 0.03292941401013517
0 0.9699519230769231 0.0889423076923077 0.06009615384615385 0.057692307692307696
0 0.9311182105367776 0.0440827826534222 0.04145281468508426 0.03555718203199923
0 0.8879477947021015 0.11653073614348622 0.05621156593370376 0.05545971686682258
0 0.8951681462246316 0.2549758118576581 0.1148269780212538 0.11103139466765419
0 0.4879807692307692 0.796875 0.038461538461538464 0.1466346153846154
0 0.5674241333642303 0.6281647314983806 0.06384269730217057 0.07983406120731118
0 0.6244268425289203 0.7977511602058911 0.14982352147727054 0.18952192466685738
0 0.9879807692307693 0.8317307692307693 0.02403846153846154 0.17307692307692307