0 0.013221153846153846 0.19831730769230768 0.026442307692307692 0.07932692307692307
0 0.06490384615384616 0.3605769230769231 0.07211538461538461 0.038461538461538464
0 0.2247596153846154 0.3605769230769231 0.06490384615384616 0.038461538461538464
0 0.28125 0.3425480769230769 0.04807692307692308 0.07451923076923077
0 0.31850961538461536 0.35096153846153844 0.040865384615384616 0.057692307692307696
0 0.3954326923076923 0.35697115384615385 0.026442307692307692 0.04567307692307692
0 0.4539216027686148 0.2335079236448312 0.04929374250701512 0.07279244768151759
0 0.4752205438276876 0.21566356356305258 0.04423429445516588 0.05806127983644279
0 0.5262048245467708 0.24774467209018441 0.041956326173398256 0.06511877283698225
0 0.5636952160301967 0.26335353058182215 0.06886018606332706 0.09325558060027844
0 0.6204793156804311 0.28380052199222067 0.09361195554356663 0.1356614198256527
0 0.7195256231232684 0.24932802400829274 0.04436017232724428 0.06527281829798125
0 0.6877930912803009 0.21968120224607546 0.034451072677009836 0.04782971337706243
0 0.7085736244978905 0.10335617258710404 0.03449303196770273 0.05023355953090845
0 0.7441366183782605 0.21488780904108942 0.03217310439524222 0.05488720637760189
0 0.7733184465499571 0.23596712380384616 0.03946856143816646 0.06015703506829094
0 0.7994250799167221 0.21843085464406542 0.039552480019551965 0.06496472737598324
0 0.7992788461538461 0.32211538461538464 0.14182692307692307 0.11538461538461539
0 0.9060754557905023 0.2756896241587886 0.0762815209783297 0.10573694775250622
0 0.869514251994496 0.2445327883976505 0.04212416333616941 0.07473415745236686
0 0.8822948332883752 0.22013965381776013 0.036980796702934526 0.05519529729959976
0 0.9121960526940271 0.21365176054178553 0.029475543206546516 0.03790623783967981
0 0.9632222927038032 0.24813671522276365 0.0518234665329398 0.08015803160405491
0 0.9651855663053746 0.22305037606837796 0.0346189098397814 0.05744509799244691
0 0.17856142357332908 0.8005056826248695 0.12666620504335846 0.24102939543402366
0 0.1651216602127195 0.6495720934349895 0.0666241770722522 0.10271691975466404
0 0.26902370254611935 0.5493789398727897 0.054185353396093205 0.07790823091120777
0 0.3722990852879408 0.6196277950421684 0.07172558441479432 0.11985193375358513
0 0.6860937400072411 0.7345322901297684 0.1682448976005211 0.2845135528863905
0 0.890625 0.8197115384615384 0.21875 0.3269230769230769
0 0.9627403846153846 0.8689903846153846 0.07451923076923077 0.2620192307692308
0 0.9350961538461539 0.5673076923076923 0.12980769230769232 0.2644230769230769
0 0.9603365384615384 0.4266826923076923 0.07451923076923077 0.09375
0 0.8677884615384616 0.4411057692307692 0.09134615384615384 0.12259615384615384
0 0.8100961538461539 0.41586538461538464 0.0673076923076923 0.07211538461538461
0 0.7644230769230769 0.4423076923076923 0.08173076923076923 0.125
0 0.6935096153846154 0.41225961538461536 0.06490384615384616 0.06490384615384616
0 0.6574519230769231 0.4098557692307692 0.06009615384615385 0.06009615384615385
0 0.5024965777962234 0.4646424417468848 0.07404551198725483 0.11519828690689177
0 0.5711138211763851 0.6815420538092412 0.19320646353422502 0.3389386228809954
0 0.4182692307692308 0.4326923076923077 0.019230769230769232 0.10096153846153846
0 0.4735576923076923 0.39903846153846156 0.0625 0.038461538461538464