1 0.028846153846153848 0.15504807692307693 0.057692307692307696 0.15625
1 0.3213829869862777 0.1052425653726616 0.043313451895067454 0.0860379512627686
1 0.48493658079015406 0.15727108226442377 0.058086252715241926 0.09872894763605335
1 0.26427234809224437 0.16379759941251779 0.0354024656393339 0.06166360692228013
1 0.4448755611380938 0.18301197715550133 0.032858729926648615 0.0567439536805788
1 0.577764436830909 0.17119696283915525 0.03278878514722932 0.05434010752673265
1 0.38060121799902313 0.20162364732187338 0.040210157947026204 0.06188752879029803
1 0.548360747304197 0.7124739161387047 0.0728590535354164 0.11141994400933825
1 0.47836538461538464 0.671875 0.0673076923076923 0.06490384615384616
1 0.3713942307692308 0.6598557692307693 0.06490384615384616 0.040865384615384616
1 0.31009615384615385 0.6466346153846154 0.04326923076923077 0.014423076923076924