0 0.040865384615384616 0.11538461538461539 0.08173076923076923 0.10096153846153846
0 0.08269237895188858 0.09006272382779024 0.09286094038262313 0.08465206659376288
0 0.2009846646933907 0.101565304743023 0.07754217598747405 0.0653373863561048
1 0.47475961538461536 0.008413461538461538 0.03125 0.016826923076923076
1 0.6382211538461539 0.021634615384615384 0.04567307692307692 0.04326923076923077
0 0.006009615384615385 0.7740384615384616 0.01201923076923077 0.08653846153846154
0 0.026613741169621077 0.7561860326925991 0.044895978239709075 0.08677620939131304
0 0.11438708690952928 0.8348005135661171 0.07407801488788998 0.09415556986662921
0 0.22415395017856085 0.8438503002401518 0.09465231532676718 0.12311360505530135
0 0.39783653846153844 0.9194711538461539 0.12259615384615384 0.16105769230769232
0 0.3128327470236317 0.6581186226135742 0.0513237901631844 0.06999124181783446
1 0.9122596153846154 0.9831730769230769 0.04567307692307692 0.03365384615384615
1 0.5918534701254943 0.6910584238537163 0.040924679009736634 0.05310837806965223
1 0.8534974072624314 0.942512881306455 0.049255826811365304 0.07718879511155799
1 0.7486205500379252 0.9094595960134957 0.03611698670204433 0.053080407734022665
1 0.8978893831501475 0.5798887338549632 0.0361169867020446 0.053080407734022526
1 0.856157958259867 0.5868555318797427 0.036228947636053346 0.05548425388786868
1 0.7833708080404284 0.5720128999222219 0.034049023350225235 0.0602779610277462
1 0.5516235760622924 0.5754710235357863 0.03142125532836104 0.05545628355223911