1 0.6887019230769231 0.35096153846153844 0.040865384615384616 0.25
1 0.4015607183320596 0.2820374580269371 0.17650167334624073 0.23319157439533073
1 0.48818149360735413 0.3035229351165865 0.1308285964231638 0.2318626235863601
1 0.7560096153846154 0.5889423076923077 0.05048076923076923 0.057692307692307696
1 0.7223557692307693 0.5877403846153846 0.026442307692307692 0.06009615384615385
1 0.06490384615384616 0.6899038461538461 0.125 0.14423076923076922
1 0.556351912262595 0.7448992347289068 0.13317314818265766 0.1791178977605837
1 0.30573944105289286 0.7137818981064169 0.09510015906280327 0.1347994953000603
1 0.43632754597130063 0.7447907044691131 0.1128227696117985 0.15451987798676606
1 0.2040501565202959 0.7323445788420363 0.08240916268951838 0.12002669447988581
1 0.04447115384615385 0.8377403846153846 0.0889423076923077 0.3245192307692308
1 0.9718648444392145 0.854101395335156 0.051435751097193415 0.0735142802037748