0 0.2764423076923077 0.051682692307692304 0.16346153846153846 0.10336538461538461
0 0.018028846153846152 0.8389423076923077 0.036057692307692304 0.2403846153846154
0 0.08343619022416834 0.5205068219053632 0.04632996169983187 0.07545119673813397
0 0.15198166835936944 0.5459682067511805 0.05834919246906267 0.07643231795070736
0 0.20599506191145994 0.5582819722502662 0.056491804023661274 0.08344763216973114
0 0.192920197884202 0.5259035836727654 0.03766120268244076 0.05563175477982085
0 0.2533254433351638 0.5484459841366147 0.04651211426931349 0.07785504289198013
0 0.26938789338357494 0.5256340232969113 0.0383898129603671 0.06524713939520546
0 0.30480663228980515 0.6099404836682892 0.0649784104715707 0.10086322797419811
0 0.33653846153846156 0.5829326923076923 0.04326923076923077 0.07451923076923077
0 0.34134615384615385 0.5372596153846154 0.03365384615384615 0.06971153846153846
0 0.8161057692307693 0.5108173076923077 0.17067307692307693 0.12259615384615384