0 0.016826923076923076 0.06129807692307692 0.03365384615384615 0.07932692307692307
0 0.054086538461538464 0.3473557692307692 0.10817307692307693 0.24278846153846154
0 0.09433372861381446 0.09429558607390885 0.06328603182857315 0.09344475778195602
0 0.15625 0.019230769230769232 0.028846153846153848 0.038461538461538464
0 0.19591346153846154 0.01201923076923077 0.021634615384615384 0.02403846153846154
0 0.23677884615384615 0.01201923076923077 0.021634615384615384 0.02403846153846154
0 0.23205121751537577 0.10389187394464085 0.08651558620439818 0.1398733321219217
0 0.2692307692307692 0.016826923076923076 0.02403846153846154 0.03365384615384615
0 0.34557762376945356 0.08432149854533283 0.08120422895211335 0.12528236688398062
0 0.7692307692307693 0.018028846153846152 0.08653846153846154 0.036057692307692304
0 0.96875 0.01201923076923077 0.0625 0.02403846153846154
0 0.008413461538461538 0.7740384615384616 0.016826923076923076 0.052884615384615384
0 0.04822183415892448 0.7942917769148583 0.0380723520860624 0.05895147005378886
0 0.08503502388350558 0.7713979991687616 0.033348603935802176 0.06118742789277098
0 0.1341040096437715 0.7756867593260193 0.05067919195731777 0.07619811391787251
0 0.14110185817291926 0.8846840106175748 0.09456656624025737 0.16416362613267937
0 0.3161057692307692 0.9242788461538461 0.17067307692307693 0.15144230769230768
0 0.24093398004793504 0.8103708107031138 0.06328603182857315 0.09344475778195588
0 0.22574396804093766 0.7640834198051384 0.04793956917374327 0.0664987851450558
0 0.16395749337911034 0.7458332755906804 0.038324184558358516 0.06616300851532746
0 0.11094696175834688 0.7512858162849554 0.028121190840949432 0.049000308808676035
0 0.024198639826305126 0.7603174213371259 0.027953302526085258 0.044192616500983724
0 0.21940240556540436 0.6706691964348668 0.027953302526085258 0.044192616500983724
0 0.2732943508392048 0.639976271125207 0.028037246683517345 0.046596462654829876
0 0.331135450101724 0.7712071845704345 0.048023513331175355 0.06890263129890196
0 0.31187797599808087 0.7382668637547609 0.033264659778370086 0.058783581738924826
0 0.385878274616877 0.7849014689494963 0.05599054920960246 0.0907890791558136
0 0.4368054695076805 0.804731284949322 0.07374085801827863 0.1178189959501459
0 0.4080318221519272 0.7349090974574775 0.0405601423973405 0.061439260365067236
0 0.3836308791108633 0.7117520495720527 0.03309677146350591 0.053975889431232514
0 0.43179174634521844 0.7076693202695649 0.03301282730607369 0.05157204327738636
0 0.4724052984883069 0.713453808054758 0.037988407928630445 0.05654762389994271
0 0.47475961538461536 0.7632211538461539 0.05048076923076923 0.0889423076923077
0 0.7162239652500169 0.9196656960844922 0.11552962836541607 0.14568835431879906
0 0.5783118831607175 0.8812652264463223 0.09562730587519021 0.12578603182857315
0 0.5336538461538461 0.6322115384615384 0.0673076923076923 0.10096153846153846
0 0.6347946596478808 0.7076273991402485 0.03309677146350591 0.053975889431232514
0 0.6134118767355617 0.701171358095599 0.03309677146350591 0.053975889431232514
0 0.6760644978445837 0.7289949148467255 0.043299765180915134 0.07113858913788394
0 0.7138125109679495 0.7480845006355045 0.04785562501631118 0.06409493899120952
0 0.7817230795835085 0.6940933439984298 0.030525036994795585 0.04908425296610812
0 0.7619199684565567 0.6767780231827564 0.035500617617352064 0.054059833588664605
0 0.8227563525137573 0.6878586010143921 0.030860813624523933 0.058699637581492735
0 0.859218498402768 0.7093940050357332 0.04519994639016877 0.056799456372239106
0 0.8579020967567283 0.7814674175724018 0.060546409044998646 0.08374542900913931
0 0.9488705018944379 0.7890948472822903 0.0827686335316385 0.10132784950295118
0 0.984375 0.8461538461538461 0.03125 0.1201923076923077
0 0.9747862693080896 0.6657431960192475 0.04047619823990855 0.059035414211221084
0 0.9891826923076923 0.6490384615384616 0.021634615384615384 0.03365384615384615
0 0.9100922835478236 0.6620000728852986 0.030525036994795585 0.04908425296610812
0 0.8753624305532026 0.6596114939372946 0.025381568057374928 0.03930098003585933