0 0.09000028752974497 0.3319979198583073 0.02292882178547414 0.05355616864407208
0 0.1427250462913843 0.38299762123951125 0.024324108151673476 0.039217035878427245
0 0.1953322517377528 0.39802357447045494 0.024492201449614726 0.0416208820322734
0 0.20072115384615385 0.44591346153846156 0.03125 0.06490384615384616
0 0.22541383532712997 0.4338447015116932 0.03494805255470491 0.053975889431232375
0 0.24905733361207388 0.4118895767031916 0.02516457464137918 0.05123626664765801
0 0.28365384615384615 0.453125 0.03365384615384615 0.05048076923076923
0 0.2920744244343929 0.4097948023061999 0.024156014853732498 0.03681318972458109
0 0.2734572517377528 0.4007517595869977 0.017112569690135013 0.03896520340613098
0 0.3429084135774146 0.34802359485021483 0.03444377266088157 0.04676435096969405
0 0.35216346153846156 0.46274038461538464 0.040865384615384616 0.03125
0 0.39302884615384615 0.4543269230769231 0.055288461538461536 0.04807692307692308
0 0.6875 0.41466346153846156 0.16346153846153846 0.12740384615384615
0 0.8197104185286587 0.19842039954379212 0.08258770907040504 0.11798688426501008
0 0.9603365384615384 0.37259615384615385 0.07932692307692307 0.11538461538461539
0 0.16466346153846154 0.9302884615384616 0.09375 0.13942307692307693
0 0.3041353985448891 0.7967720609967147 0.16791545089053847 0.24086540499514442
0 0.42788461538461536 0.6514423076923077 0.16346153846153846 0.34615384615384615
0 0.6225181040063887 0.8414873882375438 0.0946069398396358 0.11840660505217052
0 0.7760028012653251 0.858837073003712 0.08515964852219245 0.12047467457628833
0 0.7632211538461539 0.9435096153846154 0.10817307692307693 0.11298076923076923
0 0.8725961538461539 0.9567307692307693 0.09615384615384616 0.08653846153846154
0 0.96875 0.9447115384615384 0.0625 0.11057692307692307