0 0.03365384615384615 0.5096153846153846 0.0673076923076923 0.09615384615384616
0 0.11538461538461539 0.5204326923076923 0.057692307692307696 0.07451923076923077
0 0.219092381372269 0.4242073108385601 0.04452800949001556 0.07337439064493581
0 0.265625 0.5432692307692307 0.036057692307692304 0.028846153846153848
0 0.8966346153846154 0.03245192307692308 0.08653846153846154 0.06490384615384616
0 0.7423694923860822 0.09062864059863628 0.04431821303655152 0.06135515987570505
0 0.7182051529755421 0.09714073126597964 0.03714863386570595 0.06354917169129265
0 0.6951588180605396 0.10849548663072503 0.059035004994478266 0.0786017516291451
0 0.5889423076923077 0.13942307692307693 0.019230769230769232 0.11057692307692307
0 0.5973557692307693 0.06971153846153846 0.036057692307692304 0.057692307692307696
0 0.2091346153846154 0.6382211538461539 0.15384615384615385 0.16105769230769232
0 0.3870347508769487 0.7154979997759242 0.1805578434046017 0.29597135351300885
0 0.5168269230769231 0.6899038461538461 0.125 0.2644230769230769
0 0.6694711538461539 0.5805288461538461 0.07932692307692307 0.04567307692307692
0 0.9723557692307693 0.7451923076923077 0.055288461538461536 0.17307692307692307