0 0.24360383905398236 0.3424555812300596 0.12933386463790106 0.17551947079790808
0 0.3542506903368494 0.34008617841852246 0.10493177642853063 0.14244794510309225
0 0.40811345853936704 0.3167569763744178 0.07334612103999934 0.11123380785367806
0 0.5923861436860096 0.43873068878612576 0.20505586054936897 0.2845315850672216
0 0.6889727026513945 0.3652477404913527 0.13936881848894972 0.21230577338352674
0 0.9466728964892271 0.2843682623490065 0.08072548719580351 0.12620334248519974
0 0.9747596153846154 0.33653846153846156 0.05048076923076923 0.15384615384615385
0 0.17427884615384615 0.6382211538461539 0.03125 0.0985576923076923
0 0.3016826923076923 0.6526442307692307 0.06490384615384616 0.12740384615384615
0 0.47475961538461536 0.6346153846153846 0.04567307692307692 0.09134615384615384
0 0.6490384615384616 0.6418269230769231 0.057692307692307696 0.10576923076923077
0 0.7776442307692307 0.7091346153846154 0.13221153846153846 0.2403846153846154
0 0.8930288461538461 0.7944711538461539 0.21394230769230768 0.4110576923076923