0 0.26802884615384615 0.5108173076923077 0.08774038461538461 0.14302884615384615
0 0.15865384615384615 0.4855769230769231 0.08052884615384616 0.09615384615384616
0 0.04326923076923077 0.3942307692307692 0.057692307692307696 0.09134615384615384
0 0.09014423076923077 0.3004807692307692 0.040865384615384616 0.05889423076923077
0 0.15745192307692307 0.3112980769230769 0.03485576923076923 0.06129807692307692
0 0.21754807692307693 0.33774038461538464 0.04326923076923077 0.06971153846153846
0 0.29086538461538464 0.296875 0.03125 0.054086538461538464
0 0.32211538461538464 0.3701923076923077 0.037259615384615384 0.07211538461538461
0 0.3581730769230769 0.3389423076923077 0.03125 0.054086538461538464
0 0.3473557692307692 0.28725961538461536 0.026442307692307692 0.04927884615384615
0 0.4254807692307692 0.3016826923076923 0.027644230769230768 0.046875
0 0.4338942307692308 0.4098557692307692 0.07211538461538461 0.10817307692307693
0 0.453125 0.3389423076923077 0.03485576923076923 0.055288461538461536
0 0.45072115384615385 0.28725961538461536 0.021634615384615384 0.03245192307692308
0 0.5240384615384616 0.3245192307692308 0.028846153846153848 0.04927884615384615
0 0.5252403846153846 0.2980769230769231 0.025240384615384616 0.03125
0 0.5865384615384616 0.3449519230769231 0.052884615384615384 0.07211538461538461
0 0.6177884615384616 0.45072115384615385 0.07932692307692307 0.1141826923076923
0 0.6310096153846154 0.32091346153846156 0.04447115384615385 0.06009615384615385
0 0.6129807692307693 0.28846153846153844 0.03365384615384615 0.046875
0 0.7584134615384616 0.3449519230769231 0.046875 0.078125
0 0.7884615384615384 0.4182692307692308 0.05889423076923077 0.09134615384615384
0 0.8581730769230769 0.31850961538461536 0.040865384615384616 0.07091346153846154
0 0.9338942307692307 0.3786057692307692 0.056490384615384616 0.08774038461538461