0 0.7874119324396687 0.07359171333446753 0.06898606393540546 0.1004671190618169
0 0.8672843262955987 0.09975821312150196 0.08113117257671504 0.1084488848283501
0 0.9651442307692307 0.125 0.06971153846153846 0.1346153846153846
0 0.9555288461538461 0.36177884615384615 0.0889423076923077 0.37259615384615385
0 0.8953508797405719 0.3289869892807431 0.1603620104878975 0.24558987804185506
0 0.7495946796916917 0.1819026942101811 0.10811895104802935 0.14139338489933861
0 0.6535247521192312 0.19287220495783158 0.08859446678241029 0.1233340981344239
0 0.6001366252463018 0.16741505125365475 0.08378677447471798 0.12302600721242604
0 0.5534504420544196 0.18123624543544212 0.06384269730217057 0.08092825890904966
0 0.08413461538461539 0.9819711538461539 0.09615384615384616 0.036057692307692304
0 0.1502403846153846 0.9735576923076923 0.05048076923076923 0.052884615384615384
0 0.1778846153846154 0.9723557692307693 0.04326923076923077 0.055288461538461536
0 0.22355769230769232 0.96875 0.0625 0.0625
0 0.32002833915599993 0.9366439780787679 0.05920284215724955 0.09023555260243654
0 0.3568473819883406 0.9090158888178995 0.034451072677009975 0.04782971337706243
0 0.3942307692307692 0.9555288461538461 0.04807692307692308 0.0889423076923077
0 0.3928421353599936 0.903099437672146 0.041956326173398124 0.06511877283698225
0 0.40384615384615385 0.890625 0.028846153846153848 0.06490384615384616
0 0.8277467426292155 0.8599413550557954 0.15387594655249176 0.14912794096601117