0 0.014423076923076924 0.38461538461538464 0.028846153846153848 0.1201923076923077
0 0.08173076923076923 0.44471153846153844 0.1201923076923077 0.08653846153846154
0 0.07465006166848252 0.1875 0.04997922784636758 0.08173076923076923
0 0.023497890754379948 0.21634615384615385 0.019958121054380322 0.03125
0 0.11333339081303374 0.28125 0.04265578910427364 0.07692307692307693
0 0.14226346986960423 0.2776442307692308 0.03482879909967957 0.05048076923076923
0 0.1507878267495722 0.3245192307692308 0.0498673275658121 0.07692307692307693
0 0.07878534735379225 0.26802884615384615 0.034940699380235044 0.055288461538461536
0 0.12060188435389918 0.22716346153846154 0.030021106791987124 0.05048076923076923
0 0.16157916924983934 0.22235576923076922 0.03242495294583341 0.05048076923076923
0 0.17049517711175172 0.25240384615384615 0.029909206511431644 0.04567307692307692
0 0.19735610591709357 0.2860576923076923 0.04494773497756418 0.07211538461538461
0 0.2175660026027239 0.2439903846153846 0.029797306230876168 0.040865384615384616
0 0.22332183247799087 0.3581730769230769 0.05998626344369658 0.0985576923076923
0 0.254795633039102 0.3485576923076923 0.04997922784636758 0.08173076923076923
0 0.26807374196458283 0.29447115384615385 0.03471689881912395 0.04567307692307692
0 0.2748107091728094 0.26322115384615385 0.029741356090598223 0.038461538461538464
0 0.3107565011999461 0.26802884615384615 0.027393460077030012 0.040865384615384616
0 0.324115520518696 0.36538461538461536 0.057414566869017136 0.09134615384615384
0 0.3575445611723819 0.4266826923076923 0.06730970218579066 0.10336538461538461
0 0.32903611804599314 0.3088942307692308 0.037232645253525584 0.05048076923076923
0 0.33208339081303373 0.28125 0.024877713642628245 0.036057692307692304
0 0.36724688581533077 0.26802884615384615 0.02493366378290605 0.038461538461538464
0 0.4183131216409184 0.34615384615384615 0.04237603840288474 0.06490384615384616
0 0.3937161636387282 0.31850961538461536 0.03236900280555561 0.04807692307692308
0 0.41585433028584357 0.296875 0.02985325637115384 0.04326923076923077
0 0.4636515026613776 0.3088942307692308 0.03242495294583355 0.05048076923076923
0 0.4543269230769231 0.4338942307692308 0.07211538461538461 0.10817307692307693
0 0.5048076923076923 0.4495192307692308 0.0673076923076923 0.07692307692307693
0 0.49529114376522376 0.3954326923076923 0.04489178483728624 0.06971153846153846
0 0.4795832234938563 0.3473557692307692 0.0373445455340812 0.055288461538461536
0 0.4924417063672538 0.3112980769230769 0.03231305266527794 0.04567307692307692
0 0.5264423076923077 0.33413461538461536 0.02403846153846154 0.052884615384615384
0 0.90625 0.4387019230769231 0.16346153846153846 0.0985576923076923
0 0.6129807692307693 0.43990384615384615 0.14903846153846154 0.09615384615384616
0 0.6573279635277772 0.3894230769230769 0.13115250555245736 0.16105769230769232
0 0.5576923076923077 0.27403846153846156 0.038461538461538464 0.12980769230769232
0 0.5432692307692307 0.15625 0.009615384615384616 0.07211538461538461
0 0.5625 0.18389423076923078 0.04807692307692308 0.08413461538461539
0 0.6103171079332795 0.18870192307692307 0.04723968085085472 0.0673076923076923
0 0.6673659890123927 0.21634615384615385 0.054898820434615365 0.08653846153846154
0 0.6867086585237175 0.21153846153846154 0.04500368511784199 0.07451923076923077
0 0.7188538607681619 0.17307692307692307 0.04466798427617528 0.06009615384615385
0 0.6806451028769229 0.11057692307692307 0.04729563099113253 0.06971153846153846
0 0.7639944064195509 0.24759615384615385 0.07166979337126077 0.08413461538461539
0 0.7917785125394761 0.24158653846153846 0.05724671644818385 0.08413461538461539
0 0.797481407091613 0.203125 0.042208187982051455 0.057692307692307696
0 0.7932611912568373 0.1778846153846154 0.042264138122329126 0.06009615384615385
0 0.8258250146143159 0.17307692307692307 0.0471277805702991 0.0625
0 0.8605688835645295 0.1778846153846154 0.037232645253525584 0.05048076923076923
0 0.8859201635214204 0.2247596153846154 0.04483583469700884 0.0673076923076923
0 0.9241568964827989 0.2860576923076923 0.07200549421292762 0.0985576923076923
0 0.9879807692307693 0.22596153846153846 0.02403846153846154 0.07211538461538461
0 0.9597689975463671 0.20192307692307693 0.04707183043002143 0.06009615384615385
0 0.9170033180396364 0.18028846153846154 0.04472393441645295 0.0625
0 0.08052884615384616 0.9759615384615384 0.11298076923076923 0.04807692307692308
0 0.4689917262407582 0.8882211538461539 0.042040337561218166 0.05048076923076923
0 0.49003987009150596 0.8617788461538461 0.03460499853856847 0.040865384615384616
0 0.4168344626797539 0.8569711538461539 0.0348287990996797 0.05048076923076923
0 0.34130812938552313 0.9002403846153846 0.06199845861559849 0.08173076923076923
0 0.32451018631778805 0.8473557692307693 0.03728859539380353 0.052884615384615384
0 0.2347566015914525 0.8822115384615384 0.057078866027350565 0.07692307692307693
0 0.2524787269128201 0.84375 0.041928437280662416 0.04567307692307692
0 0.24208104527259577 0.8257211538461539 0.03471689881912395 0.04567307692307692
0 0.025240384615384616 0.8810096153846154 0.05048076923076923 0.09375
0 0.04770520765272401 0.8112980769230769 0.03728859539380353 0.052884615384615384
0 0.5749318222479698 0.5192307692307693 0.019902170914102648 0.028846153846153848
0 0.5661057692307693 0.65625 0.055288461538461536 0.08173076923076923
0 0.5576923076923077 0.6201923076923077 0.038461538461538464 0.0625
0 0.6447262809808757 0.5673076923076923 0.019846220773824703 0.026442307692307692
0 0.6708608629016557 0.5805288461538461 0.024709863221794956 0.028846153846153848
0 0.6926913037772432 0.5721153846153846 0.02219411678739319 0.02403846153846154
0 0.7052970060803415 0.5985576923076923 0.027281559796474397 0.036057692307692304
0 0.7247515758722218 0.5889423076923077 0.024765813362072626 0.03125
0 0.7434787938404911 0.6105769230769231 0.03460499853856847 0.040865384615384616
0 0.7630172888427881 0.5973557692307693 0.027169659515918782 0.03125
0 0.8116527083834397 0.625 0.037176695113247914 0.04807692307692308
0 0.7973974818811963 0.6177884615384616 0.02979730623087603 0.040865384615384616
0 0.8506457731776172 0.6021634615384616 0.027337509936752068 0.038461538461538464
0 0.8842716442613244 0.6033653846153846 0.027169659515918782 0.03125
0 0.8951998472951386 0.6502403846153846 0.04455608399561966 0.055288461538461536
0 0.9271492240486108 0.6201923076923077 0.027169659515918782 0.03125
0 0.9611377661050745 0.6574519230769231 0.04455608399561966 0.055288461538461536
0 0.9819711538461539 0.6947115384615384 0.036057692307692304 0.0673076923076923
0 0.9822138850259612 0.6298076923076923 0.024709863221794685 0.028846153846153848