0 0.016826923076923076 0.051682692307692304 0.03365384615384615 0.10336538461538461
0 0.1141826923076923 0.1141826923076923 0.2283653846153846 0.2283653846153846
0 0.25 0.040865384615384616 0.07692307692307693 0.08173076923076923
0 0.4411057692307692 0.026442307692307692 0.09375 0.052884615384615384
0 0.47836538461538464 0.16466346153846154 0.1201923076923077 0.3293269230769231
0 0.9699519230769231 0.43149038461538464 0.06009615384615385 0.07451923076923077
0 0.9903846153846154 0.38341346153846156 0.019230769230769232 0.055288461538461536
0 0.9336343980438417 0.4112597795271088 0.05126396513734231 0.06936462603089556
0 0.8711483836850307 0.4150083824518075 0.03661711795524443 0.04954616145063977
0 0.7949525601037715 0.48064275764907005 0.08539332309160773 0.11160129979508272
0 0.8221212790725829 0.4386509569471691 0.061159062576502846 0.09379488446901482
0 0.6862760000978976 0.44178124200098934 0.0463164164177619 0.05714949681183594
0 0.6207016852323028 0.4901479226092137 0.07561011078195747 0.09678642597234809
0 0.5600961538461539 0.45072115384615385 0.04326923076923077 0.07451923076923077
0 0.5911702349678977 0.4324290825389562 0.051403821549230275 0.08138385680012661
0 0.004807692307692308 0.9543269230769231 0.009615384615384616 0.0625
0 0.01698413339125608 0.9464195682368024 0.029573407187971617 0.0636753906989734
0 0.04464234980167566 0.9464950752272093 0.03661711795524443 0.04954616145063977
0 0.07926036313223522 0.9246421191582576 0.03183739692992974 0.051754109154657064
0 0.1022507436468505 0.9369327553677242 0.036701031802377285 0.05675769991217823
0 0.13927260313125617 0.9149818500738578 0.036840888214265385 0.068776930681409
0 0.1646668297997177 0.92717453705841 0.03667306051999967 0.05435385375833208
0 0.185881875948669 0.8902353017264877 0.03418530051902079 0.04704436607187919
0 0.21245005441167591 0.8999751679447365 0.034381099495663994 0.06387128914880226
0 0.24505581954167582 0.9118740072545453 0.03189333949468498 0.056561801462349376
0 0.2516939467144733 0.8623013134259557 0.03189333949468484 0.056561801462349376
0 0.27613799184741017 0.8961775904075805 0.03183739692992974 0.051754109154657064
0 0.30600425543503273 0.8793282250961499 0.041620609239579935 0.0665689829773917
0 0.3288687651789487 0.8808015536133087 0.03429718564853113 0.0566597506872638
0 0.37212401030699066 0.8778365444879257 0.036784945649510147 0.0639692383737167
0 0.3962743569749626 0.8864724368541658 0.034241243083775894 0.05185205837957149
0 0.4043661487660817 0.8584853837977343 0.03189333949468512 0.056561801462349376
0 0.4248827549209068 0.8648643538475 0.03670103180237742 0.05675769991217823
0 0.4646581015888789 0.8728635762517963 0.034269214366153516 0.05425590453341765
0 0.49458030774125644 0.860821903248058 0.03667306051999967 0.05435385375833208
0 0.47878748004699084 0.847035496286925 0.029265723081818004 0.03723308300666572
0 0.53125 0.8569711538461539 0.014423076923076924 0.06009615384615385