0 0.07639076343126674 0.48371029065498516 0.06568406061054113 0.09639357674188026
0 0.023431504749286756 0.4373316425725778 0.0452818796491451 0.05405602711524219
0 0.04448041426858874 0.41889688849444384 0.032421411730626806 0.04338909606324775
0 0.08962771797336089 0.4168831495689452 0.016315860508974274 0.022896471108546954
0 0.11874411375384511 0.4361286294500705 0.02175448067863237 0.030528628144729317
0 0.16037609222115293 0.40756742818860314 0.019771253099430116 0.03512601116509974
0 0.18515063626524125 0.41808398260028407 0.01871970666282043 0.023106780395868973
0 0.23444419306944345 0.44982924447229256 0.04005356876680903 0.04882771623290584
0 0.2233419327924492 0.40472716276417287 0.02415832683247852 0.030738937432051198
0 0.27445362988518424 0.4163551962594719 0.03200079315598277 0.038581403755555445
0 0.3248439551226486 0.44700368969821824 0.05354496454729339 0.0667061857464386
0 0.4120438558693723 0.4212364418189446 0.03722910403831911 0.04380971463789179
0 0.5 0.15625 0.1201923076923077 0.20673076923076922
0 0.5842795417970076 0.34882466410527 0.16063489364188002 0.20011855723931596
0 0.6832905441168087 0.13086958921232114 0.06442220488660957 0.08197049981880333
0 0.913789532951709 0.1343375123619646 0.052402974117378806 0.08091895338219365
0 0.027644230769230768 0.9879807692307693 0.055288461538461536 0.02403846153846154
0 0.046875 0.9711538461538461 0.05048076923076923 0.057692307692307696
0 0.09105575103354618 0.9493078314363246 0.0493682001015668 0.07349710563333317
0 0.11477874864102479 0.9478051550787747 0.03629742289572641 0.06042632842749285
0 0.1378255963898852 0.9522069394621793 0.028244647284900212 0.050180015950142445
0 0.24639423076923078 0.9639423076923077 0.05048076923076923 0.07211538461538461
0 0.3746496645403838 0.9598064050608967 0.03389357674188025 0.06021601914017083
0 0.39663461538461536 0.9711538461538461 0.04326923076923077 0.057692307692307696
0 0.42427884615384615 0.9759615384615384 0.03125 0.04807692307692308
0 0.39879437076809054 0.8676936573628198 0.028034337997578263 0.04777616979629629