0 0.006009615384615385 0.41346153846153844 0.01201923076923077 0.052884615384615384
0 0.021600009828630137 0.42084142148678205 0.03070718911952837 0.04752162245506442
0 0.058000524423523006 0.4147386418633049 0.03301308604846006 0.04527182176221714
0 0.09261142059200612 0.4229819164324052 0.028205393740767734 0.04496373084021927
0 0.11824360210704853 0.41498400915750955 0.022810006083588793 0.03023256299514447
0 0.13377474302557626 0.47743742703807857 0.050819501374527606 0.07038860152767129
0 0.15187500602638712 0.44726574526507135 0.030707189119528387 0.04752162245506442
0 0.20108243533326856 0.48175069994604935 0.05881463363538169 0.09008150714143753
0 0.22077641831066033 0.442040656288157 0.02079795682940042 0.039693902149530086
0 0.23404654676927142 0.44168598324672814 0.025605649137092658 0.04000199307152796
0 0.2676514183106603 0.4450445427776366 0.032817187598631184 0.04046412945452483
0 0.25721153846153844 0.5132211538461539 0.0625 0.06971153846153846
0 0.30288461538461536 0.5228365384615384 0.08653846153846154 0.05048076923076923
0 0.4098557692307692 0.5252403846153846 0.09375 0.04567307692307692
0 0.2868821875414296 0.44627690646562823 0.017904364550981988 0.027520625919300448
0 0.3155324429377545 0.452933144305308 0.022810006083588793 0.03023256299514447
0 0.34671102609078974 0.4862627580287939 0.04591385984192087 0.0676766644518274
0 0.38573781766730736 0.5044295081352766 0.04341206446316029 0.06511877283698225
0 0.3839930837099127 0.45852536302070135 0.025409750687263803 0.035194300763835645
0 0.36333796057444173 0.4331004923332492 0.01780641532606763 0.025116779765454293
0 0.4086947475882678 0.4733639942073442 0.02290795530850322 0.03263640914899049
0 0.4376388506593361 0.47280869358548555 0.02030821070482821 0.02767467138029918
0 0.46153846153846156 0.515625 0.052884615384615384 0.06490384615384616
0 0.4807692307692308 0.4963942307692308 0.014423076923076924 0.040865384615384616
0 0.5148087921619958 0.0966837932390619 0.03899616905512569 0.074426066530369
0 0.5401553062891792 0.21399397688616423 0.041693862883715266 0.08179165045290632
0 0.6251000478510599 0.22907797536701183 0.041693862883715266 0.08179165045290632
0 0.6596129947946285 0.23972509608995818 0.049395147469826 0.09427301760513397
0 0.6966808018728573 0.3059687692733641 0.06278566738785904 0.128697091063975
0 0.7067818424693719 0.23551744411789935 0.051211298274185316 0.08000398614305605
0 0.7007211538461539 0.4543269230769231 0.1466346153846154 0.1875
0 0.7655863043005725 0.3597919565266794 0.06818105504503791 0.1434282589090498
0 0.7610908117586889 0.2630989512593368 0.05430078900243274 0.096984954680978
0 0.8074536233996092 0.3082471681716236 0.056900533606107744 0.10194669244966931
0 0.9134493751400606 0.39818892895476843 0.07298874735273021 0.14373634983104766
0 0.9435096153846154 0.43990384615384615 0.11298076923076923 0.21634615384615385
0 0.9807692307692307 0.30528846153846156 0.038461538461538464 0.1201923076923077
0 0.08626506458092902 0.6437917038362164 0.14205952570888278 0.19131885350824918
0 0.19932134080210512 0.6787530940028976 0.09290516115790072 0.16179563659596236
0 0.19207309815843596 0.856637709387513 0.1414187656034966 0.23443403881648095
0 0.37745491939244885 0.7431911189624347 0.14161466405332546 0.2392417311241734
0 0.6334134615384616 0.5829326923076923 0.07451923076923077 0.06971153846153846
0 0.6766826923076923 0.5612980769230769 0.055288461538461536 0.026442307692307692
0 0.8677884615384616 0.5564903846153846 0.04807692307692308 0.016826923076923076
0 0.9651442307692307 0.6730769230769231 0.06971153846153846 0.1346153846153846