0 0.13221153846153846 0.11899038461538461 0.2644230769230769 0.23798076923076922
0 0.21875 0.34975961538461536 0.09134615384615384 0.08413461538461539
0 0.11831501895401328 0.6754248626042353 0.18292491032426725 0.19291289861853073
0 0.046875 0.625 0.09375 0.15865384615384615
0 0.40384615384615385 0.5925480769230769 0.028846153846153848 0.13221153846153846
0 0.5117274817206329 0.4837257413330726 0.13322773489281373 0.20920349785682482
0 0.6322115384615384 0.41947115384615385 0.17307692307692307 0.22355769230769232
0 0.8257211538461539 0.4050480769230769 0.18990384615384615 0.19471153846153846
0 0.9265624079571192 0.8084939117816494 0.05631283825662118 0.08721479347197039
0 0.9555820180185943 0.831984195211037 0.04610975829174972 0.07223168416937426
0 0.9795715049445987 0.8317860373391623 0.03919206750495455 0.07902319834627337