0 0.056490384615384616 0.03485576923076923 0.06971153846153846 0.06971153846153846
0 0.20085079772231312 0.15934417845587573 0.09688646823667159 0.16077995148440175
0 0.6525029963778408 0.10358014072505302 0.06328603182857315 0.09274490735309836
0 0.7004959752973318 0.10486498407334356 0.05358670305575631 0.09011726063814098
0 0.9199862055083785 0.1129667000840806 0.03558456177478429 0.056071763502350436
0 0.9644573593545321 0.11193162248894165 0.03516484098762372 0.04405253273311967
0 0.20793269230769232 0.6875 0.22355769230769232 0.4182692307692308
0 0.40834855298640255 0.6785989030005871 0.13878971715292548 0.26023284603653857
0 0.5372596153846154 0.5012019230769231 0.07932692307692307 0.04567307692307692
0 0.8801548556550528 0.840073206543215 0.05607449336703441 0.09257705693226506
0 0.7670061981094194 0.8475105554439631 0.06577382213985153 0.09520470364722218
0 0.6840735058017269 0.8494408352835465 0.06834555660856158 0.10006834609519243
0 0.625 0.8233173076923077 0.014423076923076924 0.08413461538461539
0 0.640625 0.7115384615384616 0.04567307692307692 0.09134615384615384
0 0.7064407432691677 0.6903953381477559 0.055822660894738294 0.08536551847072654
0 0.7705890920061251 0.7105192997448712 0.06096612983215895 0.0950928033666667
0 0.8388468749184442 0.716136259208493 0.058142562891152494 0.08301762245715819
0 0.9058607626751243 0.7229831168191766 0.05101496858704625 0.085253618190171
0 0.9711538461538461 0.7151442307692307 0.057692307692307696 0.0985576923076923
0 0.7457150184321532 0.6318358032811425 0.055906605052170516 0.08776936462457269
0 0.8773542149975092 0.6107576744821575 0.06387364093059762 0.10957183043002143
0 0.6430288461538461 0.6370192307692307 0.05048076923076923 0.08173076923076923