0 0.23677884615384615 0.2283653846153846 0.19951923076923078 0.13942307692307693
0 0.35528254415821736 0.11738475128792682 0.12933635911372932 0.20220483750256418
0 0.2107661283142362 0.15914734802585428 0.13385840480820954 0.16391114946185914
0 0.4423076923076923 0.039663461538461536 0.07211538461538461 0.07932692307692307
0 0.5492788461538461 0.06971153846153846 0.10817307692307693 0.13942307692307693
0 0.018028846153846152 0.7247596153846154 0.036057692307692304 0.13221153846153846
0 0.13103768520815018 0.8655134364057688 0.25769822507255186 0.25319116787393187
0 0.1969918344909084 0.7631811195074248 0.16231783207581074 0.1933727548510683
0 0.29021228460574977 0.7514116544913456 0.17053793032499615 0.20796368219497852
0 0.31806635201418704 0.6619657955365378 0.09237118698373091 0.11974671644818385
0 0.3896692200607833 0.7190975968870185 0.14073375667386592 0.15927130757500024
0 0.4326923076923077 0.6862980769230769 0.09134615384615384 0.1466346153846154
0 0.37199303385274946 0.6115119964368584 0.10763473039651326 0.1321016480590812
0 0.3095259805526098 0.406571631694978 0.12083061425133196 0.14920832183739316
0 0.45552884615384615 0.6286057692307693 0.04567307692307692 0.1658653846153846
0 0.7118845647086286 0.5559757790233435 0.16135981227083435 0.1453517819144232
0 0.9338942307692307 0.47836538461538464 0.13221153846153846 0.125
0 0.9675480769230769 0.4050480769230769 0.06490384615384616 0.07932692307692307