0 0.1464774126342139 0.2923112467739172 0.07181335665375695 0.11096850777573736
0 0.1396147781206149 0.5664545970709897 0.10762208575572092 0.16404891550975975
0 0.2980769230769231 0.7235576923076923 0.125 0.09134615384615384
0 0.15625 0.7367788461538461 0.11538461538461539 0.06490384615384616
0 0.41947115384615385 0.7367788461538461 0.040865384615384616 0.06490384615384616
0 0.41225961538461536 0.6995192307692307 0.026442307692307692 0.07692307692307693
0 0.4271539792323505 0.6219520347715238 0.0486115536705103 0.07238110280386569
0 0.40865384615384615 0.5697115384615384 0.019230769230769232 0.07211538461538461
0 0.6862980769230769 0.7331730769230769 0.07451923076923077 0.07211538461538461
0 0.5402510497790994 0.7126618634821044 0.0609246321144845 0.07966256710447822
0 0.5480053991211096 0.6669328458877681 0.05111334904927102 0.07479893412552649
0 0.4920129409171815 0.5614642962265557 0.046011809066835295 0.06755942532835874
0 0.5883137109083993 0.564510658744733 0.046305656741578716 0.0747709637898972
0 0.5749231909903663 0.5309267384299609 0.03860437215546798 0.06270977751722193
0 0.6555683384601922 0.6218253669060412 0.05170104439875773 0.0892220110486037
0 0.6784089670651728 0.5627842918747551 0.04360796291298914 0.06754544016054381
0 0.7641862770388262 0.5731051261096375 0.04620770751666415 0.07236711763605104
0 0.7922182145642728 0.6414678972321975 0.07102976285444139 0.09173773854496813
0 0.8353365384615384 0.7295673076923077 0.08413461538461539 0.07932692307692307
0 0.8377484577934202 0.5786881938759015 0.05881463363538176 0.08686012039820189
0 0.9152551399225417 0.6515719613659505 0.07161745820392823 0.10616081546804505
0 0.9795673076923077 0.6033653846153846 0.040865384615384616 0.09615384615384616
0 0.3161057692307692 0.8064903846153846 0.14182692307692307 0.07451923076923077