0 0.018028846153846152 0.16826923076923078 0.036057692307692304 0.14903846153846154
0 0.06297877418394307 0.05042129747178428 0.0480511994233402 0.08519166805091907
0 0.14773003075654267 0.10663703382466999 0.0928592153398003 0.141355029686203
0 0.15655954788085674 0.24449388253186066 0.125997724384127 0.20862685924330948
0 0.1622596153846154 0.037259615384615384 0.04567307692307692 0.07451923076923077
0 0.1935096153846154 0.04927884615384615 0.05048076923076923 0.0985576923076923
0 0.2612924687855862 0.1594650162668536 0.09850624500052654 0.17056548867132001
0 0.2955593430367521 0.34357726235615166 0.15736189028938313 0.29735115161555004
0 0.41414653389307554 0.1551098665663121 0.12084030817933702 0.19624332333511554
0 0.4651442307692308 0.0889423076923077 0.0889423076923077 0.1778846153846154
0 0.4891826923076923 0.05889423076923077 0.040865384615384616 0.11778846153846154
0 0.4254807692307692 0.018028846153846152 0.04807692307692308 0.036057692307692304
0 0.546875 0.027644230769230768 0.055288461538461536 0.055288461538461536
0 0.6045673076923077 0.028846153846153848 0.055288461538461536 0.057692307692307696
0 0.6730769230769231 0.010817307692307692 0.04326923076923077 0.021634615384615384
0 0.6947115384615384 0.04807692307692308 0.057692307692307696 0.09615384615384616
0 0.7331730769230769 0.009615384615384616 0.04326923076923077 0.019230769230769232
0 0.7896634615384616 0.04447115384615385 0.055288461538461536 0.0889423076923077
0 0.8112980769230769 0.006009615384615385 0.036057692307692304 0.01201923076923077
0 0.9471153846153846 0.021634615384615384 0.04326923076923077 0.04326923076923077
0 0.8245192307692307 0.6947115384615384 0.12980769230769232 0.15384615384615385