0 0.17693683148763484 0.30626256429807674 0.06702819959110684 0.10957183043002143
0 0.23259610757588753 0.2544110166305019 0.047428458216202576 0.06591094867884614
0 0.24692786266575872 0.1962990828861109 0.03735093721782116 0.05847560965619659
0 0.271521624826079 0.16683747749690142 0.037196891756822156 0.056071763502350436
0 0.25902595857114513 0.10333137991095061 0.026503188914444784 0.039021039864316265
0 0.2252180669563 0.10171083572099335 0.028907035068291006 0.039076990004594074
0 0.18526081359854676 0.15440063055368572 0.04487056660135749 0.06345115238472232
0 0.14236055497345107 0.1987329139881943 0.03975478337166724 0.0585315597964744
0 0.14399601622795857 0.09276785772799126 0.04154244768151759 0.04897212532136759
0 0.09728936079166375 0.15283704144305543 0.03975478337166724 0.0585315597964744
0 0.11094036800408978 0.2343719851828525 0.060217916290428095 0.07820993014946581
0 0.043525212354829416 0.21547792173279906 0.0528523323678907 0.07563823357478637
0 0.013221153846153846 0.16346153846153846 0.026442307692307692 0.0625
0 0.02702436411392271 0.0894718241468482 0.03975478337166724 0.0585315597964744
0 0.3156667038362165 0.2922001484696578 0.06160432543941879 0.0998445455340812
0 0.3201985882386355 0.21264942483162363 0.03990882883266618 0.06093540595032055
0 0.31796492905415075 0.1777936556008544 0.03898455606667257 0.04651232902724363
0 0.29569983272283323 0.11210751242216851 0.02844489868529406 0.03186545154305561
0 0.3536089095039331 0.05779616846046974 0.04185053860351546 0.05377981762905986
0 0.4008528816480682 0.10003032163456159 0.02409934276059863 0.038965089724038456
0 0.35655007236561953 0.16004355520934796 0.032235153988130844 0.053556017067948804
0 0.40928064228923594 0.15640880596939064 0.031773017605133964 0.04634447860641027
0 0.3932848277394448 0.20733717632238208 0.04231267498651233 0.06099135609059836
0 0.44404140487548727 0.28560104673402736 0.06517965405911934 0.08072567658386759
0 0.5168269230769231 0.3473557692307692 0.09134615384615384 0.040865384615384616
0 0.5276368611466062 0.27522933028584357 0.057505979214584 0.07334628770149584
0 0.5443724623903237 0.21706144640117472 0.03704284629582315 0.053667917348504283
0 0.5336483189368778 0.18119957958445465 0.029215125990288946 0.04388468231228631
0 0.48587948678195264 0.18712627469770254 0.03960073791066831 0.056127713642628245
0 0.4407151283613035 0.1773440446005338 0.034639000141976996 0.053611967208226474
0 0.4585594884430821 0.15526182809369615 0.024253388221597633 0.04136893587788461
0 0.49424820860663937 0.11109739508002091 0.026349143453445915 0.03661719371047011
0 0.5712626073629219 0.16708322349385632 0.024253388221597633 0.04136893587788461
0 0.5896604256609032 0.20998877835128152 0.04200458406451446 0.056183663782905985
0 0.6177884615384616 0.1935096153846154 0.02403846153846154 0.05048076923076923
0 0.6237980769230769 0.24278846153846154 0.01201923076923077 0.0673076923076923
0 0.5961538461538461 0.33533653846153844 0.0673076923076923 0.06490384615384616
0 0.9281673527699703 0.24254958689161257 0.08410233236789057 0.07636558539839747
0 0.9450874400857553 0.20604429346169809 0.06829284629582315 0.054395269172115505
0 0.8399486902632265 0.27469579407510625 0.048753986143055913 0.04913997574220087
0 0.841320800309511 0.2397560996339204 0.04573395814521429 0.039468640986538454
0 0.6825004519976157 0.09058077756191192 0.05084974137490433 0.04438823357478638
0 0.680386712851749 0.22664986088546968 0.09115982536843029 0.0741295896653846
0 0.025240384615384616 0.5865384615384616 0.05048076923076923 0.20192307692307693
0 0.009615384615384616 0.4014423076923077 0.019230769230769232 0.057692307692307696
0 0.03415519503364946 0.4085369211780447 0.060217916290428095 0.07820993014946581
0 0.11298076923076923 0.3870192307692308 0.038461538461538464 0.038461538461538464
0 0.12614612892921157 0.5291748201144763 0.08943304228071697 0.1220946124617522
0 0.14385258505835358 0.4673731919288993 0.0678915911349635 0.08558931903183756
0 0.18574970578129998 0.5013057838450852 0.07454782897464331 0.11454737315854703
0 0.22045142955107028 0.49809066065721114 0.08339298628503304 0.10275194295042749
0 0.2564320991282631 0.4960494854761214 0.06819968205696138 0.09039701133952988
0 0.14744405518641665 0.41071495689268134 0.03975478337166731 0.0585315597964744
0 0.16411693280234074 0.4079194597568907 0.0394466924496693 0.05372386748878209
0 0.3184699627452663 0.48738324336736066 0.060217916290428025 0.07820993014946581
0 0.28598759905727456 0.4688798259602026 0.047274412755203644 0.063507102525
0 0.3681339225516098 0.4922458808762815 0.05510213306073798 0.07329033756121789
0 0.40192567265809254 0.531181990591132 0.06819968205696124 0.09039701133952988
0 0.375485207371441 0.4379075667834931 0.02906108052928994 0.041480836158440226
0 0.39106362525201005 0.4556007120956726 0.03960073791066831 0.056127713642628245
0 0.4224210885935781 0.47533402764989263 0.03658070991282641 0.04645637888696582
0 0.4448725134026192 0.4687928859326383 0.04169649314251645 0.051375971475213604
0 0.48267128790073094 0.47633912029679426 0.04440843021836061 0.05623961392318386
0 0.4182692307692308 0.38100961538461536 0.04326923076923077 0.026442307692307692
0 0.8389423076923077 0.6237980769230769 0.32211538461538464 0.5120192307692307