0 0.08653846153846154 0.5300480769230769 0.11177884615384616 0.14903846153846154
0 0.23798076923076922 0.4855769230769231 0.0625 0.09735576923076923
0 0.27403846153846156 0.4074519230769231 0.039663461538461536 0.06971153846153846
0 0.3713942307692308 0.3004807692307692 0.055288461538461536 0.09735576923076923
0 0.2800480769230769 0.6646634615384616 0.10817307692307693 0.16706730769230768
0 0.5661057692307693 0.48197115384615385 0.0625 0.09735576923076923
0 0.6418269230769231 0.609375 0.12740384615384615 0.18629807692307693
0 0.6766826923076923 0.4795673076923077 0.08413461538461539 0.12139423076923077
0 0.7259615384615384 0.4110576923076923 0.039663461538461536 0.0889423076923077
0 0.8293269230769231 0.4326923076923077 0.055288461538461536 0.08413461538461539
0 0.8966346153846154 0.5649038461538461 0.16466346153846154 0.23677884615384615
0 0.96875 0.4651442307692308 0.04927884615384615 0.10216346153846154