0 0.453125 0.5384615384615384 0.1466346153846154 0.10096153846153846
0 0.6658653846153846 0.47475961538461536 0.125 0.1658653846153846
0 0.6632364261000883 0.34191900592723273 0.07940148739464749 0.09825218953643144
0 0.3696566843177728 0.38517335231487415 0.06869318736237363 0.08354933349567653
0 0.23269266708269717 0.34866463203161946 0.08901687201003224 0.09853196865410943
0 0.0847277701775556 0.39374679142029506 0.09914285158327593 0.13720334145390659
0 0.08316296136994598 0.3190177263128057 0.06905749250133673 0.08835702580336885
0 0.021634615384615384 0.36177884615384615 0.04326923076923077 0.0889423076923077
0 0.05291621991037126 0.22538550530872647 0.04283320012909627 0.058811424163019835
0 0.034760434721198635 0.1947428977605837 0.042104589851169966 0.04919603954763529
0 0.11865768400217735 0.23211667905045527 0.042468894990133066 0.05400373185532759
0 0.1468842352304385 0.2570294503316607 0.04414413086605302 0.044458292019362404
0 0.1527131174538489 0.18010637340858376 0.03212490009682218 0.04410856812226486
0 0.1973112103353292 0.21151837353034114 0.03176059495785907 0.03930087581457255
0 0.24464159175903316 0.2068726813444062 0.024549056496320613 0.039091041476313995
0 0.2453867140039757 0.29241905414420316 0.04042935397525008 0.05874147938360034
0 0.3167196942155555 0.2571528649730438 0.042833200129096236 0.058811424163019835
0 0.31063835332976875 0.194338113465656 0.0313962898188959 0.03449318350688024
0 0.3411045295176873 0.23738464806983683 0.03802550782140393 0.05867153460418077
0 0.3572401244755464 0.1993078058951057 0.02935674880401292 0.03923093103515306
0 0.38619528598173386 0.21460519256092644 0.03212490009682224 0.04410856812226486
0 0.40028992051643336 0.25115249832455533 0.03452874625066826 0.044178512901684425
0 0.4450343032168096 0.24884070751304704 0.03248920523578528 0.04891626042995716
0 0.4279714334445263 0.20377502304182737 0.036568287265551246 0.03944076537341154
0 0.4703299013663492 0.21705325984060928 0.021598752634029703 0.031809558235356104
0 0.5201910679792258 0.2425955341365903 0.027317207789129803 0.043968678563425866
0 0.4800170114829052 0.2799729285171264 0.03766120268244076 0.05386384229648847
0 0.5252361263905547 0.20780970968524054 0.02640644494172215 0.0319494477941951
0 0.5561949661610395 0.19666478865875364 0.02418475135735758 0.034283349168621684
0 0.5737132173570267 0.23572085774535795 0.03212490009682211 0.04410856812226486
0 0.5975143127918515 0.27134601954974175 0.042833200129096236 0.058811424163019904
0 0.581999739860162 0.2058476427708298 0.02418475135735758 0.034283349168621684
0 0.6025414398278878 0.22090022270868231 0.03212490009682238 0.04410856812226486
0 0.6491611423489582 0.24152988752784174 0.03139628981889604 0.03449318350688024
0 0.7091346153846154 0.2764423076923077 0.038461538461538464 0.04326923076923077
0 0.7151442307692307 0.24278846153846154 0.026442307692307692 0.04326923076923077
1 0.6453718011404308 0.8379820102716198 0.0719719336130419 0.1268185642649073
1 0.010817307692307692 0.8064903846153846 0.021634615384615384 0.12259615384615384