0 0.056031698439561954 0.23771983264245258 0.09738712852981447 0.13155563861970412
0 0.16861129646606798 0.09384172335749569 0.05512284832603967 0.08062112947778169
0 0.23635151927706874 0.1250746900411256 0.04975559778299132 0.061054173651130236
0 0.13381983636925582 0.29615152685912527 0.10226476561692628 0.1342956713694325
0 0.3144065744976492 0.13294156837805857 0.050175266459508365 0.07547725057420716
0 0.3801276474416112 0.15078528791759352 0.050175266459508365 0.07547725057420716
0 0.4387019230769231 0.16346153846153846 0.021634615384615384 0.07211538461538461
0 0.6987514287314827 0.273179841799506 0.1202108051645615 0.17393386291655888
0 0.857685054003007 0.274658614848236 0.09073514830363212 0.15028212795664986
0 0.8389423076923077 0.4206730769230769 0.15865384615384615 0.15865384615384615
0 0.014423076923076924 0.7548076923076923 0.028846153846153848 0.15865384615384615
0 0.06967815660769525 0.741921045158101 0.10487844610903106 0.14167530312891222
0 0.013221153846153846 0.6646634615384616 0.026442307692307692 0.10336538461538461
0 0.043944545445709554 0.6329327717366535 0.04494790547529895 0.06071798705524801
0 0.0970389951685835 0.62941928582982 0.037526532675502065 0.05300216869988621
0 0.13572322979517196 0.6658466713996949 0.04487796069587938 0.058314140901401856
0 0.16962549576765085 0.7838367329023976 0.07752685628426957 0.10857627685155968
0 0.22611588038303546 0.7877869254040143 0.07264921919715797 0.1058362441018313
0 0.2212474920320505 0.7067537993563447 0.05993054063373211 0.08095731607366406
0 0.2535944979398445 0.7126288281093192 0.0376664222343412 0.05780986100757852
0 0.17998454930306723 0.6761679358731443 0.03738664311666294 0.0481944763921939
0 0.19663661043144154 0.6833542043433474 0.027631368942439467 0.042714410892737004
0 0.29482246827911796 0.7444166146694429 0.04494790547529895 0.06071798705524801
0 0.3007143046678127 0.7074931858807096 0.032439061250131504 0.04305059748861923
0 0.335617908115083 0.7496780468882882 0.054843069208361545 0.07100574486239708
0 0.3640094208950101 0.7673201664635818 0.04515773981355764 0.06792952551678647
0 0.38811782721289106 0.766597253289147 0.04028010272644549 0.06518949276705809
0 0.4158320027615414 0.7661264800616239 0.03271884036780976 0.05266598210400385
0 0.4326938982281743 0.7661012100702886 0.03010515987570491 0.045286350344524405
0 0.4411057692307692 0.7668269230769231 0.016826923076923076 0.052884615384615384
0 0.013221153846153846 0.5973557692307693 0.026442307692307692 0.055288461538461536
0 0.024421135270470903 0.600253978704154 0.030175104655124477 0.04769019649837056
0 0.13604723003868663 0.5719285781017537 0.02501768845033462 0.03533477913325743
0 0.11172898938254704 0.579863029737727 0.017526370871118174 0.02521511462404947
0 0.08372217288942735 0.5489997563162796 0.02247395273764961 0.030358993527624004
0 0.49798244066882774 0.6264024031082845 0.03003521509628562 0.04288250419067825
0 0.484375 0.8173076923076923 0.06971153846153846 0.23557692307692307
0 0.5281740202414081 0.7477460938948451 0.0381560356902776 0.0746367840845016
0 0.5104599255949498 0.7356680864679789 0.0403500475058652 0.06759333892090424
0 0.5608357776565898 0.742803814955512 0.02543735712685173 0.04975785605633435
0 0.5740919038924533 0.7425264050172651 0.032858729926648615 0.05747367441169615
0 0.6117269668277492 0.815011482894832 0.052858891731032503 0.08526072848753302
0 0.6215742963443106 0.76632096328378 0.03519263130107534 0.05523792155579125
0 0.5929030044467055 0.7582942283238711 0.03278878514722919 0.05506982825785
0 0.6513425941497096 0.7780375141234287 0.040210157947026204 0.06278564661321194
0 0.6710280044467056 0.7637572605069577 0.02777125850127832 0.04752210320042931
0 0.7076709786433367 0.8289467532740158 0.05759663925930539 0.0831930689295691
0 0.7319711538461539 0.9122596153846154 0.1658653846153846 0.17548076923076922
0 0.9266826923076923 0.921875 0.1466346153846154 0.15625
0 0.9879807692307693 0.8461538461538461 0.02403846153846154 0.0673076923076923
0 0.9683833691665152 0.8507906453313977 0.05024521123892793 0.07788109672805359
0 0.9010407044691131 0.8472859560659691 0.05264905739277408 0.07804919002599456
0 0.8623214974528148 0.8120604935730176 0.05003537690066924 0.07066955826651512
0 0.8297646572067626 0.8133970032815814 0.03257895080897063 0.047858289796311536
0 0.7909883672378364 0.821524818206831 0.049895487341830386 0.06586186595882254
0 0.7628766335755872 0.7942673140161529 0.04989548734183011 0.06586186595882254