0 0.09495192307692307 0.20552884615384615 0.18990384615384615 0.31971153846153844
0 0.09735576923076923 0.04807692307692308 0.18509615384615385 0.09615384615384616
0 0.28725961538461536 0.125 0.19471153846153846 0.25
0 0.37740384615384615 0.06490384615384616 0.19230769230769232 0.12980769230769232
0 0.5360576923076923 0.046875 0.014423076923076924 0.09375
0 0.5649038461538461 0.016826923076923076 0.052884615384615384 0.03365384615384615
0 0.6262019230769231 0.042067307692307696 0.06490384615384616 0.08413461538461539
0 0.6614735326066425 0.1354256562524185 0.06370575261573358 0.10791919885242397
0 0.6029799258799197 0.25752914651600606 0.07192462096645695 0.1373118104070226
0 0.5456730769230769 0.46634615384615385 0.03365384615384615 0.16826923076923078
0 0.766029351682519 0.4542651334336881 0.09971003517767804 0.1777770271328582
0 0.7668459179227762 0.29284313598703243 0.08402779589311994 0.14062641940827666
0 0.7838331211863423 0.11698013024200726 0.0793879919002918 0.1450698065770058
0 0.8267551376588131 0.061182493153963305 0.061301906461887566 0.1077370462829424
0 0.8064903846153846 0.013221153846153846 0.05048076923076923 0.026442307692307692
0 0.9182692307692307 0.019230769230769232 0.057692307692307696 0.038461538461538464
0 0.9462491872187903 0.055775968420224316 0.0656898779824193 0.0960821206526748
0 0.9675480769230769 0.1346153846153846 0.06490384615384616 0.125
0 0.07451923076923077 0.9206730769230769 0.12980769230769232 0.15865384615384615
0 0.18629807692307693 0.9338942307692307 0.11778846153846154 0.13221153846153846
0 0.27524038461538464 0.9170673076923077 0.11778846153846154 0.1658653846153846
0 0.3233173076923077 0.9459134615384616 0.17067307692307693 0.10817307692307693
0 0.4651442307692308 0.9182692307692307 0.12740384615384615 0.16346153846153846
0 0.4963942307692308 0.8858173076923077 0.06490384615384616 0.17548076923076922
0 0.3710927671405975 0.6625054979379116 0.11122560100231628 0.16426471305718934
0 0.5925480769230769 0.9579326923076923 0.12740384615384615 0.08413461538461539
0 0.5600961538461539 0.9002403846153846 0.0625 0.10817307692307693
0 0.5637094802557446 0.8442497606239492 0.04519994639016863 0.0585672077891298
0 0.613003593615433 0.8130370427828115 0.03499695267275955 0.04101167443428052
0 0.6305707469034026 0.8276243409000771 0.03276099483377756 0.04563721417249138
0 0.6629387258228937 0.8324872467419245 0.050343415327589285 0.06854689754347759
0 0.7587262609353271 0.9192824251675922 0.08757632583933081 0.10493303223954752
0 0.7874350608783011 0.8563822572780434 0.06527015719525874 0.08406288988344403
0 0.7384919913541833 0.8430327449882865 0.043047932708618876 0.06559659368118667
0 0.6878586010143921 0.8090683878213556 0.04005647745274811 0.04858751803478215
0 0.7352792380377006 0.7969953629262464 0.039972533295316026 0.046183671880936
0 0.7687651958766827 0.8043531912066808 0.037568687141469596 0.046001519311454415
0 0.8141864403274632 0.8150256284883692 0.05299909395373156 0.07594058857449763
0 0.9326923076923077 0.9314903846153846 0.10576923076923077 0.13701923076923078
0 0.924427586774658 0.8330200312999062 0.07058151444754383 0.09885027194548411
0 0.8701731599982554 0.8337292907942632 0.0602106324152703 0.0764870462829424
0 0.9759615384615384 0.8088942307692307 0.04807692307692308 0.06971153846153846
0 0.9483134272040975 0.8047024037869043 0.03790446377119822 0.05561690392683903