0 0.027644230769230768 0.09014423076923077 0.055288461538461536 0.18028846153846154
0 0.07211538461538461 0.3786057692307692 0.14423076923076922 0.3485576923076923
0 0.18485786539413226 0.12209639322220465 0.08853370211847164 0.13600087967006594
0 0.16826923076923078 0.046875 0.08173076923076923 0.09375
0 0.2821132084344508 0.23085037119603535 0.13280055317770753 0.20400131950509875
0 0.30158060571361606 0.15634907180209737 0.09068558779499561 0.1313753399318552
0 0.42792895226776867 0.23536406445765928 0.11230998156032694 0.17850563741078468
0 0.5180288461538461 0.46153846153846156 0.19951923076923078 0.4230769230769231
0 0.8569711538461539 0.328125 0.2860576923076923 0.33413461538461536
0 0.016826923076923076 0.7355769230769231 0.03365384615384615 0.07211538461538461
0 0.038461538461538464 0.7848557692307693 0.07692307692307693 0.0985576923076923
0 0.027644230769230768 0.6935096153846154 0.040865384615384616 0.03125
0 0.055288461538461536 0.6887019230769231 0.038461538461538464 0.021634615384615384
0 0.06332577236333065 0.745552354606441 0.06602744668251237 0.07204365911421326
0 0.1055190602942995 0.7399608384866673 0.05894188845963507 0.07390104755961466
0 0.12898038913950166 0.7034656961305639 0.0357955102110858 0.04341552058812667
0 0.1875 0.7055288461538461 0.04326923076923077 0.055288461538461536
0 0.2195706615536885 0.710966975413341 0.028332011272225142 0.038061370571989744
0 0.4364360687834133 0.7531942460750075 0.04857062241228354 0.05874936035861152
0 0.41517428330513934 0.7248766185620057 0.027954070556241654 0.030849832110451284
0 0.45938836586432874 0.7035690261574911 0.030609877187409998 0.03583967698762504
0 0.48912660300039484 0.7300471966003845 0.035543549733763606 0.03860782828043437
0 0.5292361061838127 0.7413736798422748 0.04338498938860788 0.05117351675810989
0 0.47863957833366627 0.7930936543088293 0.05616010158980563 0.0665073565285946
0 0.532300518388817 0.8656450695643484 0.09549328010268791 0.13173964507081812
0 0.6009615384615384 0.8221153846153846 0.03365384615384615 0.08173076923076923
0 0.6057692307692307 0.7608173076923077 0.02403846153846154 0.055288461538461536
0 0.5969268500171303 0.7518073316120498 0.04148506418940638 0.06060674880401292
0 0.5997596153846154 0.7235576923076923 0.036057692307692304 0.04326923076923077
0 0.6658653846153846 0.7620192307692307 0.09615384615384616 0.16826923076923078
0 0.7271634615384616 0.7632211538461539 0.15625 0.17067307692307693
0 0.8100961538461539 0.7127403846153846 0.09134615384615384 0.06971153846153846
0 0.7572115384615384 0.7127403846153846 0.08653846153846154 0.06971153846153846
0 0.8701923076923077 0.7067307692307693 0.07692307692307693 0.057692307692307696
0 0.9098557692307693 0.8257211538461539 0.18028846153846154 0.2668269230769231
0 0.9639423076923077 0.6995192307692307 0.07211538461538461 0.04326923076923077