1 0.35550511529104845 0.2744531660010217 0.060683530894375275 0.1037605618117637
1 0.38221153846153844 0.03245192307692308 0.0625 0.06490384615384616
1 0.5605662596782484 0.21893101896145156 0.08975344742556583 0.1435656314814104
1 0.6196143272934419 0.24263028377053855 0.0872237347613866 0.121819055162786
0 0.8244439150565482 0.7744629296341122 0.11143001831362571 0.1517848183490299
0 0.8805714866638976 0.9161185973826741 0.026722011048603413 0.0493084933510223
0 0.8961195682409162 0.9021696974654616 0.03157165885974022 0.05674395368057867
0 0.660172038216901 0.8494399459214217 0.03393354951014215 0.04964437615304922
0 0.6036816536015164 0.8520710278706336 0.03876921215346403 0.054675990328759576
0 0.5867708195177046 0.8384316774856196 0.031515718188481076 0.047128569065194054
0 0.5266327101681063 0.8340191623743066 0.031501733020666424 0.044724722911347894
0 0.5026292115491817 0.8411483870990121 0.02911187203463492 0.04701660813118517
0 0.49766068981161926 0.8137280781977994 0.02906991653119056 0.039805069669646705
0 0.4677524645666903 0.8391660514113735 0.03881116765690839 0.06188752879029803