0 0.008413461538461538 0.16947115384615385 0.016826923076923076 0.10336538461538461
0 0.03129355821374326 0.17656178785934598 0.060641575390930916 0.09865560606286677
0 0.24674546267489952 0.21188433353889843 0.0412150138107544 0.0634319659689032
0 0.29005664894757466 0.21556383563517287 0.038741241817834456 0.051216510957157894
0 0.3404604997553625 0.19822197269621095 0.04609263195752078 0.07584364522316332
0 0.37429615309080116 0.22672483330100557 0.03881116765690852 0.06323574172638853
0 0.4032192253599364 0.23759129623698336 0.058279684740528984 0.10567092028189055
0 0.4574596006674375 0.25961855847271104 0.0678670990202843 0.10164812494425682
0 0.42723670914667566 0.23202328458106744 0.03881116765690852 0.06323574172638853
0 0.5540865384615384 0.19951923076923078 0.0889423076923077 0.22596153846153846
0 0.6923076923076923 0.33052884615384615 0.27884615384615385 0.13701923076923078
0 0.7307692307692307 0.09375 0.13942307692307693 0.1875
0 0.8305288461538461 0.08173076923076923 0.12259615384615384 0.16346153846153846
0 0.9543269230769231 0.17908653846153846 0.09134615384615384 0.31009615384615385
0 0.018867956222733937 0.4843510174764137 0.036435291838691805 0.06784720979156617
0 0.0380707551178736 0.477973531228604 0.0291678127058942 0.05764315244863759
0 0.16577528237973785 0.5192563386830188 0.04375871164274869 0.08766665174987942
0 0.177976320330561 0.5495252174704455 0.04860835945388536 0.09527063869644724
0 0.234333845851705 0.5220774093098123 0.0509842352721018 0.0906591706312696
0 0.2484562416667638 0.4692173715470319 0.041228998978569326 0.06583581212274939
0 0.28697372079956146 0.4756931682821818 0.03889507866379711 0.07765881864946553
0 0.30528926289361097 0.523500332617168 0.063115347383851 0.11087106107461221
0 0.3303548329113106 0.491391901147687 0.033989490181401294 0.06043944708751306
0 0.1970750318222391 0.7319477664208163 0.1385016585575992 0.26599247413102844
0 0.4423076923076923 0.7764423076923077 0.1346153846153846 0.3557692307692308
0 0.44711538461538464 0.4795673076923077 0.125 0.16105769230769232
0 0.4987980769230769 0.5384615384615384 0.021634615384615384 0.10576923076923077
0 0.5540865384615384 0.4951923076923077 0.0889423076923077 0.19230769230769232
0 0.9651442307692307 0.5576923076923077 0.06971153846153846 0.3173076923076923