0 0.06610576923076923 0.5540865384615384 0.054086538461538464 0.09375
0 0.15504807692307693 0.5733173076923077 0.04447115384615385 0.07692307692307693
0 0.10576923076923077 0.5060096153846154 0.042067307692307696 0.07211538461538461
0 0.0625 0.4543269230769231 0.036057692307692304 0.06370192307692307
0 0.015625 0.49278846153846156 0.027644230769230768 0.06370192307692307
0 0.04807692307692308 0.4230769230769231 0.030048076923076924 0.04927884615384615
0 0.026442307692307692 0.4014423076923077 0.026442307692307692 0.056490384615384616
0 0.01201923076923077 0.28365384615384615 0.010817307692307692 0.016826923076923076
0 0.015625 0.2980769230769231 0.01201923076923077 0.026442307692307692
0 0.03245192307692308 0.3016826923076923 0.010817307692307692 0.02283653846153846
0 0.04326923076923077 0.31009615384615385 0.016826923076923076 0.02403846153846154
0 0.057692307692307696 0.32572115384615385 0.019230769230769232 0.03125
0 0.09014423076923077 0.3545673076923077 0.020432692307692308 0.03245192307692308
0 0.12620192307692307 0.3605769230769231 0.021634615384615384 0.038461538461538464
0 0.15865384615384615 0.3762019230769231 0.020432692307692308 0.037259615384615384
0 0.1814903846153846 0.3918269230769231 0.02403846153846154 0.038461538461538464
0 0.20192307692307693 0.3942307692307692 0.015625 0.03485576923076923
0 0.22716346153846154 0.42427884615384615 0.02403846153846154 0.04447115384615385
0 0.25721153846153844 0.4266826923076923 0.02283653846153846 0.039663461538461536
0 0.3269230769230769 0.48197115384615385 0.030048076923076924 0.057692307692307696
0 0.37259615384615385 0.47115384615384615 0.03485576923076923 0.0625
0 0.4014423076923077 0.47475961538461536 0.030048076923076924 0.046875
0 0.46033653846153844 0.49759615384615385 0.02403846153846154 0.057692307692307696
0 0.4891826923076923 0.5120192307692307 0.026442307692307692 0.04807692307692308
0 0.5168269230769231 0.5036057692307693 0.027644230769230768 0.057692307692307696
0 0.47475961538461536 0.46634615384615385 0.020432692307692308 0.03485576923076923
0 0.4987980769230769 0.4651442307692308 0.015625 0.040865384615384616
0 0.5264423076923077 0.4723557692307692 0.016826923076923076 0.03245192307692308
0 0.43990384615384615 0.44591346153846156 0.02403846153846154 0.03365384615384615
0 0.39783653846153844 0.4254807692307692 0.021634615384615384 0.038461538461538464
0 0.37259615384615385 0.41225961538461536 0.019230769230769232 0.038461538461538464
0 0.35336538461538464 0.4026442307692308 0.021634615384615384 0.027644230769230768
0 0.3401442307692308 0.44350961538461536 0.016826923076923076 0.039663461538461536
0 0.30408653846153844 0.4519230769230769 0.02403846153846154 0.039663461538461536
0 0.30408653846153844 0.40865384615384615 0.018028846153846152 0.030048076923076924
0 0.2848557692307692 0.40625 0.016826923076923076 0.027644230769230768
0 0.6670673076923077 0.5372596153846154 0.03125 0.06009615384615385
0 0.7199519230769231 0.5132211538461539 0.027644230769230768 0.05048076923076923
0 0.703125 0.5108173076923077 0.016826923076923076 0.042067307692307696
0 0.7608173076923077 0.5180288461538461 0.02283653846153846 0.04326923076923077
0 0.7824519230769231 0.5108173076923077 0.015625 0.038461538461538464
0 0.7920673076923077 0.4891826923076923 0.01201923076923077 0.036057692307692304
0 0.8076923076923077 0.5228365384615384 0.020432692307692308 0.039663461538461536
0 0.8533653846153846 0.5336538461538461 0.018028846153846152 0.03485576923076923
0 0.8341346153846154 0.5144230769230769 0.016826923076923076 0.03365384615384615
0 0.9014423076923077 0.515625 0.013221153846153846 0.03125
0 0.9194711538461539 0.5108173076923077 0.01201923076923077 0.028846153846153848
0 0.9290865384615384 0.5012019230769231 0.010817307692307692 0.02283653846153846
0 0.9399038461538461 0.5204326923076923 0.013221153846153846 0.025240384615384616
0 0.9483173076923077 0.4951923076923077 0.013221153846153846 0.020432692307692308
0 0.9723557692307693 0.5204326923076923 0.015625 0.028846153846153848
0 0.06490384615384616 0.2980769230769231 0.010817307692307692 0.018028846153846152
0 0.042067307692307696 0.28966346153846156 0.015625 0.020432692307692308
0 0.07932692307692307 0.32211538461538464 0.018028846153846152 0.028846153846153848
0 0.10697115384615384 0.3293269230769231 0.016826923076923076 0.027644230769230768
0 0.13822115384615385 0.33533653846153844 0.010817307692307692 0.027644230769230768
0 0.12740384615384615 0.3245192307692308 0.013221153846153846 0.030048076923076924
0 0.14423076923076922 0.31850961538461536 0.010817307692307692 0.02283653846153846
0 0.17067307692307693 0.32091346153846156 0.01201923076923077 0.026442307692307692
0 0.1971153846153846 0.34134615384615385 0.015625 0.025240384615384616
0 0.18389423076923078 0.33533653846153844 0.013221153846153846 0.020432692307692308
0 0.24639423076923078 0.375 0.016826923076923076 0.028846153846153848
0 0.23076923076923078 0.3485576923076923 0.010817307692307692 0.020432692307692308
0 0.27884615384615385 0.36778846153846156 0.013221153846153846 0.020432692307692308
0 0.28725961538461536 0.3605769230769231 0.014423076923076924 0.027644230769230768
0 0.2932692307692308 0.35336538461538464 0.010817307692307692 0.019230769230769232
0 0.27283653846153844 0.3449519230769231 0.013221153846153846 0.02283653846153846
0 0.25841346153846156 0.3629807692307692 0.014423076923076924 0.025240384615384616
0 0.24158653846153846 0.3233173076923077 0.014423076923076924 0.020432692307692308
0 0.5649038461538461 0.5132211538461539 0.02403846153846154 0.04807692307692308
0 0.6117788461538461 0.5192307692307693 0.02283653846153846 0.046875
0 0.6466346153846154 0.5204326923076923 0.016826923076923076 0.040865384615384616
0 0.6923076923076923 0.4807692307692308 0.020432692307692308 0.037259615384615384
0 0.6778846153846154 0.5036057692307693 0.016826923076923076 0.037259615384615384
0 0.6706730769230769 0.47716346153846156 0.019230769230769232 0.03125
0 0.6418269230769231 0.4795673076923077 0.018028846153846152 0.03485576923076923
0 0.6274038461538461 0.47716346153846156 0.014423076923076924 0.03365384615384615
0 0.6105769230769231 0.47716346153846156 0.020432692307692308 0.03365384615384615
0 0.5853365384615384 0.47716346153846156 0.016826923076923076 0.036057692307692304
0 0.5733173076923077 0.4831730769230769 0.019230769230769232 0.039663461538461536
0 0.5661057692307693 0.4567307692307692 0.018028846153846152 0.027644230769230768
0 0.5853365384615384 0.4519230769230769 0.015625 0.025240384615384616
0 0.609375 0.4483173076923077 0.01201923076923077 0.02283653846153846
0 0.6274038461538461 0.44591346153846156 0.014423076923076924 0.030048076923076924
0 0.6490384615384616 0.46634615384615385 0.013221153846153846 0.030048076923076924
0 0.6971153846153846 0.45552884615384615 0.013221153846153846 0.028846153846153848
0 0.7163461538461539 0.46274038461538464 0.015625 0.03245192307692308
0 0.7223557692307693 0.4375 0.010817307692307692 0.021634615384615384
0 0.7536057692307693 0.4723557692307692 0.014423076923076924 0.030048076923076924
0 0.7379807692307693 0.4675480769230769 0.010817307692307692 0.026442307692307692
0 0.7668269230769231 0.46274038461538464 0.010817307692307692 0.02403846153846154
0 0.7788461538461539 0.44350961538461536 0.009615384615384616 0.020432692307692308
0 0.7896634615384616 0.45552884615384615 0.010817307692307692 0.02403846153846154
0 0.8605769230769231 0.5144230769230769 0.01201923076923077 0.028846153846153848
0 0.8665865384615384 0.4987980769230769 0.013221153846153846 0.02403846153846154
0 0.8786057692307693 0.4951923076923077 0.014423076923076924 0.028846153846153848
0 0.8509615384615384 0.47716346153846156 0.013221153846153846 0.025240384615384616
0 0.8185096153846154 0.4831730769230769 0.014423076923076924 0.03125
0 0.6478365384615384 0.43509615384615385 0.013221153846153846 0.020432692307692308
0 0.7067307692307693 0.43028846153846156 0.01201923076923077 0.016826923076923076
0 0.6959134615384616 0.43149038461538464 0.009615384615384616 0.016826923076923076
0 0.8100961538461539 0.46634615384615385 0.010817307692307692 0.021634615384615384
0 0.8269230769230769 0.47716346153846156 0.008413461538461538 0.02283653846153846
0 0.7439903846153846 0.4963942307692308 0.015625 0.03245192307692308
0 0.44711538461538464 0.40865384615384615 0.018028846153846152 0.03485576923076923
0 0.4579326923076923 0.43990384615384615 0.014423076923076924 0.028846153846153848
0 0.4807692307692308 0.4519230769230769 0.020432692307692308 0.037259615384615384
0 0.49399038461538464 0.43028846153846156 0.019230769230769232 0.03125
0 0.48677884615384615 0.41466346153846156 0.018028846153846152 0.03125
0 0.5324519230769231 0.44591346153846156 0.016826923076923076 0.027644230769230768
0 0.5420673076923077 0.4266826923076923 0.010817307692307692 0.026442307692307692
0 0.5564903846153846 0.43149038461538464 0.01201923076923077 0.021634615384615384
0 0.5697115384615384 0.43028846153846156 0.010817307692307692 0.02403846153846154
0 0.5841346153846154 0.42908653846153844 0.013221153846153846 0.021634615384615384
0 0.5853365384615384 0.4110576923076923 0.010817307692307692 0.018028846153846152
0 0.5973557692307693 0.40384615384615385 0.008413461538461538 0.020432692307692308
0 0.5877403846153846 0.3942307692307692 0.007211538461538462 0.016826923076923076
0 0.5793269230769231 0.39903846153846156 0.006009615384615385 0.018028846153846152
0 0.6286057692307693 0.4026442307692308 0.008413461538461538 0.01201923076923077
0 0.6430288461538461 0.4170673076923077 0.008413461538461538 0.018028846153846152
0 0.5649038461538461 0.41225961538461536 0.009615384615384616 0.020432692307692308
0 0.5612980769230769 0.3942307692307692 0.008413461538461538 0.020432692307692308
0 0.546875 0.4110576923076923 0.008413461538461538 0.016826923076923076
0 0.5216346153846154 0.43509615384615385 0.015625 0.028846153846153848
0 0.5132211538461539 0.40384615384615385 0.014423076923076924 0.021634615384615384
0 0.5192307692307693 0.3858173076923077 0.008413461538461538 0.018028846153846152
0 0.5072115384615384 0.3798076923076923 0.007211538461538462 0.014423076923076924
0 0.47596153846153844 0.41466346153846156 0.010817307692307692 0.026442307692307692
0 0.4675480769230769 0.3942307692307692 0.009615384615384616 0.020432692307692308
0 0.47716346153846156 0.38221153846153844 0.007211538461538462 0.018028846153846152
0 0.4855769230769231 0.3762019230769231 0.007211538461538462 0.015625
0 0.4951923076923077 0.3858173076923077 0.007211538461538462 0.016826923076923076
0 0.4579326923076923 0.34375 0.008413461538461538 0.016826923076923076
0 0.44711538461538464 0.38461538461538464 0.009615384615384616 0.016826923076923076
0 0.4567307692307692 0.39302884615384615 0.009615384615384616 0.016826923076923076
0 0.4230769230769231 0.3798076923076923 0.009615384615384616 0.019230769230769232
0 0.4338942307692308 0.3858173076923077 0.01201923076923077 0.02283653846153846
0 0.4266826923076923 0.41466346153846156 0.01201923076923077 0.027644230769230768
0 0.41346153846153844 0.4170673076923077 0.013221153846153846 0.030048076923076924
0 0.41346153846153844 0.39302884615384615 0.010817307692307692 0.020432692307692308
0 0.4026442307692308 0.3786057692307692 0.008413461538461538 0.018028846153846152
0 0.40865384615384615 0.36899038461538464 0.008413461538461538 0.015625
0 0.41586538461538464 0.3641826923076923 0.006009615384615385 0.018028846153846152
0 0.3870192307692308 0.3954326923076923 0.013221153846153846 0.030048076923076924
0 0.3786057692307692 0.3762019230769231 0.01201923076923077 0.019230769230769232
0 0.3942307692307692 0.36899038461538464 0.01201923076923077 0.020432692307692308
0 0.36899038461538464 0.34975961538461536 0.009615384615384616 0.013221153846153846
0 0.3641826923076923 0.38822115384615385 0.01201923076923077 0.027644230769230768
0 0.3605769230769231 0.36778846153846156 0.01201923076923077 0.02283653846153846
0 0.34375 0.3786057692307692 0.013221153846153846 0.018028846153846152
0 0.35216346153846156 0.3605769230769231 0.008413461538461538 0.020432692307692308
0 0.35336538461538464 0.3449519230769231 0.009615384615384616 0.020432692307692308
0 0.53125 0.4026442307692308 0.008413461538461538 0.018028846153846152
0 0.5456730769230769 0.3894230769230769 0.007211538461538462 0.016826923076923076
0 0.23076923076923078 0.3942307692307692 0.019230769230769232 0.03485576923076923
0 0.21394230769230768 0.38341346153846156 0.015625 0.03365384615384615
0 0.21875 0.3581730769230769 0.01201923076923077 0.02403846153846154
0 0.22355769230769232 0.3329326923076923 0.009615384615384616 0.019230769230769232
0 0.20793269230769232 0.32572115384615385 0.013221153846153846 0.02283653846153846
0 0.6622596153846154 0.43028846153846156 0.009615384615384616 0.021634615384615384
0 0.6754807692307693 0.42788461538461536 0.009615384615384616 0.021634615384615384