0 0.013221153846153846 0.390625 0.026442307692307692 0.055288461538461536
0 0.009615384615384616 0.453125 0.019230769230769232 0.07451923076923077
0 0.0939481964148554 0.4810299055599338 0.05822374406926997 0.09201746462321644
0 0.10927251530683736 0.42916539991678704 0.05573598690853497 0.07756641641776205
0 0.12812568500660695 0.3640377835039201 0.03881116765690852 0.06054369436419549
0 0.18844560153779766 0.4018000399060183 0.04366081546804505 0.06781117539048918
0 0.17853652839830225 0.3514311558047595 0.029027961027746203 0.0315856553885313
0 0.28946308067059523 0.4102406306615434 0.06307339188040664 0.09928494564951015
0 0.22832583317738844 0.43859812913140317 0.046120602293150625 0.07745453128825155
0 0.23378383578846879 0.550321032720494 0.10653841499904469 0.13344227488615318
0 0.3701923076923077 0.4026442307692308 0.019230769230769232 0.06490384615384616
0 0.3762019230769231 0.35096153846153844 0.007211538461538462 0.038461538461538464
0 0.13474984641992413 0.26299233119524873 0.024234253887868817 0.033933558977622215
0 0.39302884615384615 0.5336538461538461 0.026442307692307692 0.09615384615384616
0 0.4019124135244022 0.4622631886843372 0.04377269681056348 0.08704194462125842
0 0.4967594478427143 0.4431294768765755 0.03886710832816753 0.0701590789795801
0 0.48198754307941694 0.5899459055966454 0.07530240016685934 0.1354824943690904
0 0.6049263335370333 0.6474136009646182 0.08501568095694759 0.15242130257552397
0 0.9187751008760117 0.6690037332297251 0.07036884134883409 0.1137919364197198
0 0.9664184837506761 0.5939250768129422 0.0631433177194807 0.11130417641874092
0 0.9927884615384616 0.53125 0.014423076923076924 0.09615384615384616
0 0.9903846153846154 0.3918269230769231 0.019230769230769232 0.038461538461538464
0 0.9592830623569696 0.4004853896342707 0.021886348405281808 0.04352097231062921
0 0.949562788982974 0.38256842860993506 0.019468517083620733 0.04108915487440544
0 0.9111851615283244 0.3974390460510537 0.026777951719862834 0.057999991798461374
0 0.8690549205808501 0.3871112358003541 0.021872363237466885 0.041117126156783056
0 0.867713145825779 0.3630867599030814 0.019412576412361587 0.031473770259020956
0 0.8233328955704213 0.3792292286270671 0.02429019455912796 0.04354894359300683
0 0.792075902986514 0.3783909322210529 0.02431816489475726 0.048356635900699135
0 0.7788827194759897 0.3833524665818221 0.026694040712974116 0.04357691487538445
0 0.7320846378989712 0.39711906043433925 0.019482502251435656 0.043493001028251724
0 0.6864395313115238 0.40245820710720615 0.024318164894757535 0.048356635900699135
0 0.6263433774653699 0.4031574891666463 0.029153827538079415 0.05322027077314655
0 0.5555487898533341 0.42441533430447803 0.03646326217432138 0.07013110769720263