1 0.08173076923076923 0.08173076923076923 0.16346153846153846 0.16346153846153846
1 0.3317307692307692 0.12740384615384615 0.014423076923076924 0.09134615384615384
1 0.18652218648630245 0.09844757976130013 0.09946662334918042 0.143145147469826
1 0.3091420488733464 0.13421960468113342 0.05241717401819584 0.07647821526751973
1 0.5244618505487921 0.2781666980413403 0.10086670429797806 0.16718360900828755
1 0.6915635994772045 0.20900615074715787 0.16756694714437123 0.24184567347144784
1 0.4312718829283112 0.2723713331976192 0.13930453421862643 0.20951823199738884
1 0.5879537614833955 0.2791768128118767 0.08406348976194508 0.12573052904341622
1 0.8705682796208579 0.18252713887271946 0.15683149776994845 0.22222310734102074
1 0.9639423076923077 0.25240384615384615 0.07211538461538461 0.23076923076923078
0 0.18028846153846154 0.5216346153846154 0.03365384615384615 0.04326923076923077
0 0.20696897621490068 0.5219346518289464 0.028822445305263747 0.041942826089443594
0 0.22104203290077817 0.5273565718640751 0.03433017808735487 0.05415795530850322
0 0.2548076923076923 0.5216346153846154 0.038461538461538464 0.04326923076923077
0 0.30288461538461536 0.5144230769230769 0.028846153846153848 0.028846153846153848
0 0.3173076923076923 0.5168269230769231 0.028846153846153848 0.03365384615384615
0 0.3269230769230769 0.515625 0.02403846153846154 0.03125
0 0.42786539314464694 0.9397324885646703 0.049313287389950874 0.06436103527337454