0 0.28365384615384615 0.49278846153846156 0.13822115384615385 0.23076923076923078
0 0.140625 0.33774038461538464 0.11778846153846154 0.18870192307692307
0 0.20673076923076922 0.21514423076923078 0.05048076923076923 0.07692307692307693
0 0.25240384615384615 0.1875 0.040865384615384616 0.078125
0 0.27163461538461536 0.22596153846153846 0.036057692307692304 0.07091346153846154
0 0.3004807692307692 0.16346153846153846 0.038461538461538464 0.0673076923076923
0 0.33052884615384615 0.19831730769230768 0.03485576923076923 0.06129807692307692
0 0.3737980769230769 0.2091346153846154 0.046875 0.0829326923076923
0 0.43028846153846156 0.21033653846153846 0.04567307692307692 0.08533653846153846
0 0.421875 0.09254807692307693 0.030048076923076924 0.0733173076923077
0 0.47596153846153844 0.17427884615384615 0.03125 0.06370192307692307
0 0.49759615384615385 0.18990384615384615 0.037259615384615384 0.052884615384615384
0 0.5216346153846154 0.24158653846153846 0.04567307692307692 0.09615384615384616
0 0.5252403846153846 0.1622596153846154 0.028846153846153848 0.051682692307692304
0 0.5564903846153846 0.1814903846153846 0.03485576923076923 0.06370192307692307
0 0.6165865384615384 0.23677884615384615 0.04447115384615385 0.09134615384615384
0 0.6358173076923077 0.18389423076923078 0.028846153846153848 0.046875
0 0.6706730769230769 0.17548076923076922 0.028846153846153848 0.06129807692307692
0 0.7067307692307693 0.17548076923076922 0.028846153846153848 0.057692307692307696
0 0.7728365384615384 0.19951923076923078 0.03365384615384615 0.0733173076923077
0 0.8317307692307693 0.1935096153846154 0.03245192307692308 0.06610576923076923
0 0.9627403846153846 0.19471153846153846 0.04927884615384615 0.09134615384615384