0 0.057692307692307696 0.2704326923076923 0.11538461538461539 0.18509615384615385
0 0.16567074730153314 0.26309528855940545 0.13368262518214977 0.19882480217571058
0 0.27087548623288915 0.17034118078155872 0.18068011655915925 0.24600887393256507
0 0.46634615384615385 0.14903846153846154 0.23557692307692307 0.2980769230769231
0 0.6418269230769231 0.140625 0.1346153846153846 0.28125
0 0.809704697191539 0.30977952491047783 0.06034113660017281 0.09319292530965975
0 0.7403846153846154 0.42788461538461536 0.0625 0.09134615384615384
0 0.7235576923076923 0.5877403846153846 0.028846153846153848 0.16105769230769232
0 0.9242788461538461 0.6105769230769231 0.0985576923076923 0.11538461538461539
0 0.857537034246609 0.5211806325457595 0.0803076475573307 0.1322420728732227
0 0.9226612855326389 0.4173840894761828 0.07510750676460905 0.12726649225066636
0 0.8997751950952646 0.2695322838088021 0.04454448997949329 0.07586233728814416
0 0.8434564571005596 0.25069070095350904 0.04493693846452264 0.08067002959583647
0 0.9256777869376156 0.24753518692158452 0.03355553566650594 0.058699637581492735
0 0.9642620151422463 0.26214141936536783 0.04233686806816195 0.07818223928455822
0 0.9879807692307693 0.21875 0.02403846153846154 0.057692307692307696
0 0.9795673076923077 0.3245192307692308 0.040865384615384616 0.09615384615384616
0 0.1346153846153846 0.9158653846153846 0.2692307692307692 0.16826923076923078
0 0.015625 0.7716346153846154 0.03125 0.1201923076923077
0 0.03125 0.71875 0.0625 0.10096153846153846
0 0.09375 0.7175480769230769 0.057692307692307696 0.0985576923076923
0 0.18786826759536007 0.7552007591713785 0.08192659674111816 0.12271063241527026
0 0.2444811435877542 0.7113744537118075 0.059556239630114104 0.08357754069427512
0 0.3622941827480508 0.7299527664277726 0.07736428391961056 0.09618438056553048
0 0.49077726223572754 0.7211806529255195 0.0719679188843745 0.08880495378912785
0 0.6334134615384616 0.8942307692307693 0.15144230769230768 0.21153846153846154