0 0.4594736339650377 0.3232990627100911 0.08710489406320167 0.11871488903170661
0 0.625 0.0733173076923077 0.10096153846153846 0.1466346153846154
0 0.7572115384615384 0.09134615384615384 0.14903846153846154 0.18269230769230768
0 0.8858173076923077 0.05889423076923077 0.09375 0.11778846153846154
0 0.38822115384615385 0.42427884615384615 0.06490384615384616 0.06971153846153846
0 0.4624306569342338 0.44682164404949004 0.07681774384376319 0.10390001520897184
0 0.44471153846153844 0.6790865384615384 0.12980769230769232 0.23317307692307693
0 0.334463692182995 0.5156169268219645 0.10208777565632368 0.1313218151504241
0 0.2396237300400809 0.517082075052239 0.08458908697534663 0.11621309365294603
0 0.1907104138854378 0.48548516262159624 0.07978139466765431 0.11601719520311704
0 0.14229760800648775 0.4946556855814237 0.06116309664658705 0.07687001216717758
0 0.5252403846153846 0.7596153846153846 0.03125 0.0625
0 0.5558217547897258 0.7724509303314684 0.033825101482207194 0.056561801462349376
0 0.5653284923984491 0.7228782365028787 0.033825101482207194 0.056561801462349376
0 0.58774352039378 0.7567545134845036 0.03360117961418915 0.051754109154657064
0 0.6185193433879154 0.739905148173073 0.04388832983362789 0.0665689829773917
0 0.6412439209154448 0.7413784766902318 0.036228947636053346 0.0566597506872638
0 0.6845691321516801 0.7384134675648487 0.038968676591926564 0.0639692383737167
0 0.7081597499541056 0.7470493599310888 0.036005025768035444 0.05185205837957149
0 0.7178607622336709 0.7190623068746574 0.033825101482207194 0.056561801462349376
0 0.7379575717393361 0.7254412769244231 0.038632793789899506 0.05675769991217823
0 0.7771731895417615 0.7334404993287194 0.03611698670204433 0.05425590453341765
0 0.8077250906678791 0.7213988263249811 0.03852083285589048 0.05435385375833208
0 0.7927718562719333 0.707612419363848 0.03052556785628888 0.03723308300666572
0 0.8570039368217253 0.7193908672142348 0.03874475472390852 0.05916154606602438
0 0.884118010118087 0.703890348817099 0.031869099064397124 0.06607923685281956
0 0.9117622408873178 0.7027639327305829 0.03645286950407139 0.06146744299495611
0 0.9642549930029015 0.7090225113209265 0.03589306483402656 0.04944821222572534
0 0.9951923076923077 0.6766826923076923 0.009615384615384616 0.06009615384615385