0 0.4855769230769231 0.15985576923076922 0.03365384615384615 0.040865384615384616
0 0.484375 0.24278846153846154 0.03125 0.09615384615384616
0 0.5144230769230769 0.28365384615384615 0.09134615384615384 0.13942307692307693
0 0.616579458130272 0.29947624121355215 0.10564718538404527 0.16399297483850062
0 0.5035670875076221 0.16172978171795194 0.02175448067863237 0.028958035188672133
0 0.5319926227791322 0.1667052960394218 0.02415832683247859 0.028972020356487056
0 0.560403447400286 0.19933902629793726 0.051561736968091 0.06757341049617338
0 0.59728766620691 0.21759163513682012 0.04873727223960108 0.06275173302066642
0 0.6001867742327647 0.1707096425529128 0.026982791560968576 0.03379369783199401
0 0.5806552517213686 0.14654531450411803 0.019140325237464333 0.026540203867011333
0 0.6228582254036337 0.18647449423106072 0.02436863611980054 0.03137586651033321
0 0.6519146885371094 0.18423847009099206 0.02175448067863237 0.028958035188672133
0 0.6746166510542747 0.24088968413624692 0.06547375132321911 0.08927795171986283
0 0.7003975195383203 0.20736869707664132 0.02980725628945863 0.03861537530750125
0 0.7159772975416678 0.19423145423737617 0.019350634524786213 0.028944050020857485
0 0.7321133601096166 0.21597095838060268 0.035876804321082506 0.05306642256620774
0 0.7648660364671666 0.24021220485237868 0.04110511520341872 0.05790208520952962
0 0.8012539033561977 0.20915799720178582 0.038070341187606646 0.05067656158017651
0 0.8272755924738615 0.2141195263554409 0.02980725628945863 0.03861537530750125
0 0.8433664330451579 0.22263088406860596 0.033472958167236354 0.05305243739839282
0 0.8297551719706566 0.2682480203204237 0.04654373537307667 0.06514159400669765
0 0.8661735502059842 0.2780801750369377 0.05438620169658092 0.07239508797168061
0 0.9027875270782777 0.313166699536651 0.09098437787293424 0.10624472647493377
0 0.9093523369819102 0.2518756151974817 0.0378600319002849 0.048272715426330354
0 0.96875 0.26322115384615385 0.0625 0.06971153846153846
0 0.04567307692307692 0.9831730769230769 0.04807692307692308 0.03365384615384615
0 0.09134615384615384 0.9819711538461539 0.03365384615384615 0.036057692307692304
0 0.003605769230769231 0.9242788461538461 0.007211538461538462 0.036057692307692304
0 0.01771883245078441 0.9545375019492943 0.03242141173062667 0.04103320662916218
0 0.024013400420086314 0.9100803332709554 0.019560943812108232 0.03134789617470364
0 0.04887838845747951 0.9282630162707644 0.024578945407122424 0.03377971266417937
0 0.058613638366881174 0.8994588179280549 0.022175099253276268 0.033765727496364445
0 0.08682886435106921 0.9068381784033709 0.021544171391310485 0.02655418903482598
0 0.12168463358183847 0.9070409633366854 0.019140325237464333 0.026540203867011333
0 0.08226199267699522 0.9452927242810019 0.02740341013561248 0.038601390139686324
0 0.1096654028126077 0.9069710374976114 0.01412232364245014 0.02410838737753547
0 0.1474960134121803 0.9144063386441866 0.023948017545156637 0.026568174202640904
0 0.17695838446994389 0.9350208381334713 0.021544171391310485 0.02655418903482598
0 0.1879407794529211 0.9194517788047304 0.019350634524786213 0.028944050020857485
0 0.20231863437934555 0.906307543381558 0.019560943812108232 0.03134789617470364
0 0.21573538686246524 0.9316388315877387 0.022175099253276268 0.033765727496364445
0 0.2173432178636761 0.9544963478009995 0.02415832683247852 0.028972020356487056
0 0.23136038686246524 0.931729735178535 0.01893001595014245 0.024136357713165177
0 0.2599362987742887 0.9487314728531431 0.026562172986324677 0.02898600552430171
0 0.2668470839552003 0.9247209816503111 0.01893001595014245 0.024136357713165177
0 0.28289270252984416 0.920004192933415 0.016736479083618177 0.02652621869919641
0 0.2763426032765679 0.9536370613355388 0.024578945407122424 0.03377971266417937
0 0.2776442307692308 0.9867788461538461 0.026442307692307692 0.026442307692307692
0 0.30738229398924594 0.9562227146709774 0.019560943812108232 0.03134789617470364
0 0.31560015689074167 0.9310172929751298 0.021964789965954388 0.031361881342518425
0 0.32853635815220894 0.9755863429959871 0.02740341013561248 0.038601390139686456
0 0.3269230769230769 0.9951923076923077 0.02403846153846154 0.009615384615384616
0 0.3519438918287046 0.9829377331356736 0.019350634524786213 0.028944050020857485
0 0.35206375712272175 0.954077594121705 0.021964789965954388 0.031361881342518286
0 0.35505330914188116 0.9336518943979202 0.019350634524786213 0.028944050020857485
0 0.3997200616250009 0.9591649897856933 0.022175099253276268 0.033765727496364445
0 0.4014423076923077 0.9951923076923077 0.028846153846153848 0.009615384615384616
0 0.4261024366703001 0.9737488961386404 0.019350634524786213 0.028944050020857485
0 0.4375 0.9855769230769231 0.02403846153846154 0.028846153846153848
0 0.4579326923076923 0.984375 0.021634615384615384 0.026442307692307692
0 0.4651442307692308 0.9783653846153846 0.007211538461538462 0.04326923076923077
0 0.5144230769230769 0.5600961538461539 0.04326923076923077 0.02403846153846154
0 0.6009615384615384 0.5552884615384616 0.04326923076923077 0.014423076923076924
0 0.7728365384615384 0.5625 0.040865384615384616 0.028846153846153848
0 0.8689903846153846 0.5612980769230769 0.040865384615384616 0.026442307692307692
0 0.9134615384615384 0.5576923076923077 0.038461538461538464 0.019230769230769232
0 0.9663461538461539 0.5721153846153846 0.04326923076923077 0.04807692307692308