0 0.06709252491686175 0.33977555170643764 0.04124298414638398 0.06537935795426542
0 0.08337482780415725 0.4525745076017524 0.09939680237658002 0.1453775918082511
0 0.10333901699005388 0.3718079055476966 0.053346125922503734 0.07994229128923044
0 0.15846664909864516 0.3435203352837809 0.03881116765690852 0.06054369436419549
0 0.1875085952942063 0.37683852604909573 0.053304170419059244 0.07273075282769198
0 0.20461442037227576 0.21797489527741754 0.05331815558687389 0.07513459898153813
0 0.2537402310353086 0.3977039311683269 0.060641575390930916 0.09444928205944023
0 0.3608931920630549 0.42770920910252336 0.07029891550975975 0.10177270565048903
0 0.3498792906661906 0.1874364788474184 0.06300346604133285 0.08726571488027937
1 0.109375 0.5504807692307693 0.036057692307692304 0.02403846153846154
1 0.8388825798577388 0.9352301158008435 0.04134088032108762 0.08220628103118835
1 0.5305601382586158 0.6238926081501425 0.03876921215346403 0.053332155902657025
1 0.7820145957113547 0.8709835947828712 0.046120602293150355 0.07745453128825155
1 0.9831730769230769 0.9254807692307693 0.03365384615384615 0.07211538461538461
1 0.6784604113304703 0.8397344368481853 0.03396151984577172 0.053276213337901786