0 0.21305908982877655 0.03892385035457616 0.028907035068290936 0.03861537530750125
0 0.24486254804497912 0.1039885259382925 0.04169649314251645 0.05070453191580594
0 0.30193867389329093 0.09470878535046302 0.03688880083482415 0.050676561580176374
0 0.4543269230769231 0.24879807692307693 0.09134615384615384 0.15625
0 0.46667363094528364 0.1836363065198065 0.08385512266802991 0.10862060229315035
0 0.43465524604594497 0.07772023148852035 0.033714727375983244 0.038643345643130815
0 0.463562281114236 0.11633560679602152 0.0543319057557431 0.06038984237026449
0 0.49658380391572393 0.14416164474684465 0.043545038674503954 0.07955068576195992
0 0.6054500854132961 0.1556082849908182 0.07137375551580227 0.10133913799253796
0 0.6804618931765923 0.18247714030147713 0.08733728704886883 0.12546151053788834
0 0.5966067705085625 0.07385653800832678 0.03750498267882016 0.06029194619556099
0 0.5809656290002001 0.11101126463433121 0.045024612062356355 0.06514159400669765
0 0.5592701323934476 0.07243784483027432 0.03990882883266618 0.060305931363375774
0 0.6262019230769231 0.009615384615384616 0.021634615384615384 0.019230769230769232
0 0.6460253630207013 0.020077673238713893 0.02107931476275673 0.028958035188672133
0 0.6595546077888531 0.024962283969387523 0.020617178379759855 0.02174649672713381
0 0.6733149207485033 0.033452663930830455 0.021387405684754605 0.03376572749636458
0 0.7005274557458058 0.045625731546024006 0.032081108527131835 0.0506485912445468
0 0.7530573980889923 0.05914756650019596 0.04246672044751133 0.06272376268503671
0 0.7897312722406805 0.0689727286328025 0.03735093721782116 0.05788810004171484
0 0.8240478823579533 0.0607620520276555 0.05060253167504355 0.07718879511155799
0 0.8681643631626783 0.0742349388944757 0.04548674844535337 0.07235313246823612
0 0.9429451027344761 0.09749802497436548 0.06896990936195599 0.10132515282472318
0 0.9915865384615384 0.0985576923076923 0.016826923076923076 0.1201923076923077
0 0.948354677783458 0.05067197306171723 0.03960073791066831 0.05549823905568347
0 0.8847297774370345 0.0515032891915482 0.03688880083482415 0.050676561580176374
0 0.828125 0.015625 0.036057692307692304 0.03125
0 0.8028846153846154 0.007211538461538462 0.02403846153846154 0.014423076923076924
0 0.7680288461538461 0.018028846153846152 0.026442307692307692 0.036057692307692304
0 0.7451923076923077 0.015625 0.02403846153846154 0.03125
0 0.7206216165204317 0.021713136517895613 0.023945297299599624 0.03618355881802552
0 0.6622596153846154 0.007211538461538462 0.021634615384615384 0.014423076923076924
0 0.027644230769230768 0.6742788461538461 0.055288461538461536 0.10336538461538461
0 0.07070546433540723 0.7089955650616169 0.08027979404832923 0.12782340118829
0 0.1600185865775061 0.6590532247917172 0.0726061192037939 0.1205699072233072
0 0.22792631922083187 0.7063058243227167 0.0822215038191785 0.12062584789456647
0 0.29933420015901496 0.6394386648011905 0.06912395482295498 0.10372899897856933
0 0.375 0.6911057692307693 0.0673076923076923 0.12740384615384615
0 0.39783653846153844 0.6370192307692307 0.021634615384615384 0.10576923076923077
0 0.24158653846153846 0.9122596153846154 0.20432692307692307 0.17548076923076922
0 0.6742788461538461 0.9555288461538461 0.17067307692307693 0.0889423076923077
0 0.6525921214328315 0.8446388595113891 0.08123634983104767 0.06775521767776574
0 0.6671549447142012 0.7906572098084615 0.08588999667774097 0.06537934185954922
0 0.7889038485248607 0.7781492995208623 0.1241043254394188 0.09924296553061737
0 0.9093881056308041 0.8209018804360949 0.1021616191328054 0.09430940671259186
0 0.9567307692307693 0.9399038461538461 0.08653846153846154 0.1201923076923077
0 0.8978937348723632 0.7727760092718202 0.07192905613766079 0.0725069693141989