1 0.3173076923076923 0.18870192307692307 0.02403846153846154 0.24759615384615385
1 0.0625 0.1045673076923077 0.125 0.2091346153846154
1 0.12301238449761588 0.1229761574426016 0.13430517636687256 0.22909261334175404
0 0.37259615384615385 0.019230769230769232 0.052884615384615384 0.038461538461538464
0 0.42362780713543025 0.09843262715250858 0.08834643205593667 0.10385486548890253
0 0.4416974476148493 0.2174999301908746 0.08402848587281657 0.11584612592250373
0 0.47386978496465226 0.35827876703683725 0.1720810702540099 0.21248945294986754
0 0.5393593349506884 0.04863713114466442 0.050623602924698745 0.062779703356296
0 0.5935172902591916 0.08019480483658985 0.04821975677085259 0.06276571818848108
0 0.6139724248013915 0.1103547631021852 0.06563437519726224 0.07728669128626163
0 0.6324461326107949 0.062396713951687874 0.045326164492434304 0.05073250225143552
0 0.7211170348628666 0.08574371103846637 0.04022462450999843 0.04349299345426762
0 0.7381622986241261 0.12069038386003178 0.05042770447486989 0.05797201104860369
0 0.7056083361788464 0.17697798354210192 0.08275514594892873 0.08459612592250373
0 0.807375910674208 0.22683721416026204 0.08103694436948371 0.10140906383161216
0 0.8307062854037609 0.1801090584223175 0.07323771055845868 0.08694403140509074
0 0.8607094778578227 0.12020170434166334 0.050819501374527606 0.0675873956639883
0 0.9132471808117955 0.17097616209654334 0.05842283673572378 0.07724473578281714
0 0.9123431955530579 0.11930046237275836 0.035123084527562846 0.036253484657099586
0 0.9831730769230769 0.19951923076923078 0.03365384615384615 0.11057692307692307
0 0.9463092414727128 0.21562912312428942 0.06352437671815964 0.08448424457998545
0 0.9314903846153846 0.32572115384615385 0.13701923076923078 0.15144230769230768
0 0.8843867650180184 0.023006764540764283 0.03281718759863112 0.038643345643130815
0 0.009615384615384616 0.7692307692307693 0.019230769230769232 0.08653846153846154
0 0.07091346153846154 0.9771634615384616 0.10336538461538461 0.04567307692307692
0 0.3014989571793411 0.9265382521110852 0.03801667680598141 0.048286700594145006
0 0.3641826923076923 0.5504807692307693 0.06009615384615385 0.04326923076923077
0 0.5886116487265849 0.6790461856683929 0.06833206902585195 0.08451221491561488
0 0.6514993554828005 0.7479054302483781 0.07873104744055198 0.10379892481764326
0 0.7033820363837638 0.6941335580626726 0.05351719520311704 0.07481291929334141
0 0.6911057692307693 0.5480769230769231 0.040865384615384616 0.038461538461538464
0 0.746989999296753 0.7616789982232165 0.06803822135110839 0.07730067645407655
0 0.8377301057023547 0.6588660277365164 0.043510013688074715 0.06514159400669765
0 0.8547753694636143 0.6938127005580816 0.0658302736470911 0.08209438359395395
0 0.9479111417361779 0.7087742064420284 0.053027449078544904 0.06279368852411064
0 0.9819711538461539 0.7235576923076923 0.036057692307692304 0.07692307692307693
0 0.9795673076923077 0.9230769230769231 0.040865384615384616 0.14423076923076922