0 0.028846153846153848 0.6971153846153846 0.057692307692307696 0.18269230769230768
0 0.020432692307692308 0.6117788461538461 0.040865384615384616 0.08413461538461539
0 0.0446726764437197 0.6130045533882726 0.05269719020795545 0.08325140792721647
0 0.07248062384872037 0.6539188948812446 0.0860473116311519 0.12186001538759943
0 0.10597075336679662 0.6180082715723968 0.08294342500290693 0.10964456037585399
0 0.23288569276379406 0.7612083676147567 0.15599144920066976 0.21369653147395723
0 0.3294940044383842 0.699051462490033 0.09678276100557467 0.14187568158842737
0 0.2931325874000423 0.6598541823021061 0.07883577316961343 0.1212713426600554
0 0.4338942307692308 0.8978365384615384 0.18028846153846154 0.20432692307692307
0 0.6489492352510532 0.7710185879100758 0.12462514964668013 0.16807260979455035
0 0.6682692307692307 0.8329326923076923 0.10096153846153846 0.18509615384615385
0 0.7355769230769231 0.6995192307692307 0.03365384615384615 0.16826923076923078