0 0.12740384615384615 0.421875 0.038461538461538464 0.055288461538461536
0 0.37048101243717374 0.6444645095331212 0.12718523465939777 0.15693977046339008
0 0.43990384615384615 0.5853365384615384 0.07692307692307693 0.09375
0 0.4699519230769231 0.5637019230769231 0.016826923076923076 0.07451923076923077
0 0.3076083554817265 0.5065430189220098 0.04077222037652298 0.03942264090484325
0 0.22932931002072748 0.5157819169138188 0.0441003392963626 0.05405602711524205
0 0.19733952332680127 0.5114095538311264 0.03836837422267655 0.03921233161752123
0 0.1800200232558128 0.5392188718910267 0.048599940682057044 0.04966895338219365
0 0.11963191999602334 0.5863336024790607 0.05867746168043853 0.05772172899301991
0 0.14624257225203624 0.5254414334802716 0.04829184976005917 0.04486126107450134
0 0.16466346153846154 0.46274038461538464 0.036057692307692304 0.026442307692307692
0 0.05614492360223636 0.5512517232650294 0.05581147914359564 0.05029988124415943
0 0.015625 0.5216346153846154 0.03125 0.04807692307692308
0 0.5480769230769231 0.5324519230769231 0.11057692307692307 0.1658653846153846
0 0.638311073416246 0.7665316200242174 0.07035631851094674 0.12806419531652416
0 0.7462207991311 0.6865748591309129 0.05168084990203617 0.09774587645911673
0 0.8388744969900888 0.5649261871232919 0.047890594599199525 0.07590095178717932
0 0.9386341123747043 0.5561983516994317 0.03765902813981917 0.06544433002250703
0 0.9336294772978943 0.7275475784811267 0.07035631851094674 0.12806419531652402
0 0.9783653846153846 0.6875 0.04326923076923077 0.10576923076923077