0 0.15985576923076922 0.3233173076923077 0.31971153846153844 0.4110576923076923
0 0.328125 0.2439903846153846 0.24278846153846154 0.37740384615384615
0 0.4723557692307692 0.4723557692307692 0.04567307692307692 0.11298076923076923
0 0.46153846153846156 0.3954326923076923 0.02403846153846154 0.06490384615384616
0 0.4865606748019405 0.3904217201364389 0.03898455606667257 0.048194476392194034
0 0.5061442746684824 0.31090143377023954 0.0316189721441351 0.045286350344524405
0 0.518720648465228 0.43492638064889305 0.07137375551580227 0.10550005750594894
0 0.5592618006502524 0.4051639503390279 0.060371961751427033 0.0831930689295691
0 0.5913461538461539 0.4795673076923077 0.13942307692307693 0.0985576923076923
0 0.6040267463156979 0.4602085086055429 0.08641301428287508 0.1161240019089805
0 0.5974456888008615 0.3933463195340386 0.047582503677201515 0.07033337167063262
0 0.6137638933753569 0.38362161827834823 0.04246672044751133 0.06518949276705809
0 0.6480966450009921 0.4319001413195126 0.0710656645938044 0.10069236519825663
0 0.6579269562995128 0.3915390365979515 0.04998634983104767 0.07050146496857387
0 0.6805628671806213 0.3774268762794216 0.04215862952551346 0.06038180045936578
0 0.7007949319078838 0.36314662266295067 0.04215862952551346 0.06038180045936578
0 0.7595046766050471 0.38898357049609433 0.060063870829429024 0.07838537662187679
0 0.8039615313484946 0.4488358210703016 0.10114418212795001 0.1219402540043195
0 0.8689903846153846 0.4855769230769231 0.17067307692307693 0.08653846153846154
0 0.9675480769230769 0.46274038461538464 0.06490384615384616 0.13221153846153846
0 0.9308870996109816 0.42752859564016343 0.10293184643780015 0.11249296268687586
0 0.8619457884544379 0.4106346592306399 0.04502461206235663 0.06776143221884522
0 0.8456114423715803 0.3829316518037737 0.04440843021836061 0.05814604760346061
0 0.8117265280262357 0.38418411486336707 0.062005580600278436 0.07134193145827958
0 0.8886496049493127 0.3895631003974832 0.047428458216202514 0.06792952551678647
0 0.8965847885964149 0.3599352567192592 0.0439462938353636 0.050934509141922144
0 0.9457095892892622 0.3657850154808985 0.047274412755203506 0.06552567936294032
0 0.9711538461538461 0.37259615384615385 0.057692307692307696 0.07692307692307693
0 0.9879807692307693 0.328125 0.02403846153846154 0.040865384615384616
0 0.9130104565124783 0.329693816506906 0.02154145114575347 0.03740243869122149
0 0.931116325396824 0.3297525931645413 0.023483160916602887 0.030358993527624004
0 0.767008164480221 0.347252449399669 0.047120367294204775 0.06312183320909416
0 0.10336538461538461 0.7307692307692307 0.20673076923076922 0.28846153846153844
0 0.25240384615384615 0.7536057692307693 0.34134615384615385 0.4495192307692308
0 0.4879807692307692 0.6442307692307693 0.07692307692307693 0.23076923076923078
0 0.6033653846153846 0.6081730769230769 0.12980769230769232 0.15865384615384615
0 0.7321611671351896 0.6896505862740546 0.0843172590510268 0.12076360091873156
0 0.8033361374762182 0.671688753452809 0.07618144782349458 0.1058362441018313
0 0.9639423076923077 0.8377403846153846 0.07211538461538461 0.12259615384615384