0 0.007211538461538462 0.14302884615384615 0.014423076923076924 0.06490384615384616
0 0.008413461538461538 0.10697115384615384 0.016826923076923076 0.05048076923076923
0 0.04487832642308175 0.12740384615384615 0.04845452260792271 0.06490384615384616
0 0.09432499459070548 0.15625 0.055749972076349893 0.07932692307692307
0 0.08096398906640363 0.13221153846153846 0.038783197321278676 0.055288461538461536
0 0.1363643319473836 0.15144230769230768 0.0461066171253357 0.07451923076923077
0 0.1229395918127658 0.4170673076923077 0.1455174046697305 0.22115384615384615
0 0.9807692307692307 0.36658653846153844 0.038461538461538464 0.25721153846153844
0 0.9326923076923077 0.46875 0.1346153846153846 0.3269230769230769
0 0.6871869364344659 0.4362980769230769 0.08008212213892207 0.12980769230769232
0 0.6246100180114845 0.4230769230769231 0.09967650573287602 0.19230769230769232
0 0.546875 0.38341346153846156 0.18028846153846154 0.29086538461538464
0 0.44664848420388775 0.4098557692307692 0.10231809973957368 0.23317307692307693
0 0.41947115384615385 0.3581730769230769 0.12259615384615384 0.2403846153846154
0 0.36899038461538464 0.31971153846153844 0.15625 0.16346153846153846
0 0.26322115384615385 0.39302884615384615 0.10817307692307693 0.31009615384615385
0 0.29447115384615385 0.2692307692307692 0.0985576923076923 0.0625