0 0.0561175630267619 0.12496343437016413 0.03988289626680533 0.05069054674799116
0 0.10692109701280213 0.40579387933572025 0.07127918608570137 0.08451221491561475
0 0.0825749632778092 0.29901152525506614 0.04265104755961465 0.055512224223498115
0 0.07938871272015824 0.26178687278998775 0.042468894990133066 0.05310837806965223
0 0.15521745481806912 0.3550543845003773 0.05594534631521652 0.07240907313949527
0 0.19417165686217375 0.30076506110552426 0.0500447385906347 0.057958025880788765
0 0.18479363835042584 0.26597921771382904 0.04228674242065148 0.05070453191580581
0 0.23942379570385589 0.4170369332912298 0.06406764762416291 0.08447025941217053
0 0.2993392163888047 0.33979919009231996 0.05390580530033354 0.07720278027937291
0 0.29833879666493257 0.27372838378108777 0.04541919885242397 0.06033390169900535
0 0.3308086511171486 0.2891575914316806 0.050591196299079454 0.06516956434232722
0 0.3478880328564479 0.42841983892488744 0.06701795148645381 0.09169578304152391
0 0.4437714889726249 0.2728822811282926 0.05244858474448085 0.05797201104860342
0 0.4675480769230769 0.4266826923076923 0.040865384615384616 0.07932692307692307
0 0.47475961538461536 0.5324519230769231 0.026442307692307692 0.1466346153846154
0 0.53125 0.04326923076923077 0.0625 0.08653846153846154
0 0.5693953498153473 0.06980164069718522 0.0817694707979081 0.12782340118829
0 0.6670673076923077 0.042067307692307696 0.07451923076923077 0.08413461538461539
0 0.7263008151838258 0.0760971506668545 0.0836268592433095 0.12062584789456633
0 0.8088942307692307 0.03245192307692308 0.06971153846153846 0.06490384615384616
0 0.8840259671149713 0.0715753529442161 0.08417331695175424 0.1278373863561048
0 0.9314903846153846 0.03485576923076923 0.06971153846153846 0.06971153846153846
0 0.6878529498727504 0.329814801240142 0.2056793941975719 0.27271147330635487
0 0.2127403846153846 0.6286057692307693 0.06009615384615385 0.021634615384615384
0 0.25721153846153844 0.6899038461538461 0.08173076923076923 0.14423076923076922
0 0.262827562065685 0.8926496439125479 0.10704713757215505 0.1760261907755463
0 0.4413884130106248 0.7558533744732043 0.08690560549397776 0.1638950786637971
0 0.580592055205358 0.8423025351311685 0.1344360708624562 0.15696324355855465
0 0.5942341471329067 0.7256880263340004 0.08865256687106907 0.09182164955185698
0 0.6680979125336589 0.7180499402541108 0.07717979381028305 0.09896326217432151
0 0.7512113380025564 0.7944555659680402 0.10671869518377755 0.1399824836356688
0 0.8503707015528484 0.7542326977169869 0.09102055027432954 0.12307164955185684
0 0.7595172112892608 0.7006985733841329 0.07164349122466454 0.0893199072233072
0 0.7169407280473707 0.6600989069572294 0.06628934120852747 0.08208039842613903
0 0.8110550331863339 0.65474579310476 0.03766120268244076 0.053080407734022526
0 0.8629807692307693 0.6382211538461539 0.03365384615384615 0.040865384615384616
0 0.9063891927775128 0.6650036940844758 0.03747905011295917 0.05067656158017651
0 0.9548648643357082 0.7704442734100589 0.06497841047157084 0.0964894901814013
0 0.9891826923076923 0.7584134615384616 0.021634615384615384 0.09375
0 0.984375 0.6814903846153846 0.03125 0.06971153846153846
0 0.9509514229084075 0.663543045402979 0.03434659368118682 0.041047191796976974
0 0.9687070402080313 0.6670439258751373 0.02214521034247446 0.03857341980405675
0 0.5245419594549376 0.6624196434593361 0.049098112992641156 0.07717480994374334
0 0.569577502384829 0.6705673868093166 0.06738225662541684 0.09650347534921608
0 0.6311488081621283 0.66660499579927 0.06093519119239041 0.07484088962897112
0 0.6670673076923077 0.625 0.026442307692307692 0.014423076923076924
0 0.609375 0.6225961538461539 0.03125 0.009615384615384616
0 0.5276442307692307 0.6286057692307693 0.05048076923076923 0.021634615384615384
0 0.7692307692307693 0.6358173076923077 0.03365384615384615 0.036057692307692304
0 0.7860576923076923 0.6322115384615384 0.02403846153846154 0.028846153846153848