1 0.25600961538461536 0.14182692307692307 0.5120192307692307 0.28365384615384615
0 0.5372596153846154 0.3701923076923077 0.036057692307692304 0.07211538461538461
0 0.5432692307692307 0.4266826923076923 0.04807692307692308 0.09375
0 0.5683993367523958 0.38300202493501373 0.04115907313949533 0.053338355295768435
0 0.6011729186890592 0.43602122695126994 0.0968670897124008 0.12931988576379908
0 0.6465313293363033 0.37874091582885 0.06052969404841256 0.07872156321775901
0 0.6588162782940152 0.42357352626222133 0.05085836876176873 0.06843380541060995
0 0.6854334005840078 0.45177257690794576 0.06294752537007343 0.08129350266954642
0 0.7030566768712249 0.3808003387118489 0.048426552272293005 0.0634580198049764
0 0.7474788826300269 0.3692771511614764 0.043576904461156335 0.055910294747555704
0 0.7351597721079274 0.5252497412232295 0.08476394793628124 0.11405634235101658
0 0.8151152263813669 0.42106092343450935 0.058153818230196046 0.08336116222751021
0 0.8438914543884468 0.407024573089985 0.04605067645407642 0.06809761881472773
0 0.8356807777832997 0.4424686688635482 0.03875522698564911 0.053170261997827324
0 0.8383922976290715 0.49518519095022245 0.0750087116427487 0.08934550762079031
0 0.9152664264647966 0.48139274387764475 0.04596676544718757 0.0536745418916508
0 0.9089910928917001 0.4361399001994206 0.045980750615002494 0.056078388045496814
0 0.9699519230769231 0.5817307692307693 0.06009615384615385 0.09615384615384616
0 0.5649038461538461 0.9615384615384616 0.09134615384615384 0.07692307692307693
0 0.6528424271840861 0.895426135532047 0.05586185341886818 0.10242383816033833
0 0.6817654994532215 0.9066301698029073 0.07271674683142083 0.10840818355361857
0 0.7072016764180132 0.9385190363283715 0.06792303969154344 0.1104758431115825
0 0.7439903846153846 0.953125 0.08413461538461539 0.09375
0 0.7863467923133439 0.9017219574963141 0.058195773733640536 0.09057270068904881
0 0.8076923076923077 0.9507211538461539 0.10096153846153846 0.0985576923076923
0 0.8605769230769231 0.9675480769230769 0.11538461538461539 0.06490384615384616
0 0.9855769230769231 0.9675480769230769 0.028846153846153848 0.06490384615384616
0 0.9663461538461539 0.9362980769230769 0.0673076923076923 0.12740384615384615
0 0.9043380387851201 0.928341155127968 0.07270276166360591 0.10600433739977241
0 0.8807253235098604 0.7965245799199472 0.06061360505530134 0.09314464014083594