0 0.026442307692307692 0.12379807692307693 0.052884615384615384 0.24278846153846154
0 0.19230769230769232 0.06610576923076923 0.1346153846153846 0.13221153846153846
0 0.3425480769230769 0.036057692307692304 0.15144230769230768 0.07211538461538461
0 0.5024038461538461 0.08173076923076923 0.15384615384615385 0.16346153846153846
0 0.6850961538461539 0.06850961538461539 0.13942307692307693 0.13701923076923078
0 0.8137019230769231 0.09134615384615384 0.18028846153846154 0.18269230769230768
0 0.9122596153846154 0.04567307692307692 0.14182692307692307 0.09134615384615384
0 0.9567307692307693 0.12139423076923077 0.08653846153846154 0.24278846153846154
0 0.14302884615384615 0.5757211538461539 0.15625 0.21394230769230768
0 0.12139423076923077 0.49038461538461536 0.0985576923076923 0.04326923076923077
0 0.020432692307692308 0.8173076923076923 0.040865384615384616 0.34134615384615385
0 0.5637019230769231 0.5408653846153846 0.15625 0.14423076923076922
0 0.7163461538461539 0.5396634615384616 0.15384615384615385 0.14182692307692307
0 0.8581730769230769 0.5913461538461539 0.18269230769230768 0.24519230769230768