0 0.007211538461538462 0.2800480769230769 0.014423076923076924 0.055288461538461536
0 0.02216684501802992 0.22346116711509817 0.019137604991907316 0.0374312620052949
0 0.016218110855551693 0.185686413502361 0.01898355953090845 0.03502741585144875
0 0.0419510724650018 0.15728186338490663 0.015963531533066417 0.025215806993549597
0 0.04370645375812739 0.09257424147357515 0.015963531533066417 0.025215806993549597
0 0.06860830684044558 0.11445423634437532 0.013713730840219266 0.027423428904881073
0 0.08249406705568227 0.21494979182146218 0.023945297299599624 0.03782371049032426
0 0.05424979595081803 0.2638851463678662 0.02681127983644279 0.04523147319437753
0 0.0552833744640359 0.32238692865206764 0.032697290371127716 0.06245084475632996
0 0.08559296018967981 0.29719569928035316 0.029523216912286817 0.05023538974458438
0 0.11058613510520364 0.2616777228226177 0.019445695913905325 0.042238954312987215
0 0.09887315285231467 0.1645917123337854 0.013867776301218271 0.02982727505872709
0 0.11962823518471112 0.10192006571310572 0.018829514069909445 0.03262356969760273
0 0.15258887676406196 0.10999023401020808 0.013559685379220263 0.02501958275103492
0 0.12439118777862869 0.17685632258920087 0.01867546860891058 0.030219723543756443
0 0.14910855478887927 0.22027282072335908 0.021695496606752476 0.04003133240165587
0 0.12517939899764186 0.2951599223557842 0.02727341621943953 0.05244301165591599
0 0.15213042519237738 0.30372065125917314 0.030293444217281564 0.06225462051381515
0 0.17277804418320578 0.2613835848249285 0.021695496606752476 0.04003133240165587
0 0.19473689199818145 0.29187326547670484 0.032235153988130844 0.0552393062947915
0 0.17568876643382356 0.17864711675975092 0.01867546860891058 0.030219723543756443
0 0.2036715287361208 0.152450188553628 0.013867776301218271 0.029827275058727228
0 0.24439716699321268 0.09532217433311213 0.016271622455064423 0.030023499301241905
0 0.22399675770224506 0.17111686267868828 0.018829514069909584 0.0326235696976026
0 0.20641574882868952 0.22157305428762245 0.024099342760598903 0.04022755664417055
0 0.2340761211062827 0.2563798666408045 0.024253388221597633 0.04263140279801657
0 0.25119683600249754 0.3063946528871221 0.03765902813981917 0.06524713939520534
0 0.269825722491977 0.2582441953107767 0.021541451145753746 0.03762748624780972
0 0.24983902505891928 0.2156371717685122 0.021849542067751478 0.04243517855550202
0 0.26664980662747995 0.17720021092880886 0.02363720637760189 0.03301601818263195
0 0.2817195060056213 0.14727482374882422 0.023175069994604877 0.02580447972109349
0 0.3023994080131744 0.17906453959878105 0.016271622455064423 0.030023499301241905
0 0.3100892243660721 0.20832771955179938 0.024099342760598903 0.04022755664417041
0 0.30045954064798125 0.26530866477347065 0.02681127983644279 0.04523147319437753
0 0.3524360247749653 0.3124781995033255 0.04246672044751147 0.06563958788023469
0 0.3494607364908981 0.24696110300010032 0.02681127983644279 0.04523147319437753
0 0.3782907488286895 0.20754302094782348 0.021541451145753746 0.03762748624780972
0 0.35272613178294476 0.17734767665981913 0.01867546860891058 0.030219723543756443
0 0.35463555853706935 0.11023620859464156 0.013867776301218271 0.029827275058727228
0 0.3937903015731031 0.09627931302209912 0.016117576994065422 0.02761965314739575
0 0.432020771843143 0.09674549437263366 0.016579713377062433 0.03483119160893421
0 0.41425527689752006 0.16873818924492584 0.01867546860891058 0.030219723543756443
0 0.4273385267910373 0.20712619320704206 0.024407433682596638 0.04503524895186272
0 0.4035634164607988 0.27960944868562093 0.032389199449129845 0.05764315244863752
0 0.43596875741829094 0.25902968737908405 0.01913760499190759 0.0374312620052949
0 0.4566325179174818 0.25375601208694015 0.022157632989749213 0.047242870863194335
0 0.46273529754095905 0.28912691954583114 0.03510113652497401 0.06264706899884451
0 0.4834922222790115 0.3197147123188649 0.03750498267882016 0.06284329324135932
0 0.47777087149671943 0.09181531068793183 0.018983559530908585 0.03502741585144882
0 0.6938467446545685 0.8270479486930812 0.18025249371042443 0.2753624792602282
0 0.78125 0.7560096153846154 0.14903846153846154 0.19471153846153846