1 0.1725849544184149 0.26529420200276904 0.054059475524014675 0.07038787039504718
0 0.35216346153846156 0.29447115384615385 0.10817307692307693 0.2091346153846154
0 0.31490384615384615 0.19471153846153846 0.03365384615384615 0.08173076923076923
0 0.3750954614111915 0.20534029940195572 0.09108223151764208 0.1277764533567053
0 0.4443603440282778 0.2525997608752599 0.09158574300595602 0.15662260720285914
0 0.44143809003294865 0.15397206452012774 0.04954549825117219 0.08693477728221079
0 0.514245802944765 0.1978357689049823 0.07387767482448354 0.1051617813079315
0 0.5953262031697955 0.16533642874627902 0.08155076548364312 0.13202411328487854
0 0.6899038461538461 0.08653846153846154 0.11538461538461539 0.17307692307692307
0 0.8627046803179026 0.14368771594075774 0.09888120004888006 0.16185032379519074
0 0.9567307692307693 0.15985576923076922 0.08653846153846154 0.25721153846153844
1 0.24639423076923078 0.4519230769230769 0.10336538461538461 0.08653846153846154
1 0.1502403846153846 0.46634615384615385 0.13701923076923078 0.11538461538461539
1 0.8688699662809346 0.5200415013830056 0.1060927385104188 0.16227034807983
1 0.9423076923076923 0.4963942307692308 0.11538461538461539 0.17548076923076922
1 0.7259189554162967 0.5849583233825272 0.0988392407581873 0.15944647764134465
1 0.5953079532932631 0.6001644206731184 0.08918189685210993 0.15648259910797926
1 0.6481715890325321 0.6020426756835502 0.07910496003910421 0.12948025903615262