0 0.25 0.06370192307692307 0.08173076923076923 0.12740384615384615
0 0.35096153846153844 0.036057692307692304 0.0625 0.07211538461538461
0 0.31984500516029957 0.12040322597099194 0.06766035225350464 0.11272689116011628
0 0.3681064948850939 0.2230758630590359 0.09489258645284775 0.16022149377800907
0 0.38239442521009 0.42740278613595906 0.12335201372044907 0.1910713258884602
0 0.5408653846153846 0.29447115384615385 0.07692307692307693 0.17548076923076922
0 0.5901442307692307 0.09134615384615384 0.021634615384615384 0.09615384615384616
0 0.6179559948699628 0.06023250780711353 0.045571996957736345 0.07040428598887909
0 0.6384474638352905 0.07680413340510708 0.0473034699198179 0.06097105394297602
0 0.6591405327648595 0.1308175269571976 0.06475222620583515 0.10533320012909624
0 0.6681005775048496 0.051599611540308156 0.03992383816033833 0.058020750080685184
0 0.6973416946045212 0.07234139545280849 0.0479758431115825 0.07058643855836064
0 0.7546807823845765 0.13203596200113693 0.06441603960995278 0.10052550782140393
0 0.7775931308201205 0.07955151450607033 0.0395876515644561 0.05321305777299287
0 0.812196760103978 0.07330453301781828 0.040596211352102785 0.0676361346960698
0 0.8486746856565232 0.07658185986021002 0.04026002475622056 0.0628284423883775
0 0.9134439451787285 0.10429781613061215 0.04864821630334695 0.08020182317374526
0 0.9725062692459004 0.1022389243321597 0.045740090255677594 0.07280813214272527
0 0.056858957944687274 0.9167496996378401 0.06218028675404788 0.1027472014057685
0 0.12740384615384615 0.9615384615384616 0.08653846153846154 0.07692307692307693
0 0.19136502591976617 0.9222652320316127 0.06732416565762242 0.10791919885242397
0 0.3225685645600977 0.7250380009396411 0.05480065499456817 0.09979689754347766
0 0.45633468604437166 0.8236480679649354 0.11289616261535876 0.1783234848413031
0 0.6033653846153846 0.8858173076923077 0.04807692307692308 0.08413461538461539
0 0.6922807424170373 0.7721546252681077 0.048312029707464725 0.07539413086605287
0 0.7517545030876571 0.8969351905397639 0.0370157121126687 0.050627059049665274
0 0.7811637134852697 0.9200808206061103 0.05468310167929748 0.06392135780526687
0 0.853674061354172 0.9375438582679423 0.07129139147560928 0.09626427322215637
0 0.9122596153846154 0.9579326923076923 0.13701923076923078 0.08413461538461539
0 0.9939903846153846 0.9495192307692307 0.01201923076923077 0.057692307692307696