0 0.3329326923076923 0.5564903846153846 0.11057692307692307 0.19951923076923078
0 0.40625 0.4230769230769231 0.09735576923076923 0.15865384615384615
0 0.5576923076923077 0.5564903846153846 0.1201923076923077 0.20793269230769232
0 0.7103365384615384 0.5204326923076923 0.1201923076923077 0.20432692307692307
0 0.9182692307692307 0.5324519230769231 0.09254807692307693 0.1658653846153846
0 0.8665865384615384 0.44471153846153844 0.0673076923076923 0.12860576923076922
0 0.7704326923076923 0.4375 0.09014423076923077 0.1201923076923077
0 0.7403846153846154 0.3088942307692308 0.06971153846153846 0.13581730769230768
0 0.8052884615384616 0.2776442307692308 0.055288461538461536 0.08653846153846154
0 0.7692307692307693 0.234375 0.0625 0.0985576923076923
0 0.8617788461538461 0.20552884615384615 0.0625 0.109375
0 0.6610576923076923 0.234375 0.052884615384615384 0.0985576923076923
0 0.6538461538461539 0.4182692307692308 0.07211538461538461 0.13581730769230768
0 0.5901442307692307 0.31850961538461536 0.06490384615384616 0.11658653846153846
0 0.5408653846153846 0.265625 0.04807692307692308 0.109375
0 0.4723557692307692 0.2980769230769231 0.06490384615384616 0.10576923076923077
0 0.4182692307692308 0.23918269230769232 0.052884615384615384 0.07932692307692307
0 0.38221153846153844 0.3076923076923077 0.06490384615384616 0.109375
0 0.3233173076923077 0.24158653846153846 0.07211538461538461 0.10576923076923077
0 0.23317307692307693 0.41346153846153844 0.08774038461538461 0.13221153846153846
0 0.23798076923076922 0.3076923076923077 0.06490384615384616 0.09375
0 0.11298076923076923 0.4098557692307692 0.09495192307692307 0.1778846153846154
0 0.14182692307692307 0.31490384615384615 0.0673076923076923 0.10216346153846154
0 0.1875 0.23076923076923078 0.06490384615384616 0.10576923076923077
0 0.5372596153846154 0.4074519230769231 0.09014423076923077 0.1201923076923077
0 0.05889423076923077 0.22596153846153846 0.07692307692307693 0.11298076923076923