0 0.02403846153846154 0.4326923076923077 0.04807692307692308 0.11057692307692307
0 0.049634081853560344 0.4249412033857368 0.07550975451324764 0.0953166039277778
0 0.08364861393504185 0.4145145417363244 0.06045574972820493 0.08776936462457276
0 0.14206229348262023 0.39388501899861067 0.05679004785042721 0.07329033756121803
0 0.10604982317158036 0.3814751421864846 0.0413154244907406 0.06093540595032055
0 0.18971859798489946 0.3879583238853627 0.04936820010156687 0.07071864098653845
0 0.23222123490220703 0.4194870696477025 0.06264928659472921 0.08542146861100428
0 0.18488148437649493 0.3326698623469012 0.02740341013561248 0.039021039864316265
0 0.20427734089793367 0.34787523629481787 0.035876804321082506 0.053611967208226474
0 0.2389827334883895 0.3591111651001597 0.03263172101794855 0.04394063245256419
0 0.25977611172371723 0.34899222922227513 0.0378600319002849 0.04886022504081197
0 0.2971408817519935 0.3493269251248926 0.04068449662877482 0.05372386748878209
0 0.21180543333603935 0.25496348345993536 0.038280650474928665 0.053667917348504283
0 0.5132211538461539 0.09014423076923077 0.11298076923076923 0.18028846153846154
0 0.5995313253101847 0.09276383797179454 0.09206534561025602 0.17486732756581203
0 0.9147054133983612 0.10228926774246737 0.10952319654914515 0.18247051700929495
0 0.9555288461538461 0.05889423076923077 0.0889423076923077 0.11778846153846154
0 0.761489097368589 0.2094312868266021 0.04540174494316222 0.08022212532136759
0 0.8205484154284892 0.22371348345993539 0.06087636830284883 0.09257705693226506
0 0.036057692307692304 0.859375 0.07211538461538461 0.1658653846153846
0 0.22355769230769232 0.9543269230769231 0.16346153846153846 0.09134615384615384
0 0.28377153135669475 0.8720845630712604 0.10678917581395972 0.15122051700929495
0 0.3605769230769231 0.7920673076923077 0.038461538461538464 0.20432692307692307
0 0.4098557692307692 0.8413461538461539 0.06009615384615385 0.10576923076923077
0 0.5704105693473634 0.8318356349379805 0.08440376727336157 0.11471522357938031
0 0.6834512712251412 0.8436570303381407 0.07593037308789154 0.1001242962354701
0 0.7854496454729332 0.825626174306196 0.07226467121011382 0.08564526917211537
0 0.8963872544774917 0.8134091081678948 0.07508913593860374 0.09050891162008548
0 0.9867788461538461 0.6995192307692307 0.026442307692307692 0.019230769230769232