0 0.028846153846153848 0.41466346153846156 0.057692307692307696 0.07932692307692307
0 0.019230769230769232 0.38461538461538464 0.038461538461538464 0.07211538461538461
0 0.10817307692307693 0.4543269230769231 0.07692307692307693 0.04807692307692308
0 0.2199428786254804 0.3813544955546378 0.04461203413589747 0.061224344057571725
0 0.18106271905090773 0.35093834940228363 0.037400495674359005 0.0606356713300277
0 0.2565320972658116 0.35557459345537923 0.03236900280555561 0.05062783822961373
0 0.2998842483064098 0.40002136804578103 0.04975542728525649 0.07603986946567814
0 0.3244542361775103 0.3752225871590958 0.037232645253525584 0.05342413286848924
0 0.39663461538461536 0.43149038461538464 0.07211538461538461 0.09375
0 0.39737989288787356 0.38606467083932144 0.04215223784177351 0.058624273661210896
0 0.38147614712553385 0.34777477899846265 0.03466094867884614 0.046016370164436236
0 0.46938438216175177 0.33340105568513867 0.037456445814636814 0.06303951748387385
0 0.48162640855304445 0.37438913004361574 0.04461203413589761 0.061224344057571725
0 0.5252403846153846 0.42788461538461536 0.04567307692307692 0.0625
0 0.5360576923076923 0.35096153846153844 0.02403846153846154 0.0625
0 0.96875 0.2980769230769231 0.0625 0.3269230769230769
0 0.5240384615384616 0.9603365384615384 0.04807692307692308 0.07932692307692307
0 0.3786057692307692 0.9771634615384616 0.0985576923076923 0.04567307692307692
0 0.3557692307692308 0.9675480769230769 0.07211538461538461 0.06490384615384616
0 0.3016826923076923 0.9627403846153846 0.06490384615384616 0.07451923076923077
0 0.14783653846153846 0.9663461538461539 0.06971153846153846 0.0673076923076923
0 0.013221153846153846 0.9639423076923077 0.026442307692307692 0.07211538461538461
0 0.9867788461538461 0.5889423076923077 0.026442307692307692 0.11538461538461539
0 0.9555288461538461 0.7019230769230769 0.0889423076923077 0.15865384615384615
0 0.609375 0.7548076923076923 0.12259615384615384 0.18269230769230768
0 0.9278846153846154 0.9182692307692307 0.14423076923076922 0.16346153846153846