1 0.12259615384615384 0.042067307692307696 0.0673076923076923 0.08413461538461539
1 0.4034655571937505 0.05732701558819109 0.05221522357938058 0.07863993986203884
1 0.3290022765647974 0.065813813259992 0.04226413812232885 0.0634319659689032
1 0.47102502513269273 0.06265004449008806 0.04986732756581183 0.08084756177337031
1 0.08755460851490429 0.03976316058838209 0.04248793868344022 0.07304735058428782
0 0.6598557692307693 0.4050480769230769 0.11778846153846154 0.06971153846153846
0 0.6828671926864853 0.3147827433394169 0.11164198562029935 0.1578685524516217
0 0.6238610616366991 0.3147825449733341 0.07737268792339745 0.12867910536410854
0 0.9278846153846154 0.3870192307692308 0.14423076923076922 0.10576923076923077
0 0.8908008899332268 0.34959015079084765 0.09883945288717956 0.12323358508520216
0 0.12263216842868624 0.6026550139751627 0.08989546995512829 0.1512948419612973
0 0.3128437403540602 0.6003744526626577 0.08436042582382496 0.11965239347626795
0 0.4628882994784726 0.5796969759670293 0.057134816167628236 0.0838400806547605
1 0.8701923076923077 0.5576923076923077 0.25961538461538464 0.23557692307692307
1 0.546875 0.859375 0.055288461538461536 0.1658653846153846
1 0.6514423076923077 0.9735576923076923 0.07211538461538461 0.052884615384615384