0 0.036057692307692304 0.3125 0.07211538461538461 0.10096153846153846
0 0.07248675777688686 0.27226119577067015 0.06083554037051883 0.0822244685661297
0 0.18603058355911492 0.24116273005754169 0.05585975476488541 0.07956866193496122
0 0.2031936932319202 0.2354731760792213 0.07934339642685319 0.10714479177521938
0 0.3270505468126326 0.21101933775365617 0.05792741432284906 0.07488694986593007
0 0.3918269230769231 0.18269230769230768 0.052884615384615384 0.07692307692307693
0 0.4230769230769231 0.28365384615384615 0.009615384615384616 0.057692307692307696
0 0.4254807692307692 0.3485576923076923 0.014423076923076924 0.09615384615384616
0 0.46780189676930833 0.39359920763383793 0.0640798530140707 0.0943696795740215
0 0.5009514630293311 0.3990470227541202 0.07934339642685326 0.10714479177521938
0 0.5389674982546816 0.38627702136256453 0.08001576961861777 0.11676017639060386
0 0.6320280917465471 0.322721521762871 0.06681988576379908 0.0993033521203751
0 0.717894180093244 0.327801617786454 0.07470379741710212 0.10929667745174307
0 0.687072650013062 0.27193602355473306 0.06905563861970411 0.09702548620518997
0 0.5823372490228131 0.2798200100903395 0.07196376466737374 0.10436300490538973
0 0.5192741924713543 0.3082728907915836 0.05602784806282653 0.08197250808880738
0 0.5605010336739563 0.31808746738424415 0.05809550762079045 0.07729079601977623
0 0.4766773348938881 0.3009251504720999 0.06357557312024728 0.08715814111248317
0 0.4387019230769231 0.27524038461538464 0.040865384615384616 0.06490384615384616
0 0.4338942307692308 0.2439903846153846 0.03125 0.040865384615384616
0 0.4675744668472919 0.2427238110155055 0.03187183320909416 0.04478099363316473
0 0.49675680728932803 0.23640435584387923 0.029299893757306898 0.04225116724065741
0 0.4812493606045988 0.20129151532614561 0.029131800459365784 0.03984732108681119
0 0.4432668320455486 0.17933172772559317 0.02896370716142467 0.037443474932965036
0 0.44201436898595514 0.14586685192973875 0.021415982104003913 0.03225784190928924
0 0.421875 0.1971153846153846 0.007211538461538462 0.03365384615384615
0 0.4254807692307692 0.2247596153846154 0.014423076923076924 0.040865384615384616
0 0.4836026667757747 0.16763766917229944 0.0263917677096374 0.03491364854045772
0 0.4835521267931044 0.13410980325711447 0.021415982104003913 0.03225784190928924
0 0.5180717094279913 0.13709078210422002 0.02141598210400398 0.03225784190928924
0 0.5297547536013398 0.14126857321860653 0.02672795430551963 0.03972134084815003
0 0.5050356821961487 0.20363748217030328 0.02398792155579125 0.034787668301796554
0 0.5187023392784905 0.2136989084306441 0.029131800459365784 0.03984732108681126
0 0.5390509849372123 0.21382999947894726 0.03220801980497639 0.0495886859408569
0 0.5739402608342817 0.17727349702625242 0.03718380541060995 0.05224449257202538
0 0.5589118240520408 0.11818518508938783 0.02896370716142467 0.037443474932965036
0 0.5654592259967798 0.07592890703908843 0.021415982104003844 0.032257841909289306
0 0.6076111403044979 0.2437674285922893 0.05037968926542865 0.06970131684225428
0 0.6305064554236719 0.22460476029049276 0.03461186595882255 0.049714666179518065
0 0.6555787467411153 0.22568581393839676 0.04713537662187679 0.05755610583436234
0 0.6438451625850964 0.18798015690882525 0.03153564661321194 0.03997330132547235
0 0.6130153958299492 0.1836082846268049 0.03187183320909416 0.044780993633164595
0 0.6051649908429465 0.1588718209660649 0.028795613863483557 0.035039628779118884
0 0.602988014644677 0.13862809901636433 0.026055581113755173 0.03010595623276541
0 0.6022398314789069 0.09795168475897142 0.0341075860649992 0.0425031277179796
0 0.6410375565363277 0.09112830863270063 0.026559861007578515 0.03731749469430387
0 0.6458370121690549 0.14237007010507888 0.02672795430551963 0.03972134084815003
0 0.6648156414529124 0.14496799742655886 0.03170373991115319 0.042377147479318505
0 0.6742546960953908 0.19836164457546096 0.029131800459365784 0.03984732108681119
0 0.6922247655916015 0.21538264882001784 0.0370157121126687 0.04984064641817936
0 0.7117329447606177 0.22753297063755187 0.04747156321775902 0.06236379814205465
0 0.7354099497118618 0.21431692760104012 0.0640798530140707 0.09436967957402163
0 0.7051432395081734 0.18476766082296572 0.02672795430551963 0.03972134084815003
0 0.6992006374561585 0.11562303343540246 0.021415982104003844 0.032257841909289306
0 0.7606168276609461 0.24772392408720603 0.06905563861970411 0.09702548620519011
0 0.7519929695168381 0.1655471132114807 0.03187183320909416 0.044780993633164665
0 0.7445710344496533 0.08330731221642473 0.024492201449614726 0.04199920676333502
0 0.7279962513196421 0.08058340465628361 0.0263917677096374 0.03491364854045772
0 0.7155650239805235 0.03572919928450418 0.028627520565542304 0.03263578262527273
0 0.6995192307692307 0.009615384615384616 0.028846153846153848 0.019230769230769232
0 0.7527153227248331 0.018214495704586834 0.02398792155579125 0.034787668301796554
0 0.75 0.003605769230769231 0.02403846153846154 0.007211538461538462
0 0.7866971187995966 0.0631368020053389 0.026559861007578515 0.03731749469430387
0 0.8002885258743728 0.1941515281995964 0.04026002475622056 0.06198585742607116
0 0.7864285055027546 0.16973001513550928 0.029131800459365784 0.03984732108681119
0 0.8072643977389298 0.094391912814981 0.029299893757306898 0.04225116724065735
0 0.8215199413305054 0.26728497634355447 0.07179567136943249 0.10195915875154345
0 0.8430875433825202 0.3356107321798201 0.0849915552242512 0.11941598302177234
0 0.8603764430455616 0.24249574418276804 0.06458413290789403 0.1015812180355601
0 0.8900042867237855 0.24693060658411894 0.0748718907150431 0.11170052360558923
0 0.9449230550000647 0.2835705423947127 0.09768315918524642 0.12966126883046278
0 0.9627403846153846 0.3581730769230769 0.07451923076923077 0.14423076923076922
0 0.9819711538461539 0.14543269230769232 0.036057692307692304 0.11298076923076923
0 0.9397368727887849 0.20360860731484182 0.07643527037918355 0.09980727307501969
0 0.9009221144149939 0.14217432853381953 0.06888754532176314 0.0946216400513439
0 0.8546859809404583 0.16974534756443557 0.03410758606499907 0.0425031277179796
0 0.8418345203564871 0.13090075757727154 0.03410758606499907 0.0425031277179796
0 0.8458099828494388 0.0911743059194794 0.029131800459365784 0.03984732108681119
0 0.8426579535298225 0.0506238719007477 0.021415982104003844 0.03225784190928924
0 0.8689903846153846 0.014423076923076924 0.026442307692307692 0.028846153846153848
0 0.899879487994607 0.020082095642310314 0.026559861007578654 0.03731749469430387
0 0.9141597416110782 0.03849399332178205 0.026559861007578654 0.03731749469430387
0 0.9473851178451063 0.09423360731484177 0.03444377266088157 0.04731082002567191
0 0.948679324245965 0.041474972168887576 0.03444377266088157 0.04731082002567195
0 0.9722722825482386 0.02946085220929888 0.0347799592567638 0.052118512333364286
0 0.05579498129804455 0.9354401088970337 0.06357557312024735 0.08715814111248331
0 0.12530435982890178 0.7976752183151203 0.05088396915925199 0.07691285530379274
0 0.2081365321376933 0.8975182670576345 0.03941955826651485 0.049966626656840527
0 0.24069777185492214 0.9113795437163783 0.05725504113108475 0.06527156525054532
0 0.3153010492731235 0.9062722332409593 0.07626717708124257 0.09740342692117346
0 0.36658653846153844 0.9302884615384616 0.10336538461538461 0.13942307692307693
0 0.4651442307692308 0.8701923076923077 0.09375 0.24519230769230768
0 0.4639423076923077 0.7668269230769231 0.09134615384615384 0.15384615384615385
0 0.42788461538461536 0.6935096153846154 0.019230769230769232 0.08413461538461539
0 0.4936382846360121 0.7123505618764915 0.09337974677137759 0.1366208468146789
0 0.4677084935124929 0.6550310840905251 0.05792741432284934 0.07488694986593007
0 0.5118434607627644 0.657508141982986 0.05037968926542858 0.06970131684225428
0 0.578125 0.6213942307692307 0.055288461538461536 0.08413461538461539
0 0.633809544724859 0.7457201222915373 0.12698305294255346 0.1719124360711201
0 0.7302578341333221 0.8220967313792074 0.24456935455033368 0.3121969314262569
0 0.6739097128581035 0.6346443890696116 0.061339820264342176 0.08943600702766816
0 0.7668269230769231 0.5997596153846154 0.057692307692307696 0.040865384615384616
0 0.7872596153846154 0.6334134615384616 0.08413461538461539 0.10817307692307693
0 0.859375 0.6225961538461539 0.0889423076923077 0.08653846153846154
0 0.9314903846153846 0.6670673076923077 0.13701923076923078 0.17548076923076922