0 0.03125 0.31490384615384615 0.025240384615384616 0.06610576923076923
0 0.06971153846153846 0.34134615384615385 0.03245192307692308 0.055288461538461536
0 0.06370192307692307 0.4230769230769231 0.03125 0.0733173076923077
0 0.109375 0.3245192307692308 0.027644230769230768 0.0625
0 0.13822115384615385 0.31009615384615385 0.027644230769230768 0.055288461538461536
0 0.13701923076923078 0.4110576923076923 0.028846153846153848 0.0625
0 0.17548076923076922 0.32572115384615385 0.027644230769230768 0.06610576923076923
0 0.2091346153846154 0.30649038461538464 0.018028846153846152 0.055288461538461536
0 0.21514423076923078 0.39903846153846156 0.03245192307692308 0.08052884615384616
0 0.28125 0.421875 0.03125 0.07692307692307693
0 0.26802884615384615 0.31850961538461536 0.028846153846153848 0.05889423076923077
0 0.33533653846153844 0.328125 0.02403846153846154 0.055288461538461536
0 0.3629807692307692 0.32211538461538464 0.02403846153846154 0.05889423076923077
0 0.39663461538461536 0.3401442307692308 0.025240384615384616 0.05889423076923077
0 0.39302884615384615 0.41346153846153844 0.03245192307692308 0.0733173076923077
0 0.4387019230769231 0.3137019230769231 0.028846153846153848 0.0625
0 0.4807692307692308 0.33653846153846156 0.028846153846153848 0.05889423076923077
0 0.5060096153846154 0.3137019230769231 0.025240384615384616 0.0625
0 0.5060096153846154 0.42908653846153844 0.03125 0.0625
0 0.5576923076923077 0.40625 0.03245192307692308 0.0733173076923077
0 0.5480769230769231 0.3245192307692308 0.027644230769230768 0.0625
0 0.5853365384615384 0.32211538461538464 0.021634615384615384 0.05889423076923077
0 0.6105769230769231 0.3245192307692308 0.021634615384615384 0.055288461538461536
0 0.6105769230769231 0.4230769230769231 0.027644230769230768 0.051682692307692304
0 0.6610576923076923 0.421875 0.03245192307692308 0.0625
0 0.6574519230769231 0.3329326923076923 0.028846153846153848 0.06610576923076923
0 0.6875 0.3112980769230769 0.021634615384615384 0.051682692307692304
0 0.7019230769230769 0.4074519230769231 0.03125 0.0625
0 0.7367788461538461 0.33052884615384615 0.02403846153846154 0.0625
0 0.7608173076923077 0.32091346153846156 0.02403846153846154 0.055288461538461536
0 0.75 0.39663461538461536 0.03125 0.0625
0 0.7848557692307693 0.4110576923076923 0.03125 0.0625
0 0.7932692307692307 0.3245192307692308 0.02403846153846154 0.0625
0 0.828125 0.31009615384615385 0.03485576923076923 0.0625
0 0.8377403846153846 0.40625 0.03125 0.06610576923076923
0 0.9002403846153846 0.34975961538461536 0.027644230769230768 0.0733173076923077
0 0.9242788461538461 0.4074519230769231 0.03485576923076923 0.06971153846153846