0 0.05682406428121731 0.36896743424049167 0.07360805657728178 0.10973968085085471
0 0.027873465151518843 0.3046780346906519 0.04987331976946995 0.07317843728066241
0 0.0894052627578055 0.2689010980233977 0.037154048525840366 0.06087945581004274
0 0.10903234773232398 0.31736967208226513 0.057644890610527494 0.08296167231688045
0 0.15274531132708413 0.2847788785936969 0.040117927059205596 0.07055079056570517
0 0.17015597532441637 0.25397647971591913 0.034610194277114474 0.05841965951591878
0 0.20432692307692307 0.3870192307692308 0.07692307692307693 0.10576923076923077
0 0.2206830400617354 0.29716279021378245 0.04266178130793149 0.07301058685982913
0 0.22021672027054634 0.247939894200214 0.03955789467968639 0.06093540595032055
0 0.28110550560419856 0.34538059358044915 0.07416808895680085 0.11935506546623934
0 0.3031957080847884 0.2918815315918274 0.05283719830283518 0.08284977203632483
0 0.3555321453603298 0.26309233282500044 0.039417886584806786 0.0585315597964744
0 0.37064340848736044 0.2958519816734514 0.047749489805383266 0.07793017944807691
0 0.33406124661148423 0.22418319324123978 0.031646315743749105 0.04874832476025649
0 0.3901316069422295 0.2182864830762291 0.0268386234360568 0.04863642447970088
0 0.40722669193846717 0.24389054360341936 0.03673402424120116 0.053667917348504415
0 0.4206730769230769 0.2956730769230769 0.014423076923076924 0.08173076923076923
0 0.40625 0.3894230769230769 0.04326923076923077 0.10096153846153846
0 0.6851068865413684 0.09752864434684852 0.09069128730307437 0.15574845861559836
0 0.8516023075837119 0.11220651171832301 0.09437891485172852 0.1366295896653847
0 0.6262019230769231 0.38461538461538464 0.15144230769230768 0.11057692307692307
0 0.9290865384615384 0.41346153846153844 0.14182692307692307 0.052884615384615384
0 0.13822115384615385 0.9711538461538461 0.07932692307692307 0.057692307692307696
0 0.6983173076923077 0.5817307692307693 0.2091346153846154 0.28365384615384615
0 0.8713942307692307 0.5192307692307693 0.10817307692307693 0.15865384615384615