0 0.44471153846153844 0.19951923076923078 0.028846153846153848 0.17307692307692307
0 0.4026442307692308 0.03125 0.06490384615384616 0.0625
0 0.2644230769230769 0.025240384615384616 0.08653846153846154 0.05048076923076923
0 0.1201923076923077 0.06490384615384616 0.09615384615384616 0.12980769230769232
0 0.1141826923076923 0.014423076923076924 0.06490384615384616 0.028846153846153848
0 0.039663461538461536 0.040865384615384616 0.07451923076923077 0.08173076923076923
0 0.671875 0.1045673076923077 0.17067307692307693 0.2091346153846154
0 0.7536057692307693 0.04807692307692308 0.14182692307692307 0.09615384615384616
1 0.1814903846153846 0.44711538461538464 0.24278846153846154 0.3173076923076923
1 0.8389423076923077 0.47115384615384615 0.25 0.36538461538461536
1 0.5637019230769231 0.4807692307692308 0.2091346153846154 0.38461538461538464