0 0.013221153846153846 0.39302884615384615 0.026442307692307692 0.07451923076923077
0 0.026442307692307692 0.42427884615384615 0.052884615384615384 0.06971153846153846
0 0.052657476864338366 0.3976557372007832 0.03913284923860106 0.06015703506829094
0 0.0932571342971357 0.4178735028253394 0.04886011898349602 0.07038860152767143
0 0.10685590045538727 0.3845743297129221 0.031669569235664156 0.038060283300678815
0 0.14182692307692307 0.43028846153846156 0.0625 0.057692307692307696
0 0.1716338758385342 0.391232409958258 0.041424810262936734 0.050695695913905325
0 0.1821015425011218 0.42058728230683956 0.04388459898153813 0.05565743368259664
0 0.21688738352594697 0.4243632385069701 0.046288445135384285 0.05581147914359564
0 0.23986377839937353 0.4108805758582493 0.031669569235664156 0.03806028330067868
0 0.28320293737454827 0.4020981421756527 0.02688984821034947 0.04015603853252696
0 0.29086538461538464 0.43509615384615385 0.03365384615384615 0.04807692307692308
0 0.8786723291754571 0.17741554952153674 0.13950867490083782 0.22272289896924818
0 0.9543269230769231 0.21514423076923078 0.09134615384615384 0.17067307692307693
0 0.9747596153846154 0.26802884615384615 0.05048076923076923 0.33413461538461536
0 0.10576923076923077 0.9699519230769231 0.10096153846153846 0.06009615384615385
0 0.5 0.9819711538461539 0.09615384615384616 0.036057692307692304
0 0.5024038461538461 0.8125 0.09134615384615384 0.15384615384615385
0 0.7824519230769231 0.5024038461538461 0.15144230769230768 0.08653846153846154