0 0.025616535328977043 0.29476608530817455 0.04186300490538967 0.06804343403408084
0 0.04890422624511373 0.2554461153771551 0.03882925755823777 0.05582797902233539
0 0.009615384615384616 0.12860576923076922 0.019230769230769232 0.04567307692307692
0 0.008413461538461538 0.052884615384615384 0.016826923076923076 0.03365384615384615
0 0.03520981630216779 0.10930206059882644 0.021120472810686543 0.03762748624780972
0 0.030470224923448155 0.08796178157798301 0.02061655185604196 0.028012101632425103
0 0.047806179764657945 0.07326894591296916 0.01833868594085697 0.030219723543756443
0 0.06341073652608961 0.16373209066780703 0.037055312597697426 0.06765098554905162
0 0.07493115715031781 0.1302009342570533 0.021120472810686543 0.03762748624780972
0 0.11285299898971704 0.27798851584100454 0.04211496538271193 0.07285112634177328
0 0.14398724037034005 0.22716445336887597 0.03414754548920662 0.057839376691152196
0 0.11565522909811499 0.1932652277288451 0.031239778380715812 0.048027767833253035
0 0.12869252339591922 0.16564557458144938 0.02592816511837892 0.03801993473283907
0 0.0891073844057145 0.10128124591147707 0.018086725463534643 0.025412031236064135
0 0.06773495111770564 0.061985655236209865 0.015808859548349583 0.02761965314739575
0 0.11746494972614997 0.020507218637529075 0.018086725463534712 0.025412031236064204
0 0.11794842744222625 0.12186120558409683 0.020868512333364217 0.03281979394011741
0 0.13541547333173926 0.08663756549013339 0.01833868594085704 0.030219723543756443
0 0.1623565911690496 0.11702913402065243 0.02074253209470319 0.030415947786271255
0 0.16184244859512076 0.15328305057085942 0.023398338725871673 0.035419864336478105
0 0.17575138294426884 0.18835962166597836 0.026306105834362343 0.04523147319437753
0 0.19319798559521353 0.244874583903198 0.039585138990204743 0.07025105594541231
0 0.22552903924311754 0.21688705989260804 0.03174369933536047 0.05764315244863765
0 0.22591720157838516 0.1782292971885549 0.028709951988208634 0.045427697436892074
0 0.20011501669866746 0.14653769345985543 0.0235243189645327 0.037823710490324396
0 0.20423492850336553 0.10998944054587644 0.01833868594085704 0.030219723543756443
0 0.2052529920319389 0.08335090861105407 0.01833868594085704 0.030219723543756443
0 0.18850439150327275 0.017122449637192484 0.01580885954834972 0.02761965314739575
0 0.234375 0.003605769230769231 0.016826923076923076 0.007211538461538462
0 0.2583946787035188 0.06090701700062791 0.01833868594085704 0.030219723543756443
0 0.259082459206513 0.09706282142957748 0.020994492572025517 0.03522364009396357
0 0.2495879440201474 0.12318621513627814 0.020994492572025517 0.03522364009396357
0 0.27133831802413977 0.16969334427308388 0.02592816511837899 0.03801993473283907
0 0.27727472167014044 0.21387016175546572 0.0368033521203751 0.06284329324135918
0 0.30189031590186133 0.1768559258570351 0.03174369933536047 0.05764315244863752
0 0.3072172615931245 0.11727491023900304 0.021120472810686682 0.03762748624780972
0 0.29210640416705336 0.08229645126514139 0.020994492572025382 0.03522364009396357
0 0.3121662665684043 0.050482356159432376 0.018086725463534712 0.025412031236064135
0 0.3269230769230769 0.009615384615384616 0.014423076923076924 0.019230769230769232
0 0.36680949448463374 0.10275391956075165 0.02592816511837885 0.03801993473283907
0 0.35016132014641826 0.1536025596547151 0.028709951988208495 0.045427697436892074
0 0.36400215356659366 0.2104118582557068 0.03933317851288228 0.06544336363772
0 0.3889956885142981 0.18060916081881473 0.03389558501188429 0.053031684383459884
0 0.4014423076923077 0.14302884615384615 0.014423076923076924 0.040865384615384616
0 0.37011053473803435 0.05058066664677266 0.015934839787010883 0.030023499301241905
0 0.39783653846153844 0.057692307692307696 0.021634615384615384 0.028846153846153848
0 0.9747596153846154 0.13942307692307693 0.05048076923076923 0.12980769230769232
0 0.7766703745250451 0.31436651069688415 0.037055312597697294 0.06765098554905148
0 0.6934755001207464 0.3621978559215396 0.037055312597697294 0.06765098554905162
0 0.6589925607963185 0.39518929648233647 0.04489675225254157 0.08025888904582629
0 0.6364233152410286 0.3330571673455308 0.03414754548920662 0.057839376691152196
0 0.6154134902400769 0.3697770668801894 0.031617719096699304 0.0552393062947915
0 0.5689164309560604 0.3808149780707639 0.0419889851440509 0.070447280187927
0 0.5269699926927717 0.40958739905141256 0.03718129283635859 0.07005483170289764
0 0.4313932792321849 0.3823843752787155 0.03452548620518998 0.06505091515269065
0 0.45072115384615385 0.4543269230769231 0.055288461538461536 0.09134615384615384
0 0.43019646696490393 0.35954783681717706 0.03149173885803814 0.052835460140945346
0 0.22295321556383138 0.7034698801700224 0.09840104721117872 0.14207190583094204
0 0.1823449022354112 0.6886787340176682 0.06285749747741512 0.10326707412804453
0 0.17837141390794273 0.6358922307543102 0.04388891034325226 0.061028119815057055
0 0.1714799368526992 0.6195558682836738 0.06500938315393895 0.09865560606286677
0 0.3278252522335078 0.7468130421708412 0.12723697943804824 0.18990344942168053
0 0.3858173076923077 0.59375 0.04567307692307692 0.10096153846153846
0 0.39783653846153844 0.5949519230769231 0.021634615384615384 0.10336538461538461
0 0.4338942307692308 0.6598557692307693 0.05048076923076923 0.10336538461538461
0 0.5048076923076923 0.5420673076923077 0.11057692307692307 0.08413461538461539