1 0.36416234849249346 0.06176888301518767 0.10373799181824375 0.09468263958237816
1 0.836694810204708 0.44125138520180107 0.049149570754181034 0.10348168416937426
1 0.9004085875520762 0.45790385894773966 0.0457656679361766 0.08651475299757144
1 0.7760386239790352 0.4543669721891799 0.05297720639771492 0.08693477728221065
1 0.5165395389176403 0.42635862376184386 0.05043335214898903 0.08439092303348489
1 0.5869748263944676 0.4510045347616047 0.050853376433628375 0.09160246149502335
1 0.6549244093995639 0.45662968867291587 0.04053795134384494 0.0790231983462735
1 0.7114847980623883 0.45213757536631827 0.050853376433628375 0.09160246149502321
1 0.9549970086161389 0.46670290353473576 0.0505733602438689 0.08679476918733091
1 0.9903846153846154 0.4375 0.019230769230769232 0.08653846153846154
1 0.140625 0.8978365384615384 0.25240384615384615 0.20432692307692307
1 0.6045673076923077 0.7271634615384616 0.29086538461538464 0.15625