0 0.17548076923076922 0.02283653846153846 0.1346153846153846 0.04567307692307692
0 0.24612872786537318 0.17098219962933106 0.20855914309498155 0.3168116864407208
0 0.5673076923076923 0.09254807692307693 0.1778846153846154 0.18509615384615385
0 0.6476919049867 0.16297702121099827 0.05741990397641699 0.08838523300196745
0 0.8870192307692307 0.07692307692307693 0.1346153846153846 0.15384615384615385
0 0.9537839056475328 0.08937739758410966 0.08322208885613482 0.12287852073013447
0 0.5504807692307693 0.8629807692307693 0.14423076923076922 0.22115384615384615
0 0.7644230769230769 0.9495192307692307 0.2932692307692308 0.10096153846153846
0 0.7244890016711157 0.7187157379483046 0.1496274762546306 0.1995802995925995
0 0.8199397348930414 0.6895376370112328 0.13179271126841824 0.17976192125980553
0 0.9567307692307693 0.7632211538461539 0.08653846153846154 0.3004807692307692