0 0.13581730769230768 0.5408653846153846 0.09975961538461539 0.17067307692307693
0 0.09134615384615384 0.5132211538461539 0.08774038461538461 0.14903846153846154
0 0.19591346153846154 0.5336538461538461 0.06610576923076923 0.14302884615384615
0 0.24759615384615385 0.6478365384615384 0.04807692307692308 0.0889423076923077
0 0.34615384615384615 0.6550480769230769 0.05048076923076923 0.08774038461538461
0 0.38461538461538464 0.5625 0.0829326923076923 0.1346153846153846
0 0.43028846153846156 0.5588942307692307 0.09014423076923077 0.15745192307692307
0 0.4987980769230769 0.27884615384615385 0.07692307692307693 0.14903846153846154
0 0.5877403846153846 0.5564903846153846 0.13341346153846154 0.2283653846153846
0 0.6634615384615384 0.5120192307692307 0.0625 0.13341346153846154
0 0.7151442307692307 0.5552884615384616 0.06610576923076923 0.13701923076923078
0 0.7920673076923077 0.5360576923076923 0.12379807692307693 0.2127403846153846
0 0.9362980769230769 0.5384615384615384 0.12620192307692307 0.2283653846153846