0 0.33653846153846156 0.2668269230769231 0.02403846153846154 0.07211538461538461
1 0.3641826923076923 0.1935096153846154 0.03125 0.13701923076923078
1 0.3994317448926594 0.21587660728808786 0.08482346192631009 0.11477117371965825
0 0.12860576923076922 0.9447115384615384 0.25721153846153844 0.11057692307692307
0 0.17908653846153846 0.8990384615384616 0.21875 0.20192307692307693
0 0.2590923915058714 0.7538066194169873 0.1417423164615126 0.17369438449807703
0 0.30288461538461536 0.7980769230769231 0.09134615384615384 0.27403846153846156
0 0.49158653846153844 0.9362980769230769 0.2091346153846154 0.12740384615384615
0 0.5303990569695696 0.8352047026232375 0.08448727533042771 0.10996348141196595
0 0.5634816098969918 0.7591768279446052 0.0347799592567638 0.05120812105438032
0 0.6218380541060989 0.7185362488293807 0.029299893757306898 0.041480836158440226
0 0.4347412540345817 0.7885794683763891 0.05535547487106193 0.07088649140737188
0 0.4447686352198541 0.7432141172248401 0.026896047603460742 0.04142488601816242
0 0.8665172852631784 0.8370281068775114 0.05720450114841432 0.0973287990996797
0 0.7392732957323082 0.7848678284993594 0.04713537662187679 0.05629556406346153
0 0.7114862416564715 0.7650216077255347 0.03136755331527096 0.036729093991025724
0 0.6933986188449899 0.7466011105897441 0.028795613863483557 0.03426929769690176
0 0.37324157714726347 0.7499490745549682 0.024324108151673476 0.038965089724038594