0 0.09254807692307693 0.42908653846153844 0.05048076923076923 0.07932692307692307
0 0.10697115384615384 0.4579326923076923 0.042067307692307696 0.07932692307692307
0 0.0889423076923077 0.4963942307692308 0.055288461538461536 0.08533653846153846
0 0.07451923076923077 0.6129807692307693 0.0829326923076923 0.13341346153846154
0 0.1971153846153846 0.5757211538461539 0.07692307692307693 0.12259615384615384
0 0.2439903846153846 0.4879807692307692 0.054086538461538464 0.09134615384615384
0 0.31850961538461536 0.5612980769230769 0.07091346153846154 0.1310096153846154
0 0.22235576923076922 0.765625 0.10336538461538461 0.15625
0 0.2764423076923077 0.7151442307692307 0.08052884615384616 0.16466346153846154
0 0.4675480769230769 0.59375 0.06490384615384616 0.09615384615384616
0 0.45552884615384615 0.5204326923076923 0.055288461538461536 0.09615384615384616
0 0.5072115384615384 0.7223557692307693 0.11057692307692307 0.2127403846153846
0 0.5564903846153846 0.6550480769230769 0.06490384615384616 0.1310096153846154
0 0.5276442307692307 0.5588942307692307 0.06610576923076923 0.12139423076923077
0 0.5612980769230769 0.5540865384615384 0.04447115384615385 0.1045673076923077
0 0.6706730769230769 0.5564903846153846 0.07091346153846154 0.1045673076923077
0 0.75 0.6358173076923077 0.0889423076923077 0.1502403846153846
0 0.8004807692307693 0.5625 0.055288461538461536 0.09615384615384616
0 0.8401442307692307 0.6117788461538461 0.06129807692307692 0.10216346153846154
0 0.9086538461538461 0.6454326923076923 0.07692307692307693 0.125
0 0.9447115384615384 0.5733173076923077 0.05048076923076923 0.09134615384615384
0 0.9747596153846154 0.5973557692307693 0.036057692307692304 0.08173076923076923
0 0.8713942307692307 0.3293269230769231 0.05889423076923077 0.10817307692307693