0 0.17481006960007214 0.08304700210637544 0.038911578336894445 0.06146744299495611
0 0.2211592963817673 0.08714660760515901 0.06243897730740725 0.08398360140380162
0 0.25610550960584144 0.11207070231129279 0.09077406858561236 0.10669565826247585
0 0.2997060050019954 0.17496658935439277 0.1249683986081194 0.14162284434020997
0 0.2706631624732915 0.0551885207962504 0.04287803349529909 0.052047956829400346
0 0.3099512274337616 0.07155223012655093 0.04570249822378901 0.056953598362007085
0 0.3459489870944453 0.08445709406345389 0.04831665366495718 0.059455393740767803
0 0.3545422465739325 0.04099196484439419 0.038070341187606646 0.05185205837957149
0 0.3825324526204425 0.07697824030512174 0.04110511520341872 0.05916154606602438
0 0.4223315801488614 0.1148786157951233 0.08094837468290574 0.10390001520897184
0 0.42906147734316324 0.037955538872046383 0.04507157036182336 0.04974205990046862
0 0.4717902242437332 0.069748349752518 0.05700035713774909 0.0765761644924343
0 0.5197483720722234 0.19234859374211397 0.12947533763518493 0.16575925510358594
0 0.5134064020151006 0.032123469846194436 0.04026387805413105 0.04954616145063977
0 0.5815259101713685 0.07485807002183797 0.0680879067643873 0.09379488446901509
0 0.5803986303918099 0.03298666077935914 0.04005356876680903 0.047142315296793615
0 0.5636768619585479 0.03247038227683719 0.04068449662877482 0.05435385375833208
1 0.6703924845207273 0.15865594477999162 0.09161530573490004 0.11631104287786045
0 0.6394230769230769 0.8605769230769231 0.04326923076923077 0.08173076923076923
0 0.6802884615384616 0.9158653846153846 0.125 0.16826923076923078
0 0.7487980769230769 0.9350961538461539 0.0985576923076923 0.12980769230769232
0 0.7740134004200864 0.8648378214695503 0.062228668020085434 0.08157975524995546
0 0.7675526551145306 0.8291719260615159 0.05396558312193715 0.0692666768059814
0 0.814548610454132 0.8943247354210904 0.07049175291823345 0.09389283369392952
0 0.8256508707311261 0.8495597339001931 0.07247498049743584 0.08918309061115164
0 0.914382869136112 0.8483394587322046 0.06285959588205123 0.08879129371149393
0 0.9665461126654566 0.827051755778232 0.06264928659472921 0.08638744755764777
0 0.9401048950187332 0.9239402211189365 0.10708992909458678 0.12891796899657793