1 0.6069711538461539 0.40384615384615385 0.10336538461538461 0.15384615384615385
1 0.45792881181948214 0.47063180642623953 0.09423078961052903 0.1519597589014552
1 0.32641553149027425 0.4842926917034101 0.08453146083771247 0.14949997207634988
1 0.37921620271745754 0.4870042115491817 0.07399269049057476 0.12300172371278305
1 0.8872671827533168 0.09034162582893675 0.050427359485021514 0.0675873956639883
0 0.021634615384615384 0.9639423076923077 0.04326923076923077 0.07211538461538461
0 0.046875 0.9651442307692307 0.055288461538461536 0.06971153846153846
0 0.018028846153846152 0.9050480769230769 0.036057692307692304 0.08413461538461539
0 0.0614086750039832 0.9254186373307521 0.06560593382498722 0.0893059220554924
0 0.10771133310780073 0.9076555093653871 0.06029457657270239 0.0748548747967859
0 0.13341346153846154 0.9627403846153846 0.06490384615384616 0.07451923076923077
0 0.19110576923076922 0.9567307692307693 0.06009615384615385 0.08653846153846154
0 0.184970186660606 0.8984876501200758 0.05557082842244217 0.0772307506150025
0 0.15841722993799237 0.8670768206902058 0.05059524779988568 0.07239508797168061
0 0.1267055370721159 0.8801161673547673 0.058142562891152494 0.08205242809050944
0 0.22070736954441214 0.8734500504380058 0.05067919195731777 0.07479893412552677
0 0.2439903846153846 0.9591346153846154 0.055288461538461536 0.08173076923076923
0 0.30623850119368873 0.9027996703254924 0.06278236688398063 0.07727270611844685
0 0.36431999526147246 0.96084160721317 0.04545177886246503 0.06275173302066642
0 0.33497400600953653 0.8717104997553625 0.040644086554772724 0.06272376268503685
0 0.26252284476442367 0.8809063293363033 0.05291514979629962 0.07000522698564925
0 0.37526704872873873 0.8539124088704605 0.04852717827576788 0.08199648741925045
0 0.42047843278593916 0.8673992809050955 0.043383709338347225 0.07235313246823612
0 0.4326350174583498 0.9323870380658305 0.04553572301989698 0.06515557917451258
0 0.4876296744457991 0.9411221584640324 0.04827534580347162 0.07478494895771184
0 0.4669489792046209 0.8448284606320382 0.048023513331175355 0.06757341049617338
0 0.5159340208074549 0.853528618110703 0.04296398855118665 0.06033390169900535
0 0.5415216197195996 0.9125836783098039 0.04810745748860731 0.06997725665001954
0 0.5587148538379352 0.8333406662397697 0.045703611334761154 0.06996327148220488
0 0.5650716835193107 0.8922838450963522 0.04047619823990855 0.057916070377344406
0 0.6071389912116184 0.8925285855331111 0.04545177886246503 0.06275173302066642
0 0.6418269230769231 0.9122596153846154 0.03365384615384615 0.06490384615384616
1 0.8993665790905688 0.7188075433815582 0.165064136530369 0.2533128820618079
1 0.7552578965571375 0.8177490264490077 0.13719477816171582 0.21229366060046054
1 0.9795673076923077 0.7860576923076923 0.040865384615384616 0.13942307692307693