0 0.4326923076923077 0.35697115384615385 0.052884615384615384 0.10817307692307693
0 0.34252885468310856 0.3294488305070648 0.050013327864349685 0.07717938457194642
0 0.4023331380690578 0.31039363218251054 0.041681724643773066 0.057528591056537855
0 0.33882937286400927 0.29013538920580273 0.03335012142319645 0.037877797541129285
0 0.3664035995858001 0.28972721919160843 0.03335012142319645 0.037877797541129285
0 0.31189703683962244 0.3000889397879417 0.03094627526935029 0.037737789446249545
0 0.2816389477742259 0.30544481020470804 0.03335012142319645 0.037877797541129285
0 0.4363951542370982 0.28085929213240285 0.02868243721038401 0.040001627505215964
0 0.4495192307692308 0.27403846153846156 0.019230769230769232 0.038461538461538464
0 0.4543269230769231 0.2548076923076923 0.009615384615384616 0.052884615384615384
0 0.4130567331730355 0.27024014231196986 0.02557855058213904 0.027842388641105324
0 0.15985576923076922 0.43149038461538464 0.0889423076923077 0.07451923076923077
0 0.14656909763809717 0.38278678983719383 0.053980971602763446 0.06303632383862898
0 0.15652264822023615 0.3558544538128069 0.03645400805144155 0.050037036405239925
0 0.11017211778842008 0.28788116226682053 0.028402421020624402 0.03519393519752366
0 0.07793132842904704 0.40954355495536576 0.049173279295071134 0.06275630764886951
0 0.07323993567534444 0.36669434847077437 0.02868243721038401 0.040001627505215964
0 0.09020686684714725 0.36331044565276976 0.028822445305263747 0.042405473659062116
0 0.03125 0.44711538461538464 0.0625 0.04326923076923077
0 0.008413461538461538 0.4338942307692308 0.016826923076923076 0.06490384615384616
0 0.008413461538461538 0.3954326923076923 0.016826923076923076 0.036057692307692304
0 0.032958291980369 0.40018447798885065 0.036173991861681944 0.045229344097547614
0 0.04341372516503224 0.38520136868625465 0.021050874464206205 0.032370064759038156
0 0.6526442307692307 0.4519230769230769 0.09375 0.03365384615384615
0 0.5999848465230714 0.29349558348291716 0.07799572460033488 0.1051617813079315
0 0.9350961538461539 0.4362980769230769 0.09134615384615384 0.06490384615384616
0 0.03125 0.5925480769230769 0.0625 0.11778846153846154
0 0.2195375066684359 0.7729821544325703 0.19613308480076547 0.24140984598009313
0 0.2116592473933729 0.5997533689903224 0.14413593506720884 0.17130199177480543
0 0.3445826805997553 0.6003963812629569 0.15403133587235318 0.17666971646201682
0 0.4891826923076923 0.484375 0.06009615384615385 0.03125