0 0.042067307692307696 0.051682692307692304 0.08413461538461539 0.10336538461538461
0 0.25240384615384615 0.027644230769230768 0.20673076923076922 0.055288461538461536
0 0.6814903846153846 0.3317307692307692 0.0889423076923077 0.03365384615384615
0 0.7319711538461539 0.33774038461538464 0.06490384615384616 0.021634615384615384
0 0.7848557692307693 0.34134615384615385 0.055288461538461536 0.014423076923076924
0 0.8401442307692307 0.3233173076923077 0.07451923076923077 0.05048076923076923
0 0.8894230769230769 0.32091346153846156 0.0673076923076923 0.055288461538461536
0 0.23410405106156568 0.6616630622047517 0.08295687319736157 0.10553367277738947
0 0.30712702239010137 0.6559239772016874 0.1479586331063822 0.1673784461090309
0 0.4266826923076923 0.6454326923076923 0.1466346153846154 0.2620192307692308
0 0.9471153846153846 0.38341346153846156 0.10576923076923077 0.06971153846153846