0 0.04807692307692308 0.40024038461538464 0.057692307692307696 0.078125
0 0.2127403846153846 0.37259615384615385 0.04567307692307692 0.06971153846153846
0 0.2548076923076923 0.3954326923076923 0.06850961538461539 0.078125
0 0.3954326923076923 0.3545673076923077 0.05889423076923077 0.06971153846153846
0 0.48197115384615385 0.21514423076923078 0.039663461538461536 0.06610576923076923
0 0.5300480769230769 0.3737980769230769 0.038461538461538464 0.06370192307692307
0 0.5612980769230769 0.34975961538461536 0.037259615384615384 0.0673076923076923
0 0.7355769230769231 0.3894230769230769 0.04807692307692308 0.08533653846153846
0 0.78125 0.41346153846153844 0.06009615384615385 0.08653846153846154
0 0.8725961538461539 0.40625 0.0673076923076923 0.10096153846153846
0 0.9134615384615384 0.39663461538461536 0.06009615384615385 0.09014423076923077