0 0.46153846153846156 0.14903846153846154 0.052884615384615384 0.14903846153846154
0 0.3373460589346067 0.23054281690685882 0.034176863758979985 0.04694641684696476
0 0.28100971978022105 0.23524846984619444 0.0394466924496693 0.05435385375833208
0 0.2633355466678036 0.2227129605744418 0.034176863758980255 0.04694641684696476
0 0.2016523560922293 0.2192010504251448 0.033868772836982246 0.04213872453927245
0 0.1792779540136877 0.22734310652337059 0.0317730176051341 0.04684846762205033
0 0.17149681582758433 0.1999437488164259 0.028907035068290936 0.03953897993559744
0 0.14426813932191962 0.22635952413078392 0.03975478337166731 0.05916154606602438
0 0.07982642955107028 0.23621569166501247 0.04487056660135749 0.06416513682354555
0 0.06871533003947092 0.2884860793221915 0.05541022398273572 0.07898001064628045
0 0.019230769230769232 0.22716346153846154 0.038461538461538464 0.06971153846153846
0 0.006009615384615385 0.171875 0.01201923076923077 0.040865384615384616
0 0.03611120390720497 0.19340967464240424 0.02906108052928994 0.041942826089443594
0 0.05367791367805425 0.18546351699400737 0.02696532529744166 0.04665256917222148
0 0.5 0.037259615384615384 0.02403846153846154 0.06009615384615385
0 0.5945271567850766 0.1444900113495273 0.05679663313172648 0.10061462603089584
0 0.6630690551864167 0.06698332922040585 0.05091062259704142 0.08359180450414377
0 0.8387467671863035 0.2321488073137662 0.08662794096601117 0.15457668288957008
0 0.03245192307692308 0.6790865384615384 0.06009615384615385 0.06009615384615385
0 0.07982458714541413 0.7423905829780649 0.10191440943294462 0.13122386592550966
0 0.24639423076923078 0.6887019230769231 0.07932692307692307 0.07932692307692307
0 0.16346153846153846 0.6622596153846154 0.052884615384615384 0.026442307692307692
0 0.22355769230769232 0.6550480769230769 0.04326923076923077 0.01201923076923077
0 0.29927884615384615 0.6598557692307693 0.040865384615384616 0.021634615384615384
0 0.3701923076923077 0.6586538461538461 0.04326923076923077 0.019230769230769232
0 0.3885343318425774 0.7081205175794856 0.07060352821080738 0.0915869367649978
0 0.46875 0.6778846153846154 0.038461538461538464 0.057692307692307696
0 0.8112980769230769 0.6959134615384616 0.15144230769230768 0.09375