0 0.3329591175767932 0.19933219476031433 0.051505145948928736 0.08581349853325712
0 0.5805288461538461 0.23197115384615385 0.08413461538461539 0.16105769230769232
0 0.784902645217081 0.10913455424533577 0.07392335513285968 0.10579976518091513
0 0.8610339480539579 0.20517392183006555 0.0998228519446959 0.1523122836783128
0 0.9615384615384616 0.05048076923076923 0.07692307692307693 0.10096153846153846
0 0.09134615384615384 0.5 0.07692307692307693 0.02403846153846154
0 0.587899471774234 0.5611950360209922 0.05803103983606613 0.06923840792863031
0 0.6275629333126955 0.5598099574233628 0.056900533606107744 0.10040446377119822
0 0.6919464108205775 0.6333905352549984 0.12306953939695742 0.2515415292454619
0 0.7855535771266481 0.567532768957715 0.06622207054674908 0.0935287019393881
0 0.8481168136867285 0.7145985427965225 0.15696416846964759 0.3175366494459252
0 0.9472479393962843 0.5775335104097652 0.05910848131012504 0.095680715620938
0 0.9891826923076923 0.5877403846153846 0.021634615384615384 0.17548076923076922