0 0.03250083864385654 0.14156878678144036 0.0593148617603633 0.07408320012909624
0 0.050109053806570165 0.2098231046871262 0.06009816372425219 0.1077370462829424
0 0.09986247121372824 0.2372479007280131 0.07463314092788473 0.11363765400752421
0 0.10087057867777748 0.14238705393583084 0.05249497428076928 0.09036366549757456
0 0.2607263479085467 0.1302739080653061 0.06171870791420945 0.07426535269857783
0 0.013221153846153846 0.8305288461538461 0.026442307692307692 0.14182692307692307
0 0.12241925897387773 0.8086455093993812 0.09621180617222244 0.1128731809790122
0 0.15858885156212565 0.8011055285494654 0.06988139876047009 0.1156771950224072
0 0.48677884615384615 0.9591346153846154 0.055288461538461536 0.08173076923076923
0 0.5599142342786319 0.8677497599713226 0.05702291588707272 0.07870873986730696
0 0.592395137364743 0.8124971611834468 0.04930782616303423 0.05652766677424682
0 0.6486347512879268 0.7674422674699859 0.04735158113141033 0.07557628343553474
0 0.5588942307692307 0.9735576923076923 0.11778846153846154 0.052884615384615384
0 0.6549211025567835 0.9097425033459058 0.06177465805448726 0.07666919885242397
0 0.7165838603307152 0.837880996801174 0.04723968085085472 0.07076859112784242
0 0.7129790960389951 0.7865626096324448 0.04953162672414539 0.06614305138963171
0 0.7281015497155443 0.7554216172924786 0.04461203413589747 0.06097105394297596
0 0.85648653320235 0.6005169913717444 0.037232645253525584 0.05321305777299274
0 0.7928904807716873 0.9100860382930229 0.06691805120384614 0.09145658091446407
0 0.9426003439934824 0.8699464251390114 0.06686210106356846 0.08905273476061791
0 0.9053707135571041 0.7683846348431497 0.039748391687927355 0.05820290265016691
0 0.8954206330391021 0.7319447060212014 0.039692441547649684 0.055799056496320616
0 0.9783653846153846 0.8125 0.04326923076923077 0.07692307692307693
0 0.9951923076923077 0.7536057692307693 0.009615384615384616 0.06009615384615385
0 0.9903846153846154 0.7211538461538461 0.019230769230769232 0.052884615384615384