1 0.14286888025008143 0.32211538461538464 0.07538064920129053 0.10817307692307693
1 0.2818408047185601 0.2848557692307692 0.07132883832556508 0.12259615384615384
1 0.41898090491680995 0.25961538461538464 0.08347404933345715 0.125
1 0.036149686881249914 0.3173076923076923 0.06791715026242975 0.10336538461538461
1 0.6141826923076923 0.16466346153846154 0.2091346153846154 0.28125
1 0.6682692307692307 0.038461538461538464 0.22596153846153846 0.07692307692307693
1 0.37413014995104715 0.765625 0.10459452214414355 0.16105769230769232
1 0.2526678182528437 0.7439903846153846 0.10636846710468403 0.14903846153846154
1 0.956375061755745 0.6862980769230769 0.04464479177521952 0.07211538461538461
1 0.8951399749519988 0.6850961538461539 0.048308440315677034 0.09615384615384616
1 0.9771634615384616 0.7740384615384616 0.04567307692307692 0.11538461538461539