0 0.07446055728073611 0.3032280510919646 0.06550762551503887 0.10554793270861887
0 0.0881656889373641 0.11399575819757518 0.04543751893123556 0.07603022560300833
0 0.030565436587394242 0.15641028018664294 0.050385100797766924 0.08100580622556482
0 0.17404531071680268 0.30070211824078086 0.0728590535354164 0.11060745748860744
0 0.15355914854714683 0.13308917352516458 0.05010532168008887 0.0713904216101802
0 0.1106967246276417 0.1868246681511325 0.060560043648507575 0.1005723520860624
0 0.20954705787980343 0.15905835068456411 0.04048993706470419 0.07105464498045186
0 0.2822348625573356 0.1399840321016273 0.042823838439130776 0.06873474298403778
0 0.32047370485382404 0.1749390126956708 0.04289378321855034 0.07113858913788394
0 0.2897446776088059 0.31554874548982864 0.055472572223137215 0.0907890791558136
0 0.19996866820892656 0.49011756665587664 0.05801630793582236 0.09568071562093786
0 0.08055861491702483 0.4715392539399115 0.08812146781152741 0.13995727627935367
0 0.3335919640856467 0.5019880058548959 0.07773669062252828 0.11317919195731764
0 0.4047759560056593 0.43123099496426676 0.07829624885788423 0.13240996118808687
0 0.35096153846153844 0.03125 0.038461538461538464 0.0625
0 0.5869030698171485 0.21185907286114705 0.04076971618238245 0.08067002959583647
0 0.6358173076923077 0.234375 0.026442307692307692 0.06971153846153846
0 0.8339231905104902 0.14861496216189038 0.1320202015955338 0.16310288649774662
0 0.9343730049531739 0.09328835808352323 0.1019150417198288 0.11882632583933081
0 0.9314903846153846 0.013221153846153846 0.08413461538461539 0.026442307692307692
0 0.028846153846153848 0.7932692307692307 0.057692307692307696 0.10576923076923077
0 0.09936046673515005 0.8835546959298515 0.11484355462151322 0.15049604662649138
0 0.1983157171564411 0.8593941476940523 0.09752701808865347 0.13308151444754357
0 0.1074849004198067 0.791384367715219 0.074913175792165 0.09867217087680877
0 0.0653255373851611 0.7454861631927197 0.06982570436679471 0.08888889794655998
0 0.15921542694400015 0.7535676776402632 0.04007026838818721 0.05663156805737493
0 0.21178529082122777 0.7445971414114615 0.03505274174223635 0.04925214128097229
0 0.25476188064598904 0.777316164166523 0.04007026838818721 0.05663156805737493
0 0.3024854667351502 0.8906479772328628 0.07024537304331183 0.10331197486963689
0 0.3588359617916957 0.8878129726248246 0.06777158211004611 0.10082418455835865
0 0.3433066302246981 0.808024356682025 0.05505290354662024 0.07636600223273668
0 0.37579352569133095 0.8103595258842813 0.03278878514722932 0.053975889431232514
0 0.29933795166127225 0.7824749003097858 0.03491285218339722 0.04444444897327999
0 0.3163047642970342 0.7878702017195027 0.025157578009173474 0.03930098003585933
0 0.08653846153846154 0.6778846153846154 0.052884615384615384 0.019230769230769232
0 0.016981697017351475 0.6933684828920247 0.0275614241630199 0.03938492419329142
0 0.004807692307692308 0.6838942307692307 0.009615384615384616 0.03125
0 0.4222359951880223 0.8383967725677984 0.0424741145420335 0.056715512214807015
0 0.4223188017942334 0.799977206184976 0.032439061250131504 0.041956658662001746
0 0.4618994567264838 0.8397818511654278 0.049965432121249674 0.06658272930248789
0 0.49233222993636805 0.8540523069794829 0.04268394888029165 0.06392705067634548
0 0.5162308019159908 0.8500840562461114 0.03787625657259934 0.0637591623614813
0 0.5437351431263824 0.846241721748888 0.030314994213963605 0.05148809911995427
0 0.5593251707366726 0.8455854356952736 0.02770131372185876 0.04419261650098359
0 0.5784859951880225 0.843853142800884 0.03271884036780976 0.05157204327738636
0 0.6002605001314768 0.8494163325254652 0.0275614241630199 0.03938492419329142
0 0.6207981096082983 0.8537356270944071 0.02268378707590803 0.03681318972458109
0 0.6394230769230769 0.8389423076923077 0.019230769230769232 0.028846153846153848
0 0.11871262805250446 0.7233364451964801 0.037526532675502065 0.051739931592250536
0 0.1367065018166409 0.7227641033002977 0.02777125850127832 0.046596462654829876
0 0.24158653846153846 0.6826923076923077 0.026442307692307692 0.028846153846153848
0 0.21989686267909292 0.6932502257334975 0.017526370871118174 0.024626070640486147
0 0.18629807692307693 0.6730769230769231 0.021634615384615384 0.009615384615384616