0 0.078125 0.7740384615384616 0.10096153846153846 0.15745192307692307
0 0.06850961538461539 0.6983173076923077 0.07692307692307693 0.09254807692307693
0 0.13942307692307693 0.6826923076923077 0.038461538461538464 0.07091346153846154
0 0.16826923076923078 0.6826923076923077 0.03125 0.0625
0 0.21153846153846154 0.7019230769230769 0.046875 0.09014423076923077
0 0.2608173076923077 0.7980769230769231 0.09615384615384616 0.17668269230769232
0 0.3137019230769231 0.6742788461538461 0.04447115384615385 0.07932692307692307
0 0.3557692307692308 0.65625 0.026442307692307692 0.042067307692307696
0 0.39663461538461536 0.7512019230769231 0.0625 0.14182692307692307
0 0.3918269230769231 0.6598557692307693 0.030048076923076924 0.057692307692307696
0 0.41225961538461536 0.6538461538461539 0.03365384615384615 0.057692307692307696
0 0.4483173076923077 0.6526442307692307 0.028846153846153848 0.040865384615384616
0 0.47716346153846156 0.5769230769230769 0.02283653846153846 0.039663461538461536
0 0.47475961538461536 0.7007211538461539 0.04927884615384615 0.09254807692307693
0 0.5180288461538461 0.6766826923076923 0.04326923076923077 0.07211538461538461
0 0.5360576923076923 0.8016826923076923 0.10096153846153846 0.16706730769230768
0 0.5552884615384616 0.7355769230769231 0.0625 0.09975961538461539
0 0.5576923076923077 0.6694711538461539 0.03245192307692308 0.0625
0 0.5757211538461539 0.6610576923076923 0.027644230769230768 0.05889423076923077
0 0.6033653846153846 0.7139423076923077 0.04927884615384615 0.0889423076923077
0 0.6177884615384616 0.6742788461538461 0.03365384615384615 0.06129807692307692
0 0.6418269230769231 0.6634615384615384 0.028846153846153848 0.054086538461538464
0 0.6634615384615384 0.6514423076923077 0.028846153846153848 0.054086538461538464
0 0.71875 0.6850961538461539 0.04326923076923077 0.06850961538461539
0 0.7548076923076923 0.7487980769230769 0.07572115384615384 0.10336538461538461
0 0.8076923076923077 0.8641826923076923 0.1201923076923077 0.19591346153846154
0 0.8882211538461539 0.9338942307692307 0.17427884615384615 0.1310096153846154
0 0.9459134615384616 0.7920673076923077 0.09615384615384616 0.11538461538461539
0 0.8834134615384616 0.7439903846153846 0.07932692307692307 0.09134615384615384
0 0.8173076923076923 0.71875 0.030048076923076924 0.06129807692307692
0 0.8052884615384616 0.6887019230769231 0.03245192307692308 0.05048076923076923
0 0.7716346153846154 0.6862980769230769 0.04807692307692308 0.05889423076923077
0 0.8461538461538461 0.7007211538461539 0.03365384615384615 0.05889423076923077
0 0.8581730769230769 0.6730769230769231 0.03245192307692308 0.04326923076923077
0 0.90625 0.6838942307692307 0.03365384615384615 0.056490384615384616
0 0.9326923076923077 0.6959134615384616 0.04326923076923077 0.06850961538461539
0 0.9567307692307693 0.6538461538461539 0.019230769230769232 0.036057692307692304
0 0.8786057692307693 0.6442307692307693 0.013221153846153846 0.03365384615384615
0 0.8966346153846154 0.6466346153846154 0.016826923076923076 0.026442307692307692
0 0.7319711538461539 0.6442307692307693 0.03365384615384615 0.055288461538461536