0 0.025240384615384616 0.19230769230769232 0.05048076923076923 0.3125
0 0.040865384615384616 0.021634615384615384 0.08173076923076923 0.04326923076923077
0 0.2608173076923077 0.056490384615384616 0.11298076923076923 0.11298076923076923
0 0.3688773940568483 0.12568692236409823 0.16351873487236354 0.2311660762223277
0 0.5348557692307693 0.5252403846153846 0.03125 0.0889423076923077
0 0.6229379300479898 0.5232944527380041 0.060680052673425036 0.08606533100555325
0 0.6667158793196484 0.51403011195819 0.03658070991282641 0.04684829512712614
0 0.6971153846153846 0.5540865384615384 0.09134615384615384 0.03125
0 0.702110807663914 0.5236607637794168 0.04246672044751133 0.0638431065189134
0 0.7235913775875304 0.5220124150424594 0.047274412755203644 0.06401099483377756
0 0.7599571608172206 0.5280792697116331 0.03898455606667257 0.046932239284558364
0 0.795076281256213 0.4585508867708009 0.0316189721441351 0.044276560658415814
0 0.7800480769230769 0.5492788461538461 0.06971153846153846 0.040865384615384616
0 0.8269230769230769 0.546875 0.057692307692307696 0.04567307692307692
0 0.8653846153846154 0.5492788461538461 0.04326923076923077 0.040865384615384616
0 0.8846153846153846 0.5480769230769231 0.038461538461538464 0.04326923076923077
0 0.9254807692307693 0.5588942307692307 0.04807692307692308 0.021634615384615384
0 0.9507211538461539 0.5576923076923077 0.040865384615384616 0.02403846153846154
0 0.9735576923076923 0.5540865384615384 0.038461538461538464 0.03125
0 0.1935096153846154 0.6598557692307693 0.20432692307692307 0.18028846153846154
0 0.2548076923076923 0.6153846153846154 0.14903846153846154 0.09134615384615384
0 0.484375 0.6862980769230769 0.06971153846153846 0.23317307692307693
0 0.578125 0.8713942307692307 0.10817307692307693 0.25721153846153844
0 0.6593844208194918 0.8122252921936404 0.08881686043672116 0.11343102442961403
0 0.6656573874123303 0.7416895793636231 0.05479404213873998 0.06907051961376613
0 0.7392219048044988 0.7106799741688877 0.06277580790527318 0.08134158285529317
0 0.7702085535962756 0.7825168214391022 0.07137375551580227 0.10322803071220467
0 0.8353291688389141 0.7320246145413012 0.05316042328988857 0.08100580622556482
0 0.8852546374478245 0.7625496515360968 0.07439378351364431 0.11292735948502151
0 0.9090781723031499 0.7226076526524652 0.047274412755203644 0.06401099483377756
0 0.9450284012692743 0.7034760947849701 0.04006287429366518 0.0637591623614813