0 0.16435593621240271 0.16680030476877097 0.13136497492717544 0.22457196856846864
0 0.46875 0.021634615384615384 0.08173076923076923 0.04326923076923077
0 0.5528846153846154 0.013221153846153846 0.0625 0.026442307692307692
0 0.6298076923076923 0.06610576923076923 0.1201923076923077 0.13221153846153846
0 0.7512019230769231 0.03125 0.0985576923076923 0.0625
0 0.8737980769230769 0.0625 0.13701923076923078 0.125
0 0.13221153846153846 0.6598557692307693 0.21153846153846154 0.12259615384615384
0 0.4523700597890433 0.8251611710271566 0.03787625657259962 0.06417941401013517
0 0.48391270073351283 0.8548996984180348 0.05491301398778111 0.07217467900973663
0 0.4666403853264898 0.7884876935824147 0.03010515987570491 0.044612761977339016
0 0.5572300084258205 0.85148488993076 0.05045504557718635 0.08396998791094937
0 0.5615352254507848 0.827278486991285 0.04289378321855034 0.07161487433969167
0 0.5673076923076923 0.9651442307692307 0.17307692307692307 0.06971153846153846
0 0.6319241011436 0.8420044855918652 0.04268394888029192 0.06440333587815321
0 0.6375361584146167 0.8141363329546164 0.03024504943454404 0.04942045428503118
0 0.6908404424757492 0.7972501154833413 0.030384938993383168 0.05422814659272349
0 0.7109013003234257 0.8503290055387986 0.040629826623543315 0.07631060571337496
0 0.7271208309484914 0.8291685671600478 0.03533252085991433 0.05925976076843384
0 0.7601323122607706 0.8084263253201569 0.030314994213963605 0.05182430043887747
0 0.8070551464772718 0.8458505681784382 0.03526257608049504 0.05685591461458769
0 0.818501957184355 0.8237121285907822 0.030314994213963605 0.05182430043887734
0 0.8445245962001456 0.8369036352397601 0.04007026838818735 0.05707983648260573
0 0.8765568506005516 0.8498152395537153 0.030384938993383168 0.05422814659272349
0 0.9490127103769068 0.9172579121378975 0.09271932578096144 0.1339502468660258
0 0.9535848446927578 0.8426267204346577 0.04275389365971149 0.06680718203199937