1 0.5084134615384616 0.32091346153846156 0.12259615384615384 0.2860576923076923
1 0.38341346153846156 0.359375 0.17067307692307693 0.25721153846153844
1 0.27403846153846156 0.328125 0.1971153846153846 0.31971153846153844
0 0.5925480769230769 0.3954326923076923 0.04567307692307692 0.11298076923076923
0 0.6298076923076923 0.4338942307692308 0.1201923076923077 0.10817307692307693
0 0.5793269230769231 0.33774038461538464 0.019230769230769232 0.055288461538461536
0 0.6147792132320516 0.3532836116611112 0.04455608399561966 0.05755610583436234
0 0.6522066790375004 0.3624478438218976 0.04707183043002143 0.062489778380715816
0 0.6499976534355772 0.3191156229333363 0.03728859539380353 0.05477431896453284
0 0.6880125957139427 0.35352023970950724 0.039804341828205296 0.05970799151088617
0 0.7380467687615389 0.388554757678984 0.07932893295502143 0.10739675225254157
0 0.723063185496635 0.3121407125201939 0.04444418371506405 0.052748413526670035
0 0.7741594062704599 0.34122860522438586 0.057078866027350565 0.07982062241228355
0 0.8533653846153846 0.42908653846153844 0.125 0.11778846153846154
0 0.8056322018925217 0.3008620307540038 0.039636491407371736 0.052496453049347844
0 0.8845405038564107 0.3386102346643375 0.06708590162467942 0.09715146644385114
0 0.8727720437793807 0.29717793897497763 0.039580541267094066 0.05009260689550169
0 0.8559730957725965 0.2974980003812727 0.039748391687927355 0.057304145357040155
0 0.9286749519218487 0.2748980899681302 0.04947567658386758 0.06261575861937697
0 0.9521549169965815 0.30373913300464195 0.052047373158547024 0.0699532773195766
0 0.9783653846153846 0.3233173076923077 0.04326923076923077 0.08413461538461539
0 0.96875 0.41466346153846156 0.0625 0.1466346153846154
0 0.051721721707372284 0.5774065546391532 0.0919636152673078 0.13446896113815507
0 0.09495192307692307 0.5012019230769231 0.055288461538461536 0.026442307692307692
0 0.17427884615384615 0.5144230769230769 0.055288461538461536 0.052884615384615384
0 0.2843912473679492 0.56799202240467 0.08480802694604715 0.13649486657601775
1 0.8786057692307693 0.9555288461538461 0.05048076923076923 0.0889423076923077
1 0.8152256410720626 0.8923716009099388 0.05473097001378208 0.08209848832746867
1 0.710126807047116 0.8640549220666401 0.039748391687927355 0.057304145357040155
1 0.8379152696095622 0.5262208824740724 0.039748391687927355 0.057304145357040155
1 0.7949257895417206 0.5359724689474024 0.039804341828205296 0.05970799151088617
1 0.7226145794353637 0.5237796002491061 0.037512395954914624 0.06438970357991732