1 0.40298613544800976 0.3484471394931006 0.051952252683546356 0.07825202773204755
1 0.6333631160982941 0.2778906280330657 0.05519015105112132 0.05916114806011745
1 0.7790903431358411 0.2182306177808847 0.04817483683209754 0.06135515987570505
1 0.9903846153846154 0.3137019230769231 0.019230769230769232 0.055288461538461536
1 0.656322145936842 0.6205215115623535 0.1068970242484829 0.16378553870505314
1 0.25721153846153844 0.6538461538461539 0.07692307692307693 0.17307692307692307
1 0.8641826923076923 0.5697115384615384 0.18028846153846154 0.22115384615384615
1 0.9459134615384616 0.5324519230769231 0.10817307692307693 0.1466346153846154
1 0.4335493505992083 0.6366417606637526 0.10846681818860024 0.18301630793582235
1 0.502427035213101 0.5948799557427056 0.14305263031134968 0.22479097468366063
1 0.5802331212274938 0.6034590304935891 0.06593372587792382 0.10264021316760664
1 0.6879893704097892 0.5509277520967356 0.06809219254558513 0.12908252085991434
1 0.7440135736746394 0.5878505054110449 0.0695149174868579 0.11713323487010313
1 0.7921886088728198 0.5876535328995778 0.056514565505053745 0.1047642802037748