0 0.018028846153846152 0.09975961538461539 0.036057692307692304 0.09375
0 0.05987653058384999 0.08799216613828117 0.06796031570031093 0.09593254809323426
0 0.09972629572374103 0.04221987785193001 0.04732946552074406 0.07122253329531603
0 0.1231347208352437 0.05219774396991687 0.051577125448917155 0.061775036994795585
0 0.15533033626329726 0.09665363061022852 0.0709241942336763 0.10563187686605097
0 0.14543269230769232 0.02403846153846154 0.040865384615384616 0.04807692307692308
0 0.18028846153846154 0.03245192307692308 0.052884615384615384 0.06490384615384616
0 0.24807657105824887 0.06942529108934772 0.0682403318900704 0.10074024040092656
0 0.25841346153846156 0.019230769230769232 0.040865384615384616 0.038461538461538464
0 0.2920673076923077 0.014423076923076924 0.04567307692307692 0.028846153846153848
0 0.3269230769230769 0.009615384615384616 0.04326923076923077 0.019230769230769232
0 0.39663461538461536 0.016826923076923076 0.052884615384615384 0.03365384615384615
0 0.606695623957316 0.3444482071829309 0.08039957075418104 0.10356380734193302
0 0.7917669476873493 0.17365682215192704 0.07036416185415707 0.0960164922506662
0 0.9891826923076923 0.15625 0.021634615384615384 0.12980769230769232
0 0.34305668897698366 0.8794260631110377 0.20546845322639046 0.2326770710561054
0 0.3683659560645778 0.7537964819302971 0.14427594316208855 0.1705662574315815
0 0.10554223953740352 0.8385416327004003 0.15841900389540603 0.1662622300684817
0 0.20486885479170416 0.6983325239487501 0.11841737639019005 0.13847681585726063
0 0.08787414631597143 0.7300060742747211 0.10315425089783457 0.12355007398959117
0 0.0408935794571964 0.6716727477346409 0.07008414566439757 0.09120879994297404
0 0.013221153846153846 0.6358173076923077 0.026442307692307692 0.07932692307692307
0 0.021634615384615384 0.7211538461538461 0.04326923076923077 0.10096153846153846
0 0.026442307692307692 0.8016826923076923 0.052884615384615384 0.13701923076923078
0 0.08243529600608974 0.6174450258311123 0.056804842041248874 0.06915446377119822
0 0.15462068466891427 0.6137247780312266 0.0596287124797343 0.07644994639016876
0 0.16917191541642587 0.5904265467038117 0.052277165923316105 0.07379426776402635
0 0.21181110975869769 0.5997328595623418 0.06259259101309954 0.08614927516298547
0 0.2605180692625797 0.5872366687213925 0.054541003982282524 0.07147436576761215
0 0.3238699721023034 0.5910217639340576 0.06273259910797926 0.08855312131683163
0 0.3413269316061855 0.5796168471397253 0.05241717401819584 0.07619811391787251
0 0.3597520935037808 0.5309942870394936 0.049313287389950874 0.06409493899120965
0 0.30344801248982567 0.4885797650504259 0.05468101207716226 0.07387821192145844
0 0.4251115267536015 0.5826884170142177 0.07955952218490235 0.08914073041885609
0 0.4511919599382646 0.5673839264381038 0.06513644526182542 0.08863706547426371
0 0.4437467007935164 0.5304600876832167 0.04676943314122498 0.06160714867993141
0 0.4318556238487204 0.5080852420875548 0.049313287389950874 0.06409493899120952
0 0.4616118303115927 0.49145291219836973 0.0518571416386769 0.06658272930248789
0 0.49808954690392426 0.48298221137534997 0.04154171654889333 0.05422772190352877
0 0.5336538461538461 0.5144230769230769 0.04807692307692308 0.07211538461538461
0 0.5420673076923077 0.4723557692307692 0.03125 0.04567307692307692
0 0.734375 0.5072115384615384 0.3293269230769231 0.11538461538461539