0 0.07055427867749227 0.1367231076152941 0.10482644270221705 0.1607379790617402
0 0.2692307692307692 0.1971153846153846 0.25961538461538464 0.3942307692307692
0 0.5035894086570006 0.22227939929032384 0.1478467102657195 0.21648018051135484
0 0.7720590263229616 0.2518391097030676 0.16737132717123215 0.22503646535642235
0 0.13826802983246558 0.7444506813021831 0.17247286715366775 0.23258419041384298
0 0.25961538461538464 0.8569711538461539 0.23076923076923078 0.2860576923076923
0 0.2091346153846154 0.5673076923076923 0.20673076923076922 0.15865384615384615
0 0.9535146982735123 0.8673236851201438 0.046011809066835295 0.07033337167063262
0 0.8656273898207559 0.8575825105145233 0.04821975677085259 0.06569377266088157
0 0.8005052029825734 0.8182722688883141 0.0361025767767074 0.06244946001732971
0 0.7510304583788984 0.8100186639728286 0.03840847370563912 0.06021370716142467
0 0.6426349506280429 0.8264088804549687 0.04100821830931413 0.06518949276705809
0 0.5694951892944987 0.7373995594300605 0.04880745212033916 0.0801168495839585
0 0.7791603451292592 0.882697105139672 0.09153387200909845 0.1286475125720345
0 0.703125 0.9783653846153846 0.06009615384615385 0.04326923076923077
0 0.4612833095631456 0.9347758806337618 0.05852078596063834 0.0831930689295691
0 0.41586538461538464 0.8858173076923077 0.03365384615384615 0.0985576923076923