1 0.07572115384615384 0.17427884615384615 0.15144230769230768 0.2620192307692308
0 0.39302884615384615 0.10336538461538461 0.026442307692307692 0.16346153846153846
0 0.45072115384615385 0.042067307692307696 0.10817307692307693 0.08413461538461539
1 0.1327908703977645 0.6900730593846671 0.07167416873404384 0.09845661234235173
1 0.30204141630324793 0.6315155751777586 0.07899766812959118 0.10136473839002122
1 0.26684976427045165 0.6411644664594434 0.05383959725103957 0.07564534387214841
1 0.004807692307692308 0.7151442307692307 0.009615384615384616 0.055288461538461536
0 0.4375 0.7788461538461539 0.11538461538461539 0.1778846153846154
0 0.465730190560152 0.7415124083868527 0.07463781955793494 0.11064393640952347
0 0.5624734885812193 0.6964111846566396 0.05898317236075894 0.0831930689295691
0 0.6120025898729119 0.7133139177075681 0.11807830565552689 0.16878998401298434
0 0.6493478329217078 0.6831482874692204 0.08184935801947354 0.11114821630334695
0 0.751373000256332 0.6532518304941545 0.07452585862392606 0.10824009025567732
0 0.7824519230769231 0.5492788461538461 0.06490384615384616 0.06009615384615385
0 0.8648312604203132 0.6093777998321996 0.10723135076604305 0.14167530312891208
0 0.8698002662743238 0.7084650420250505 0.09168866450287592 0.11662828180280371