0 0.9519230769230769 0.19471153846153846 0.09375 0.26802884615384615
0 0.9050480769230769 0.31971153846153844 0.14543269230769232 0.30528846153846156
0 0.625 0.33533653846153844 0.05889423076923077 0.12259615384615384
0 0.5612980769230769 0.3329326923076923 0.0673076923076923 0.18269230769230768
0 0.47716346153846156 0.3016826923076923 0.12980769230769232 0.2848557692307692
0 0.38341346153846156 0.35096153846153844 0.06129807692307692 0.22716346153846154
0 0.34615384615384615 0.2848557692307692 0.07572115384615384 0.27403846153846156
0 0.28125 0.20432692307692307 0.10697115384615384 0.296875
0 0.1502403846153846 0.3545673076923077 0.14783653846153846 0.3317307692307692
0 0.20072115384615385 0.18028846153846154 0.06610576923076923 0.17427884615384615
0 0.15625 0.12379807692307693 0.06610576923076923 0.18269230769230768
0 0.09014423076923077 0.09975961538461539 0.09735576923076923 0.19591346153846154