0 0.11466438002137756 0.28592343839431567 0.11218400132166564 0.17127685628426986
0 0.021634615384615384 0.11899038461538461 0.04326923076923077 0.12259615384615384
0 0.10198803360700505 0.1127415981482634 0.09700504296662174 0.15643411068467566
0 0.039663461538461536 0.019230769230769232 0.06009615384615385 0.038461538461538464
0 0.21394230769230768 0.01201923076923077 0.07211538461538461 0.02403846153846154
0 0.14903846153846154 0.04927884615384615 0.08173076923076923 0.0985576923076923
0 0.3230533355933102 0.23198242513707873 0.1216734056983891 0.1691527892481014
0 0.31821331802413977 0.09383121607034436 0.09612318129599373 0.1396071876077526
0 0.3329326923076923 0.039663461538461536 0.07451923076923077 0.07932692307692307
0 0.45913461538461536 0.01201923076923077 0.057692307692307696 0.02403846153846154
0 0.4963942307692308 0.039663461538461536 0.07932692307692307 0.07932692307692307
0 0.4819268169630006 0.1033951533785633 0.09675308248929941 0.15162641837698337
0 0.7019893878496586 0.06089690571881375 0.04667069721308204 0.06616285218339722
0 0.7558869559532053 0.05886489402498349 0.04945248408291162 0.07344433542435524
0 0.8994827131810267 0.07384391609275198 0.04983042479889504 0.08065587388589371
0 0.8930288461538461 0.02283653846153846 0.036057692307692304 0.04567307692307692
0 0.950288654627733 0.03571923970151963 0.031617719096699304 0.053723952737649475
0 0.9771634615384616 0.06971153846153846 0.04567307692307692 0.08173076923076923
0 0.9867788461538461 0.03245192307692308 0.026442307692307692 0.06009615384615385
0 0.9699519230769231 0.016826923076923076 0.026442307692307692 0.03365384615384615
1 0.15745192307692307 0.5324519230769231 0.27163461538461536 0.1466346153846154
1 0.7675912361257832 0.8996756227534976 0.10105685384234721 0.14215092332043774
1 0.7596153846153846 0.4735576923076923 0.07692307692307693 0.028846153846153848