0 0.13319650815716982 0.2930413309776498 0.03461186595882255 0.04898620520937659
0 0.030048076923076924 0.4831730769230769 0.06009615384615385 0.03365384615384615
0 0.008413461538461538 0.4723557692307692 0.016826923076923076 0.055288461538461536
0 0.1045673076923077 0.4675480769230769 0.05048076923076923 0.06490384615384616
0 0.14762014504668666 0.4656857235512645 0.04456343717008952 0.05407367663474689
0 0.2091703619166754 0.46386354619569264 0.046967283323935544 0.05414362141416645
0 0.23424265323411875 0.4670018125334435 0.034948052554704775 0.05379389751706917
0 0.26909842246488797 0.4680160118350265 0.04489962376597189 0.05888136894243946
0 0.36899038461538464 0.48677884615384615 0.04567307692307692 0.026442307692307692
0 0.3788096090607702 0.46639080699092195 0.039251464968573874 0.04672224861436957
0 0.4483173076923077 0.47716346153846156 0.06009615384615385 0.04567307692307692
0 0.5901442307692307 0.021634615384615384 0.06009615384615385 0.04326923076923077
0 0.7487980769230769 0.01201923076923077 0.04567307692307692 0.02403846153846154
0 0.765625 0.010817307692307692 0.03125 0.021634615384615384
0 0.8257211538461539 0.040865384615384616 0.06971153846153846 0.08173076923076923
0 0.8653846153846154 0.02283653846153846 0.052884615384615384 0.04567307692307692
0 0.8858173076923077 0.02403846153846154 0.036057692307692304 0.04807692307692308
0 0.9242788461538461 0.014423076923076924 0.026442307692307692 0.028846153846153848
1 0.0927595934616031 0.90902770316866 0.09203500038784854 0.11542883651045208