0 0.010817307692307692 0.18990384615384615 0.021634615384615384 0.03365384615384615
0 0.05039030442429796 0.1747324769103635 0.027351589824761345 0.03186545154305561
0 0.08152252542837725 0.13817223827922037 0.022613842296488464 0.03415739741634615
0 0.21119032817723055 0.1460012381619128 0.022543897517069037 0.0317535512625
0 0.2666186792745311 0.1424803990806094 0.022613842296488464 0.03415739741634628
0 0.34458890533410275 0.43896575797676335 0.08777174391442986 0.12695825490972232
0 0.38574331780329235 0.3473128832981308 0.06508795683852196 0.09039701133952988
0 0.4023825171048752 0.31282078997916724 0.06975575958737515 0.08570121931239318
0 0.43478660596529706 0.2738846802643168 0.047491641187983956 0.06356305266527794
0 0.4125795705185343 0.2517185385470626 0.04494790547529895 0.058699410217307686
0 0.44257981322511 0.21272647869193434 0.032648895588390195 0.04880427490053417
0 0.42033780538863724 0.19176226005160318 0.03010515987570491 0.04394063245256419
0 0.5 0.30288461538461536 0.04326923076923077 0.20673076923076922
0 0.5332578785761141 0.16925539279743626 0.10805168483649173 0.1634635483396368
0 0.68580080526688 0.30029599806933815 0.1335589867427629 0.21450381897318385
0 0.8372302511323964 0.26292749722131464 0.13348904196334332 0.21209997281933768
0 0.9771634615384616 0.18389423076923078 0.04567307692307692 0.13221153846153846
0 0.8974055984940966 0.17893376212644296 0.09731718375039505 0.12477820931698726
0 0.8653846153846154 0.05889423076923077 0.07692307692307693 0.11778846153846154
0 0.9290865384615384 0.03125 0.06009615384615385 0.0625
0 0.8942307692307693 0.013221153846153846 0.0673076923076923 0.026442307692307692
0 0.7860576923076923 0.013221153846153846 0.057692307692307696 0.026442307692307692
0 0.7812387287090752 0.16179710339989375 0.08097987412940838 0.14121348141196594
0 0.7167987723575828 0.061672807164423575 0.07313883265309438 0.11941101560651714
0 0.6646634615384616 0.03245192307692308 0.055288461538461536 0.06490384615384616
0 0.5973557692307693 0.04807692307692308 0.07451923076923077 0.09615384615384616
0 0.5432692307692307 0.013221153846153846 0.057692307692307696 0.026442307692307692
0 0.5108173076923077 0.054086538461538464 0.06490384615384616 0.10817307692307693
0 0.6636601015088721 0.15184400806474402 0.09731718375039505 0.12477820931698726
0 0.008413461538461538 0.6394230769230769 0.016826923076923076 0.07692307692307693
0 0.07559571664997279 0.7078817668626605 0.06069993320734664 0.10470818798205145
0 0.058253456463530334 0.642530319586592 0.04289378321855041 0.07066269084626078
0 0.1252685078267532 0.612818948444231 0.03052482855222209 0.05836370937564111
0 0.13709076608451684 0.661203597292682 0.04798125464392077 0.08038997574220087
0 0.18600702651447407 0.6334764462520837 0.03320845382374616 0.0680350441313034
0 0.20971787471875641 0.6039598956616457 0.028051037618956307 0.055903913081517015
0 0.21877731418944937 0.7472964675870196 0.06578740463271693 0.11443547287799155
0 0.2516231822893067 0.6518419981866456 0.03568224475701188 0.07049484042542736
0 0.26026858872894504 0.6027310024536329 0.03292867470606818 0.05841965951591878
0 0.3042408803830355 0.703581645573665 0.06338355847887077 0.11437952273771373
0 0.334555874596999 0.6537722780262291 0.04317356233622846 0.08027807546164539
0 0.3929826024732115 0.6298746967775112 0.032858729926648615 0.056015813362072626
0 0.4028206832536461 0.6637803185626072 0.03822598046969716 0.07535848287339747
0 0.37734474064642015 0.5886176611801821 0.02777125850127832 0.04628852846613253
0 0.4338700976515145 0.5887305663997868 0.02303351097300558 0.04858047433942321
0 0.4475587543906865 0.6143066518568381 0.03271884036780976 0.05120812105438032
0 0.4639423076923077 0.6694711538461539 0.028846153846153848 0.07932692307692307
0 0.47115384615384615 0.7463942307692307 0.014423076923076924 0.11778846153846154
0 0.43990384615384615 0.7872596153846154 0.07692307692307693 0.1466346153846154
0 0.4723557692307692 0.6334134615384616 0.01201923076923077 0.05048076923076923
0 0.4735576923076923 0.5961538461538461 0.009615384615384616 0.04807692307692308
0 0.5326504861242568 0.9160112896003743 0.047911309864501206 0.07798612958835473
0 0.9676417228012812 0.9297440342214216 0.030384938993383168 0.053556017067948804