1 0.23015329176317761 0.31468753174525294 0.1748947851598993 0.2871608495977902
1 0.16083919062061888 0.38700721914755554 0.13449684191093397 0.210751915248642
1 0.3978032188006641 0.2306431209318041 0.15711151395970793 0.22871266047351554
1 0.4822889759977094 0.3532188315393896 0.08392348166706534 0.12422367532946464
0 0.08533653846153846 0.8533653846153846 0.17067307692307693 0.2932692307692308
0 0.13192415430225557 0.7408527606717654 0.09521896342100714 0.15357375013026314
0 0.22686422310873355 0.7253332976718583 0.08901119016451713 0.1292833281144793
0 0.39151583037675014 0.7134672615931245 0.07531186225672926 0.09980727307501962
0 0.5084134615384616 0.7163461538461539 0.040865384615384616 0.1201923076923077
0 0.6081730769230769 0.9495192307692307 0.15865384615384615 0.10096153846153846
0 0.6478365384615384 0.9278846153846154 0.09375 0.14423076923076922
0 0.7436911461856567 0.9176409899795506 0.08901119016451713 0.1292833281144793
0 0.9083427534536732 0.9057749539008169 0.07531186225672926 0.09980727307501962