0 0.09461254819859623 0.2130715465258266 0.10102746071058578 0.16225777297895924
0 0.2513400391318083 0.1869497864525669 0.07368946554620592 0.14133250367720152
0 0.25721153846153844 0.30649038461538464 0.12980769230769232 0.08413461538461539
0 0.467738859517619 0.25144869263424113 0.103767189666459 0.1696233569014967
0 0.5769230769230769 0.3088942307692308 0.14423076923076922 0.07932692307692307
0 0.7475961538461539 0.015625 0.038461538461538464 0.03125
0 0.13221153846153846 0.40865384615384615 0.1346153846153846 0.1201923076923077
0 0.3128883711927317 0.5951756216457971 0.13736836928064816 0.22210671712525246
0 0.5853365384615384 0.6286057692307693 0.12740384615384615 0.2620192307692308
0 0.6598557692307693 0.5516826923076923 0.021634615384615384 0.06009615384615385
0 0.6985246599235878 0.5745261602493125 0.061722901316632155 0.09023555260243647
0 0.7505399211059595 0.6224633369679429 0.08436516510732858 0.11325657713604241
0 0.835217771523882 0.8750193861771318 0.12243815422718313 0.1588364898202577
0 0.926540906027555 0.8037189685805168 0.09772792708466746 0.14287295828719102
0 0.960817165173146 0.6889809756509658 0.056803248074930826 0.08752361552659238
0 0.96875 0.6382211538461539 0.0625 0.0889423076923077
0 0.9174952678642582 0.6355733426612165 0.051659672965211456 0.08000398614305605
0 0.8548569736604207 0.6086545994832057 0.0561314824708767 0.07310053860351545