1 0.1201923076923077 0.05048076923076923 0.11538461538461539 0.10096153846153846
1 0.4639423076923077 0.06370192307692307 0.1778846153846154 0.12740384615384615
1 0.2776442307692308 0.013221153846153846 0.0985576923076923 0.026442307692307692
0 0.7055288461538461 0.47716346153846156 0.05048076923076923 0.021634615384615384
1 0.40865384615384615 0.5961538461538461 0.2980769230769231 0.21634615384615385
1 0.08173076923076923 0.9254807692307693 0.14423076923076922 0.14903846153846154
0 0.5873467928349159 0.8123593015227979 0.056309651454179654 0.07751047385300652
0 0.5817307692307693 0.6935096153846154 0.04807692307692308 0.06971153846153846
0 0.5649038461538461 0.5841346153846154 0.014423076923076924 0.038461538461538464
0 0.580212657507655 0.5578592933212593 0.024731209065802166 0.041117126156783056
0 0.6045422792756319 0.5695848256255253 0.024366903926838993 0.03630943384909075
0 0.623207240014387 0.6402185743402107 0.03507520395911309 0.05084439590167815
0 0.6503573877927749 0.7731984810018193 0.04578350399138715 0.06537935795426542
0 0.67712813787346 0.7368610758703509 0.04006504883628698 0.05330418462027954
0 0.6484117618791859 0.6087028471576234 0.02990320651245761 0.045980761029230606
0 0.6589572601255477 0.5329257507467143 0.021598752634029703 0.031473770259020956
0 0.6786240599964515 0.5903383456152459 0.024366903926839028 0.03630943384909075
0 0.6767487401757573 0.5675437640772739 0.021234447495066533 0.026666077951328512
0 0.6957794254617521 0.554112825613288 0.019012753910701966 0.02904195282279705
0 0.7008768585906829 0.6453191230475538 0.038571965529848685 0.06529544410713256
0 0.7165570721248381 0.6127133579175539 0.024366903926839028 0.03630943384909075
0 0.7376244596091628 0.7625761302208408 0.04614780913035032 0.07018705026195786
0 0.7738105103604581 0.712919671754897 0.037843355251922346 0.05568005949174808
0 0.7500094149256332 0.6783715866302814 0.03248920523578535 0.048412578465454374
0 0.7653253233208251 0.6505735138079738 0.029174596234531336 0.03636537641384599
0 0.734367902958617 0.5836853907359456 0.018648448771738792 0.02423426051510474
0 0.7169407280473707 0.5442596850976937 0.016426755187374225 0.026610135386573412
0 0.7702448621051043 0.5064126727831486 0.018648448771738862 0.02423426051510474
0 0.7589886849561089 0.6074161681682534 0.021598752634029703 0.031473770259020956
0 0.780860666444361 0.5723366286784634 0.019012753910701966 0.02904195282279705
0 0.8048439144486674 0.6044808676492328 0.021416600064548118 0.029069924105174668
0 0.7997988560373385 0.6393646081623796 0.024184751357357443 0.03390558769524459
0 0.8102877213412687 0.6752684584169951 0.02972105394297609 0.04357691487538445
0 0.8215410596737107 0.7327789527738483 0.04115796425317642 0.06772726154335647
0 0.8559055847301905 0.7071609558463658 0.033035662944230035 0.05562411692699284
0 0.8612238719957419 0.66867144610245 0.029721053942975955 0.04357691487538445
0 0.8384425470683585 0.6365132214904917 0.024366903926839028 0.03630943384909075
0 0.8460736042030151 0.5991976635411211 0.019012753910701966 0.02904195282279705
0 0.8516830516980818 0.572713398925247 0.0190127539107021 0.02904195282279705
0 0.8423602467204889 0.5055735343118204 0.01642675518737436 0.026610135386573412
0 0.8894230769230769 0.49278846153846156 0.014423076923076924 0.009615384615384616
0 0.9060248876385497 0.5528672614821704 0.0190127539107021 0.02904195282279705
0 0.9032925990963261 0.5889249537898628 0.024184751357357443 0.03390558769524459
0 0.8905626894244618 0.6142912091759466 0.024184751357357443 0.03390558769524459
0 0.9061504072655995 0.6621443619938489 0.026770750080685184 0.03633740513146837
0 0.9087902001148058 0.7065455876340587 0.038207660390885516 0.06048775179944025
0 0.9354698739107502 0.6714101055795134 0.03543950909807619 0.05565208820937046
0 0.9484371496862511 0.6112160522450378 0.024366903926839028 0.03630943384909075
0 0.9378572080975801 0.5765141250673455 0.021780905203511287 0.033877616412867115
0 0.9606578838085329 0.5450263691671359 0.018648448771738792 0.02423426051510474
0 0.9519230769230769 0.49038461538461536 0.019230769230769232 0.004807692307692308
0 0.9807635531361244 0.5015613394212617 0.01642675518737436 0.026610135386573412
0 0.9855769230769231 0.6478365384615384 0.028846153846153848 0.04567307692307692
0 0.9855769230769231 0.7067307692307693 0.028846153846153848 0.0625