1 0.1935096153846154 0.08413461538461539 0.1658653846153846 0.16826923076923078
1 0.5528846153846154 0.0829326923076923 0.09134615384615384 0.1658653846153846
1 0.2670826360374295 0.2812178019143561 0.11075247046940813 0.21755880961829155
1 0.8329326923076923 0.23677884615384615 0.026442307692307692 0.11778846153846154
1 0.49843947590868487 0.7854439964521002 0.075389206755236 0.09795024284639303
1 0.21514423076923078 0.6033653846153846 0.07932692307692307 0.04807692307692308
1 0.31009615384615385 0.6237980769230769 0.07692307692307693 0.0889423076923077
1 0.5928724668351731 0.7305648265030632 0.060882185674726995 0.09470634812326832
1 0.7067307692307693 0.6057692307692307 0.0625 0.052884615384615384
1 0.35216346153846156 0.5985576923076923 0.06009615384615385 0.038461538461538464
1 0.9711538461538461 0.6574519230769231 0.057692307692307696 0.13701923076923078