0 0.010817307692307692 0.36177884615384615 0.021634615384615384 0.15625
0 0.06055281746717857 0.35791452612374663 0.0728590535354164 0.11223331167459022
0 0.11009858091191137 0.41119545725211126 0.0833137755038351 0.14163949790026314
0 0.13574938546768608 0.34429593495861316 0.0708049312786678 0.12411253434894125
0 0.18380419798169084 0.30509879321134076 0.06599723897097548 0.12383251815918164
0 0.20543520027564174 0.4299469308460159 0.08338372028325466 0.14404334405410915
0 0.23557692307692307 0.33413461538461536 0.0673076923076923 0.125
1 0.28846153846153844 0.13581730769230768 0.038461538461538464 0.27163461538461536
1 0.5346001232308075 0.20731002385025668 0.09122476175956866 0.16609798372336387
1 0.6976198824529104 0.1604101937341362 0.15341925898830766 0.2417135707107427
1 0.4416673500209232 0.18869855835123184 0.1284715153173926 0.20906348976194508
1 0.5984769082562793 0.21702985374918596 0.07568256836577966 0.1267963966925469
1 0.8763217246276417 0.15761964295652506 0.14324431613756708 0.22192276910045441
1 0.9723557692307693 0.2439903846153846 0.055288461538461536 0.2283653846153846
1 0.1518639989236227 0.6935310807750447 0.07794652496078669 0.12212871247973431
1 0.7728699203153817 0.9021485945609995 0.0701054834844727 0.10007407281047957