0 0.014423076923076924 0.22716346153846154 0.028846153846153848 0.13221153846153846
0 0.14036116510015972 0.2519535400056017 0.10364714519487186 0.11891026999676303
0 0.2773803958693905 0.24716872303197282 0.22954435731741485 0.26501834510272254
0 0.11987352759123879 0.20343019126864434 0.08827291588707262 0.0775412204367859
0 0.5015535397201384 0.21291960869848112 0.1508868260457266 0.18781290129566486
0 0.49158653846153844 0.03485576923076923 0.07451923076923077 0.06971153846153846
0 0.5773596237157581 0.1550288782796249 0.08732377338044892 0.13995727627935367
0 0.9050480769230769 0.46033653846153844 0.18990384615384615 0.17548076923076922
0 0.6983173076923077 0.15384615384615385 0.07932692307692307 0.14423076923076922
0 0.7520321307296471 0.28313869259282226 0.1290284101000001 0.1774420192633916
0 0.7910002352708331 0.10523881000236468 0.07480099134871801 0.11790294010757799
0 0.8231454375152776 0.06568599749420913 0.057526467149572755 0.09808456177478415
0 0.9155536390876601 0.06846376281768919 0.0598743631631411 0.09576465977837009
0 0.9651442307692307 0.1658653846153846 0.06971153846153846 0.14903846153846154
0 0.671875 0.6225961538461539 0.026442307692307692 0.0625
0 0.7192694670640486 0.6315819063313981 0.04735158113141033 0.07371032360659427
0 0.723963249213087 0.7395031507821789 0.08782732464294878 0.16159189166396934
0 0.898212110418696 0.8379005629032281 0.15944116787393187 0.24575704146026894
0 0.8252894685254802 0.6687117759410549 0.05976246288258562 0.09095696747067777
0 0.8107554962608969 0.6223824129643634 0.04472393441645295 0.06401099483377756
0 0.7499889456704589 0.6016864505173433 0.03516449994134628 0.06607906435789537
0 0.6970483801455658 0.6059370681346953 0.027505360357585492 0.046596462654829876
0 0.916189026188461 0.6331119469604286 0.04477988455673089 0.06641484098762372
0 0.8977695339917197 0.5989277309891161 0.03018895721282055 0.058699637581492735
0 0.9710578616748392 0.6492100774933368 0.05249497428076921 0.08830128884453523
0 0.9927884615384616 0.6682692307692307 0.014423076923076924 0.11538461538461539
0 0.9867788461538461 0.5985576923076923 0.026442307692307692 0.0625
0 0.96875 0.5745192307692307 0.028846153846153848 0.052884615384615384