0 0.4963942307692308 0.2403846153846154 0.12259615384615384 0.14903846153846154
0 0.5985576923076923 0.44471153846153844 0.08173076923076923 0.11057692307692307
0 0.5661057692307693 0.38100961538461536 0.016826923076923076 0.05048076923076923
0 0.5943652764334488 0.38404673730681727 0.06223082673671824 0.06927550782140393
0 0.6705907101734261 0.37109739290660915 0.06273510663054165 0.0764870462829424
0 0.6505529811192515 0.34990022757040495 0.054851194977238595 0.06632520395911302
0 0.7321326903684496 0.41425619660752966 0.09544740632934151 0.13396133865518295
0 0.772812948369523 0.3454181388345368 0.06033126047669549 0.0763048937134608
0 0.8273702600585846 0.3687817842209506 0.07710764357094828 0.11105165528419647
0 0.8484835622330066 0.3062086393115026 0.0395876515644561 0.05321305777299287
0 0.8989390614724406 0.2856475885602073 0.03735189870855106 0.05543475135735744
0 0.9276423920119885 0.3026014506724568 0.0502115959674874 0.068364744973996
0 0.9915865384615384 0.2644230769230769 0.016826923076923076 0.0625
0 0.19034279261438877 0.6761305569661412 0.06665179246585796 0.09830381423703936
0 0.14271960944861883 0.6390903763098696 0.046967283323935675 0.05616336163528365
0 0.16586706451470437 0.6158163877999201 0.0341075860649992 0.04323336801864509
0 0.10208109478881074 0.6218453539681049 0.01850785605633435 0.025313529524832637
0 0.2120444213316047 0.6051439505182317 0.018339762758393236 0.02290968337098648
0 0.23979796874114123 0.6185831196844528 0.02124788880606287 0.03030337440200653
0 0.28550455233051836 0.5804486042030153 0.01918022924809894 0.03492891414021725
0 0.3089546873261859 0.587040540046661 0.018339762758393236 0.02290968337098648
0 0.3552666307747271 0.6086378732724141 0.03941955826651485 0.05080921161914658
0 0.3486769255222828 0.5660972527811097 0.026223674411696152 0.033071525694815716
0 0.3988215081571698 0.5670797411296888 0.03136755331527082 0.0382435231414712
0 0.44633537468263407 0.5885859980707012 0.055019288275179705 0.06872905011295917
0 0.5378831284930293 0.5445867376152674 0.038915278372691375 0.043597673157608124
0 0.856460317176685 0.6600968726269328 0.21695039377243794 0.29859035685133534