1 0.04447115384615385 0.028846153846153848 0.0889423076923077 0.057692307692307696
0 0.6021634615384616 0.29086538461538464 0.06490384615384616 0.09615384615384616
0 0.645239705404301 0.2701323931629625 0.09433515927558361 0.13706345189506747
0 0.6045673076923077 0.23557692307692307 0.06971153846153846 0.11538461538461539
0 0.9555288461538461 0.2764423076923077 0.0889423076923077 0.125
0 0.021634615384615384 0.44711538461538464 0.04326923076923077 0.1201923076923077
0 0.10876249442349038 0.4237743483163202 0.062028106609279925 0.0905510376189563
0 0.13784601437328087 0.45786072497347485 0.0681108669033432 0.10751785025471851
0 0.17399336355743736 0.3785116913336335 0.05853134503854426 0.0760580159164601
0 0.17908653846153846 0.3449519230769231 0.04567307692307692 0.01201923076923077
0 0.234375 0.3557692307692308 0.055288461538461536 0.03365384615384615
0 0.25286632461893316 0.4496956832536461 0.06184595403979834 0.08814719146511028
0 0.28351465337633325 0.4090529948033114 0.06093519119239041 0.07612796069587952
0 0.27403846153846156 0.34975961538461536 0.052884615384615384 0.021634615384615384
0 0.2980769230769231 0.3473557692307692 0.028846153846153848 0.016826923076923076
0 0.3161057692307692 0.34975961538461536 0.040865384615384616 0.021634615384615384
0 0.3545673076923077 0.3545673076923077 0.05048076923076923 0.03125
0 0.3529708943589422 0.3877588545796667 0.050591196299079454 0.06623279696281678
0 0.36642941430873266 0.4222998723030481 0.05667395659314286 0.08319960959857899
0 0.44533823812081424 0.46216391944364127 0.06978610277926287 0.09797241041875346
0 0.4219179597919687 0.40743501614053584 0.05594534631521652 0.07358422498319438
0 0.3942307692307692 0.35216346153846156 0.04326923076923077 0.026442307692307692
0 0.4326923076923077 0.36177884615384615 0.04807692307692308 0.04567307692307692
0 0.4699519230769231 0.35697115384615385 0.04567307692307692 0.036057692307692304
0 0.5031022713142932 0.39784535517873404 0.06352118991571815 0.0786017516291451
0 0.47161632461893316 0.44333070832647076 0.06424980019364422 0.08821713624452972
0 0.540234947663582 0.42687923280022805 0.05408795786981512 0.08072581866531327
1 0.7127861832239065 0.6282319122159554 0.05055533354849377 0.09741285218339722
1 0.626174576775997 0.613888028808425 0.05758471944055065 0.09521884036780975
1 0.6704097839267907 0.6571701214044471 0.04392611554598575 0.07323450108609683
1 0.7827350877890816 0.6611292276229784 0.049098112992641225 0.07818208295262813