0 0.020432692307692308 0.2283653846153846 0.040865384615384616 0.1346153846153846
0 0.1590657725349332 0.24559310973697854 0.07968442055433819 0.10289794324896508
0 0.2967097936878277 0.2725384216070409 0.09536729986402676 0.1277764533567053
0 0.3858173076923077 0.2956730769230769 0.026442307692307692 0.125
0 0.04465833420175453 0.8438448341635604 0.08752586020918247 0.11533719830283519
0 0.04567307692307692 0.7752403846153846 0.09134615384615384 0.12259615384615384
0 0.14612379361793765 0.8475798787939948 0.21894063076161727 0.29074684191093425
0 0.1775611035723038 0.5732851096066638 0.054260176390603994 0.07505555460785975
0 0.26080363566700693 0.5973709882269056 0.06197563580678697 0.08509096350788371
0 0.27389535886848304 0.8931840732448623 0.1570909751934914 0.2080597245568967
0 0.3498208155015549 0.8236599599599838 0.08916360331177746 0.14658719830283518
0 0.29725115071359237 0.832749753431954 0.08815576140248829 0.12735642907206596
0 0.38461538461538464 0.8269230769230769 0.028846153846153848 0.1201923076923077