0 0.13341346153846154 0.40024038461538464 0.057692307692307696 0.07211538461538461
0 0.21995192307692307 0.3918269230769231 0.052884615384615384 0.06370192307692307
0 0.19471153846153846 0.33653846153846156 0.036057692307692304 0.04807692307692308
0 0.2704326923076923 0.34375 0.03365384615384615 0.056490384615384616
0 0.3088942307692308 0.4014423076923077 0.04927884615384615 0.07572115384615384
0 0.34615384615384615 0.3641826923076923 0.030048076923076924 0.04807692307692308
0 0.3389423076923077 0.3245192307692308 0.030048076923076924 0.039663461538461536
0 0.35216346153846156 0.3125 0.025240384615384616 0.039663461538461536
0 0.390625 0.3076923076923077 0.025240384615384616 0.04807692307692308
0 0.41466346153846156 0.33653846153846156 0.027644230769230768 0.04807692307692308
0 0.41346153846153844 0.3942307692307692 0.046875 0.07572115384615384
0 0.49278846153846156 0.3605769230769231 0.040865384615384616 0.06370192307692307
0 0.4735576923076923 0.33413461538461536 0.025240384615384616 0.04447115384615385
0 0.4387019230769231 0.31009615384615385 0.021634615384615384 0.036057692307692304
0 0.44350961538461536 0.21995192307692307 0.019230769230769232 0.03245192307692308
0 0.4879807692307692 0.28846153846153844 0.025240384615384616 0.039663461538461536
0 0.5180288461538461 0.34375 0.030048076923076924 0.04807692307692308
0 0.5072115384615384 0.3125 0.019230769230769232 0.03245192307692308
0 0.5252403846153846 0.2920673076923077 0.021634615384615384 0.03245192307692308
0 0.5480769230769231 0.3125 0.019230769230769232 0.039663461538461536
0 0.4987980769230769 0.24158653846153846 0.019230769230769232 0.027644230769230768
0 0.6850961538461539 0.32211538461538464 0.021634615384615384 0.04447115384615385
0 0.6923076923076923 0.3004807692307692 0.019230769230769232 0.02403846153846154
0 0.8088942307692307 0.42788461538461536 0.04927884615384615 0.07211538461538461