0 0.013221153846153846 0.3473557692307692 0.026442307692307692 0.09375
0 0.01201923076923077 0.23557692307692307 0.02403846153846154 0.09615384615384616
0 0.06534145618190916 0.38988787327241414 0.03199565981268279 0.06228198467993287
0 0.15745192307692307 0.484375 0.19471153846153846 0.36778846153846156
0 0.29491898549350104 0.417983227240519 0.05083826670818435 0.10201859112784216
0 0.28149863967007127 0.3770999112498415 0.05489007758390967 0.0879598193437284
0 0.24423902428545588 0.3799232760768059 0.039837099467526935 0.07484767315760812
0 0.33052884615384615 0.4182692307692308 0.036057692307692304 0.1346153846153846
0 0.41139653654893016 0.2725963335413486 0.04198898514405083 0.07022213341939754
0 0.4157530764020242 0.23515456558725162 0.03389558501188429 0.0528487526340297
0 0.5052095266682607 0.2642904602546441 0.04464479177521931 0.0752119782965713
0 0.4987845344965417 0.38688661410079794 0.07044697665493707 0.1106873501452333
0 0.5728475020015321 0.3214169594549376 0.05526801829989317 0.09517135780526687
0 0.5579579401949307 0.21719602552630024 0.038955237796898926 0.058020750080685184
0 0.520882184358665 0.1936681589456977 0.03149173885803814 0.05266660006454812
0 0.6465120855519708 0.17217699456342503 0.048696602650944706 0.061153206512457675
0 0.6632913509384897 0.2403402361843701 0.047804519361032374 0.08981720778912994
0 0.6379624221555639 0.12972745035686134 0.03339166405723978 0.04323336801864509
0 0.7198140608153523 0.09838495466384395 0.038955237796898794 0.058020750080685184
0 0.7369917101564228 0.2503185065304413 0.0603276710849078 0.10034335525192234
0 0.6389992685190802 0.5211169233853733 0.09966084959779008 0.16557564379414613
0 0.8639818399267909 0.08865772357187253 0.04970444456023388 0.08038397574322684
0 0.9699519230769231 0.203125 0.06009615384615385 0.15625
0 0.030048076923076924 0.7439903846153846 0.06009615384615385 0.15144230769230768
0 0.2091346153846154 0.7163461538461539 0.125 0.09615384615384616