0 0.03245192307692308 0.17548076923076922 0.06490384615384616 0.35096153846153844
0 0.38461538461538464 0.18629807692307693 0.2932692307692308 0.37259615384615385
0 0.578125 0.40024038461538464 0.016826923076923076 0.12259615384615384
0 0.689656314939018 0.38604412307056635 0.07331814975762171 0.10504388882371803
0 0.7143232882656616 0.33735275338963694 0.039244734368111475 0.06820289455213682
0 0.7518626164740531 0.362258442102404 0.04148075282769197 0.053835767769337704
0 0.7853626205748223 0.34982059022013906 0.03907690667384582 0.05377981762905976
0 0.8151869272388784 0.3312891977428421 0.029377608211328347 0.04634447860641034
0 0.840218369301745 0.41718523760715837 0.10493177642853063 0.13702124064732912
0 0.8527402410884586 0.3573968095325323 0.046288445135384285 0.053947668049893184
0 0.8499308113401371 0.32248509016148535 0.02929369436419549 0.03913294014487188
0 0.8679456718527945 0.3217027931366456 0.024402088209370457 0.0318095014027778
0 0.9068827221147523 0.36346337999647466 0.08304541950251682 0.11488307400021373
0 0.9365531867257315 0.3317108336730239 0.029405579493705966 0.04874832476025649
0 0.9617935713411162 0.3322983101459406 0.05123599385496455 0.06607879909967942
0 0.9891826923076923 0.3173076923076923 0.021634615384615384 0.0673076923076923
0 0.030048076923076924 0.9927884615384616 0.040865384615384616 0.014423076923076924
0 0.06490384615384616 0.9939903846153846 0.03365384615384615 0.01201923076923077
0 0.08366415597608026 0.9344348015533124 0.029349636928950727 0.04394063245256419
0 0.17668269230769232 0.9903846153846154 0.040865384615384616 0.019230769230769232
0 0.19230769230769232 0.9867788461538461 0.038461538461538464 0.026442307692307692
0 0.23677884615384615 0.9903846153846154 0.040865384615384616 0.019230769230769232
0 0.25841346153846156 0.9855769230769231 0.036057692307692304 0.028846153846153848
0 0.2776442307692308 0.9783653846153846 0.036057692307692304 0.04326923076923077
0 0.33774038461538464 0.9867788461538461 0.055288461538461536 0.026442307692307692
0 0.4230769230769231 0.9891826923076923 0.038461538461538464 0.021634615384615384
0 0.3894230769230769 0.9867788461538461 0.057692307692307696 0.026442307692307692
0 0.4651442307692308 0.9903846153846154 0.040865384615384616 0.019230769230769232
0 0.4735576923076923 0.9795673076923077 0.038461538461538464 0.040865384615384616
0 0.5228365384615384 0.9795673076923077 0.040865384615384616 0.040865384615384616
0 0.546875 0.9795673076923077 0.04567307692307692 0.040865384615384616
0 0.5625 0.9543269230769231 0.014423076923076924 0.038461538461538464
0 0.49124194982370256 0.9547356580227038 0.017246492312587236 0.036449343289636685
0 0.5092707959775488 0.9551552840747871 0.01956642461930067 0.029293754968376034
0 0.3449519230769231 0.9699519230769231 0.040865384615384616 0.06009615384615385
0 0.8449519230769231 0.9350961538461539 0.07451923076923077 0.12980769230769232