0 0.10096153846153846 0.3485576923076923 0.051682692307692304 0.10336538461538461
0 0.15384615384615385 0.5564903846153846 0.09254807692307693 0.15264423076923078
0 0.2512019230769231 0.5252403846153846 0.0733173076923077 0.15504807692307693
0 0.22235576923076922 0.4074519230769231 0.040865384615384616 0.06610576923076923
0 0.4230769230769231 0.4411057692307692 0.0733173076923077 0.125
0 0.6442307692307693 0.71875 0.13701923076923078 0.2704326923076923
0 0.6466346153846154 0.546875 0.08413461538461539 0.1346153846153846
0 0.6057692307692307 0.46634615384615385 0.06850961538461539 0.12259615384615384
0 0.7992788461538461 0.5841346153846154 0.10096153846153846 0.20432692307692307
0 0.8581730769230769 0.5240384615384616 0.07211538461538461 0.15745192307692307
0 0.8125 0.39663461538461536 0.037259615384615384 0.06850961538461539
0 0.9519230769230769 0.39903846153846156 0.042067307692307696 0.10096153846153846