0 0.7512019230769231 0.09375 0.21394230769230768 0.1875
0 0.76606362525201 0.28701562446101087 0.14000329093903582 0.2816420517528636
0 0.05085667085498603 0.6713848361258792 0.063546035210268 0.09605553566650595
0 0.07609889787602676 0.5750839209731884 0.058276206519578815 0.08845154871993813
0 0.04634461277224154 0.5255596953331575 0.03735093721782109 0.060439447087513025
0 0.027792749013261384 0.48116207598642585 0.03960073791066831 0.05823182517618161
0 0.016826923076923076 0.5108173076923077 0.03365384615384615 0.07451923076923077
0 0.036057692307692304 0.43509615384615385 0.03365384615384615 0.014423076923076924
0 0.06370192307692307 0.4326923076923077 0.026442307692307692 0.009615384615384616
0 0.09615384615384616 0.43509615384615385 0.028846153846153848 0.014423076923076924
0 0.09773535566629825 0.47907734218426967 0.034793045602976 0.057839376691152196
0 0.14223695012352067 0.4947760750497749 0.032543244910128784 0.06004699860248367
0 0.16932588027089276 0.5215618743495247 0.03929264698867037 0.05342413286848924
0 0.15530221610301947 0.5855335561683848 0.0560264058267316 0.0906591706312696
0 0.2157977827043769 0.64342228646929 0.05362255967288544 0.09046294638875506
0 0.24917397854729373 0.6551963361184188 0.06625797228611209 0.10105945221671292
0 0.2875584942783327 0.650854825161261 0.06462435343726068 0.11288245874342902
0 0.3862093508248868 0.6065557146679527 0.05393065059488332 0.09527063869644724
0 0.4579326923076923 0.6298076923076923 0.040865384615384616 0.10576923076923077
0 0.44535079129397837 0.5678981503299825 0.0561804512877306 0.09306301678511576
0 0.3417238978760268 0.5534011421753174 0.059046433824573634 0.1004707794891689
0 0.2775132562966759 0.5695165044155212 0.045640793906352235 0.07785504289198013
0 0.3160822580997824 0.586907720964236 0.04773654913820052 0.07324357482680263
0 0.23533848526280016 0.5524196242305783 0.05316042328988857 0.08325140792721647
0 0.20057588027089276 0.5190109591968339 0.03735093721782116 0.06043944708751316
0 0.19969818962432992 0.4864609239986536 0.02634914345344585 0.03801993473283907
0 0.23268927181474935 0.4922253582631671 0.026503188914444784 0.040423780886685155
0 0.26281437146832576 0.4909744783086568 0.02409934276059863 0.04022755664417055
0 0.25193618255388095 0.4531997246959196 0.023945297299599762 0.037823710490324326
0 0.21394230769230768 0.4338942307692308 0.02403846153846154 0.01201923076923077
0 0.18629807692307693 0.43990384615384615 0.021634615384615384 0.02403846153846154
0 0.18861937312945523 0.46440928250717384 0.019137604991907455 0.03743126200529504
0 0.1642262385495649 0.4796907908997317 0.029215125990288877 0.04542769743689214
0 0.15299337659369125 0.4552353032544057 0.02650318891444485 0.040423780886685155
0 0.13248366155549945 0.4557012862388573 0.023791251838600758 0.035419864336478174
0 0.13942307692307693 0.43149038461538464 0.02403846153846154 0.007211538461538462
0 0.15985576923076922 0.4338942307692308 0.021634615384615384 0.01201923076923077
0 0.2548076923076923 0.43149038461538464 0.02403846153846154 0.007211538461538462
0 0.2741869797824921 0.46104909112867226 0.018829514069909584 0.03262356969760273
0 0.28705346058721715 0.4732891237622528 0.023945297299599624 0.037823710490324396
0 0.30666934347048375 0.47772894520675074 0.026965325297441795 0.04763531934822362
0 0.34375 0.45072115384615385 0.028846153846153848 0.04567307692307692
0 0.3700004519976157 0.5233041083746532 0.0426207659085102 0.06804343403408084
0 0.39567253238492867 0.5091264109377611 0.029369171451287947 0.047831543590738226
0 0.4202501530368865 0.5155776300510759 0.0394466924496693 0.05582797902233539
0 0.4116217648152889 0.47520280604197807 0.026349143453445915 0.038019934732839
0 0.38305326128006434 0.46303630790781986 0.026503188914444784 0.040423780886685155
0 0.37740384615384615 0.43990384615384615 0.02403846153846154 0.02403846153846154
0 0.4170673076923077 0.4375 0.021634615384615384 0.019230769230769232
0 0.4362980769230769 0.4411057692307692 0.026442307692307692 0.026442307692307692
0 0.4417002823494344 0.49207888436257124 0.023945297299599624 0.037823710490324396
0 0.4574327456910024 0.5113342312151755 0.031773017605133964 0.04802776783325297
0 0.46634615384615385 0.5276442307692307 0.02403846153846154 0.06009615384615385
0 0.4699519230769231 0.4831730769230769 0.016826923076923076 0.038461538461538464
0 0.4855769230769231 0.4483173076923077 0.014423076923076924 0.040865384615384616
0 0.5911040312207188 0.6081980512770778 0.08625896882187607 0.1146484769260611
0 0.6457620118124783 0.5372847881046992 0.07960273098219627 0.08540987459487791
0 0.7410381673197615 0.49688578320593196 0.05944768898543328 0.06941700373168357
0 0.7741224137490428 0.4663963009202385 0.036426664451827406 0.046016370164436236
0 0.8086700920578141 0.45874335709608344 0.033868772836982246 0.04341629976807527
0 0.7992788461538461 0.4375 0.026442307692307692 0.019230769230769232