0 0.02873604129976167 0.1971153846153846 0.054888484351919405 0.10817307692307693
0 0.027644230769230768 0.03365384615384615 0.04567307692307692 0.0673076923076923
0 0.12579796285578754 0.20432692307692307 0.05959822743469732 0.10576923076923077
0 0.21989078514298813 0.19591346153846154 0.056508736706450034 0.0889423076923077
0 0.30809847364843745 0.21394230769230768 0.05449668745226159 0.0985576923076923
0 0.39627962977593706 0.203125 0.050080792044226996 0.10817307692307693
0 0.48566270898035985 0.19230769230769232 0.04478335361196255 0.09615384615384616
0 0.58549374121194 0.16105769230769232 0.047578996665466416 0.10576923076923077
0 0.5901442307692307 0.05048076923076923 0.055288461538461536 0.10096153846153846
0 0.49158653846153844 0.037259615384615384 0.040865384615384616 0.07451923076923077
0 0.4231545286934754 0.07451923076923077 0.05027669049405613 0.11298076923076923
0 0.34615384615384615 0.04326923076923077 0.052884615384615384 0.08653846153846154
0 0.25687081480048335 0.055288461538461536 0.062002073588543406 0.10576923076923077
0 0.16047209558435108 0.06129807692307692 0.0450772012867059 0.10336538461538461
0 0.65625 0.30649038461538464 0.07692307692307693 0.11778846153846154
0 0.7752403846153846 0.41346153846153844 0.21394230769230768 0.09134615384615384
0 0.8557692307692307 0.3786057692307692 0.12980769230769232 0.16105769230769232
0 0.9399038461538461 0.3786057692307692 0.1201923076923077 0.16105769230769232
0 0.9759615384615384 0.30649038461538464 0.04807692307692308 0.10817307692307693
0 0.9855769230769231 0.06009615384615385 0.028846153846153848 0.1201923076923077
0 0.025240384615384616 0.6766826923076923 0.05048076923076923 0.2668269230769231
0 0.17307692307692307 0.5637019230769231 0.125 0.2091346153846154
0 0.3918269230769231 0.5204326923076923 0.08173076923076923 0.12259615384615384
0 0.45144560122883115 0.5733173076923077 0.11880465796973666 0.20192307692307693
0 0.5444711538461539 0.6490384615384616 0.1466346153846154 0.27884615384615385
0 0.6698814099457258 0.7824519230769231 0.09153387200909838 0.12259615384615384
0 0.6708486317645437 0.5817307692307693 0.06161027668888563 0.09615384615384616
0 0.7808419496354223 0.6550480769230769 0.06381822439290293 0.09134615384615384
0 0.9795673076923077 0.5216346153846154 0.040865384615384616 0.08653846153846154