0 0.021634615384615384 0.26322115384615385 0.04326923076923077 0.0889423076923077
0 0.025240384615384616 0.2920673076923077 0.05048076923076923 0.0889423076923077
0 0.016826923076923076 0.3293269230769231 0.03365384615384615 0.09615384615384616
0 0.09317901218504161 0.4225994473826773 0.09693701555147473 0.13853335361196256
0 0.15402257115413764 0.34197674214735885 0.0702849303419451 0.10139821983021126
0 0.21461519845771682 0.4248645499860361 0.09457512490107306 0.1456469428485866
0 0.1466346153846154 0.5096153846153846 0.11057692307692307 0.057692307692307696
0 0.356777765562195 0.47677785340839135 0.08234611661462023 0.109099504416322
0 0.35754614843685933 0.40220964802670345 0.07271674683142083 0.106303861362818
0 0.39302884615384615 0.4495192307692308 0.03125 0.1346153846153846
1 0.7860576923076923 0.5060096153846154 0.04326923076923077 0.06490384615384616
1 0.875 0.515625 0.038461538461538464 0.04567307692307692
1 0.9050574735724326 0.47700846452305434 0.033947534677956796 0.05185205837957149
1 0.3161057692307692 0.6322115384615384 0.18509615384615385 0.1875
0 0.6213942307692307 0.6189903846153846 0.17067307692307693 0.16105769230769232
0 0.6923076923076923 0.6081730769230769 0.09615384615384616 0.13942307692307693
0 0.8888512877529691 0.6773296411826661 0.10431637602679075 0.1676733551328598
0 0.869340815165904 0.6300363119050586 0.09702092655836357 0.15295643053503946