0 0.26802884615384615 0.6875 0.12980769230769232 0.16346153846153846
0 0.46153846153846156 0.5997596153846154 0.06971153846153846 0.11057692307692307
0 0.34134615384615385 0.5973557692307693 0.06370192307692307 0.07932692307692307
0 0.4014423076923077 0.5216346153846154 0.05048076923076923 0.0889423076923077
0 0.5372596153846154 0.546875 0.0733173076923077 0.10216346153846154
0 0.5012019230769231 0.47836538461538464 0.04326923076923077 0.052884615384615384
0 0.5552884615384616 0.31850961538461536 0.030048076923076924 0.04447115384615385
0 0.6538461538461539 0.48677884615384615 0.046875 0.07091346153846154
0 0.7668269230769231 0.5084134615384616 0.052884615384615384 0.0625
0 0.671875 0.5348557692307693 0.05048076923076923 0.07091346153846154
0 0.8978365384615384 0.5072115384615384 0.04326923076923077 0.07572115384615384
0 0.18870192307692307 0.515625 0.030048076923076924 0.04807692307692308
0 0.27524038461538464 0.4951923076923077 0.04326923076923077 0.0625
0 0.056490384615384616 0.5108173076923077 0.039663461538461536 0.057692307692307696