1 0.25905564123775776 0.27969244880972544 0.09369587412495242 0.13993569222081567
1 0.036057692307692304 0.9399038461538461 0.07211538461538461 0.1201923076923077
1 0.30528846153846156 0.8737980769230769 0.15865384615384615 0.25240384615384615
1 0.23918269230769232 0.9290865384615384 0.12259615384615384 0.14182692307692307
1 0.47378573863768875 0.8128540234810315 0.1456871778206635 0.22941432375175247
1 0.5492788461538461 0.9350961538461539 0.06009615384615385 0.125
1 0.8587313380409876 0.905438784790674 0.07404551198725483 0.11477716592331597
1 0.6720495442094977 0.8476431533900521 0.06940565684233381 0.12411253434894125
1 0.9230416708329566 0.8742932300742188 0.0736678783710195 0.09314255053870071
1 0.7508100168620675 0.8847153435980075 0.061480810439017174 0.08282712544891743
1 0.8846153846153846 0.9555288461538461 0.12980769230769232 0.0889423076923077
1 0.7144105669366552 0.833266371973525 0.06624654345601673 0.0807032954848306