0 0.041594212664880725 0.3339916423134024 0.05688291458478911 0.09424369933536034
0 0.09452078734018893 0.32881623090901085 0.04941962037909365 0.07944268169630006
0 0.061370452674656746 0.30173380040411324 0.0347447877118598 0.06426372334125628
0 0.10244563374350554 0.28757290557764276 0.029643380369317667 0.04718483978701075
0 0.12730838474265468 0.307884728456316 0.03710667457501306 0.06198585742607116
0 0.138461366760505 0.28808704815157155 0.027239534215471446 0.04705885954834972
0 0.18468599775476618 0.3228900488822944 0.06670809565363783 0.10676685105923589
0 0.23364406593623865 0.26988967487830207 0.03229898226732075 0.0617338969487489
0 0.20762743444303666 0.315683621230398 0.039804235763709034 0.0789387607416554
0 0.26424369693049976 0.30551154716032236 0.049713335413943474 0.09626960477322313
0 0.3206082036738059 0.30976255001332365 0.056757036712710644 0.08703216087382201
0 0.35213702235548666 0.36094643217601347 0.07893712287633278 0.11941598302177234
0 0.38934859515723186 0.2929509593653269 0.05426927197747871 0.08209848832746854
0 0.3439272739783119 0.2809215069768119 0.034660869130474156 0.059456031033563846
0 0.35157938499212504 0.2553031816454438 0.03938464285678068 0.054900299203193864
0 0.40220701174031925 0.24424413509509796 0.03693883741224177 0.05237047281068655
0 0.4333311338682408 0.24981793045404138 0.04684793706247621 0.06970131684225428
0 0.467089878248819 0.24204459172816983 0.03959443931024499 0.06691952997242463
0 0.4831730769230769 0.23918269230769232 0.03365384615384615 0.07932692307692307
0 0.5444711538461539 0.5661057692307693 0.0889423076923077 0.10336538461538461
0 0.6280338592687875 0.2186802386674018 0.06396857517424911 0.08741010158980536
0 0.7792426610934705 0.43050643635068025 0.08897210039864575 0.14395836551487853
0 0.9338942307692307 0.5564903846153846 0.13221153846153846 0.12259615384615384
0 0.9699519230769231 0.37259615384615385 0.06009615384615385 0.14903846153846154
0 0.9721256168865077 0.24988092057337197 0.03208918581385671 0.049714666179518203
0 0.1848660015018923 0.8230466939788081 0.04954549825117219 0.08665422015783851
0 0.29578468219653536 0.8664674590349104 0.06675005494433087 0.10917069721308191
0 0.36750145355033814 0.8855245903366142 0.06666613636294508 0.10436300490538973
0 0.40643062750167513 0.9255132240910129 0.07661719530387227 0.12409769509080362
1 0.8149038461538461 0.9627403846153846 0.07211538461538461 0.07451923076923077