0 0.12259615384615384 0.23918269230769232 0.24519230769230768 0.47836538461538464
0 0.16105769230769232 0.037259615384615384 0.16346153846153846 0.07451923076923077
0 0.49278846153846156 0.038461538461538464 0.12980769230769232 0.07692307692307693
0 0.6129807692307693 0.08533653846153846 0.11057692307692307 0.17067307692307693
0 0.15384615384615385 0.5036057692307693 0.08173076923076923 0.05048076923076923
0 0.20432692307692307 0.4987980769230769 0.057692307692307696 0.040865384615384616
0 0.25600961538461536 0.4963942307692308 0.04567307692307692 0.036057692307692304
0 0.3173076923076923 0.5 0.0673076923076923 0.04326923076923077
0 0.3641826923076923 0.5024038461538461 0.06009615384615385 0.04807692307692308
0 0.1045673076923077 0.4891826923076923 0.026442307692307692 0.021634615384615384
0 0.078125 0.48677884615384615 0.040865384615384616 0.016826923076923076
0 0.025240384615384616 0.4963942307692308 0.04567307692307692 0.036057692307692304
0 0.04326923076923077 0.4879807692307692 0.028846153846153848 0.019230769230769232
0 0.6069711538461539 0.6899038461538461 0.0985576923076923 0.2644230769230769
0 0.5949519230769231 0.5324519230769231 0.07451923076923077 0.10817307692307693
0 0.798892127312241 0.6747976764054815 0.15948595732555104 0.28173078961052905
0 0.8689903846153846 0.4951923076923077 0.0985576923076923 0.03365384615384615
0 0.9447115384615384 0.5901442307692307 0.11057692307692307 0.22355769230769232