0 0.06971153846153846 0.5264423076923077 0.06850961538461539 0.09375
0 0.04927884615384615 0.46634615384615385 0.042067307692307696 0.057692307692307696
0 0.05889423076923077 0.4326923076923077 0.03365384615384615 0.046875
0 0.036057692307692304 0.41586538461538464 0.021634615384615384 0.03125
0 0.020432692307692308 0.41586538461538464 0.020432692307692308 0.026442307692307692
0 0.12139423076923077 0.4326923076923077 0.025240384615384616 0.037259615384615384
0 0.1502403846153846 0.4651442307692308 0.03485576923076923 0.051682692307692304
0 0.23317307692307693 0.4987980769230769 0.05048076923076923 0.06850961538461539
0 0.27884615384615385 0.5673076923076923 0.08653846153846154 0.12259615384615384
0 0.44711538461538464 0.5 0.06610576923076923 0.0889423076923077
0 0.3629807692307692 0.4639423076923077 0.04326923076923077 0.06610576923076923
0 0.31490384615384615 0.4423076923076923 0.037259615384615384 0.039663461538461536
0 0.23798076923076922 0.4423076923076923 0.037259615384615384 0.04927884615384615
0 0.19591346153846154 0.42788461538461536 0.03125 0.042067307692307696
0 0.17307692307692307 0.41346153846153844 0.02283653846153846 0.036057692307692304
0 0.15625 0.40384615384615385 0.020432692307692308 0.03365384615384615
0 0.19951923076923078 0.3762019230769231 0.018028846153846152 0.028846153846153848
0 0.24759615384615385 0.40384615384615385 0.018028846153846152 0.03125
0 0.28125 0.4170673076923077 0.020432692307692308 0.028846153846153848
0 0.25961538461538464 0.44471153846153844 0.020432692307692308 0.036057692307692304
0 0.21514423076923078 0.4074519230769231 0.016826923076923076 0.028846153846153848
0 0.19591346153846154 0.39903846153846156 0.014423076923076924 0.02403846153846154
0 0.23557692307692307 0.3942307692307692 0.014423076923076924 0.02403846153846154
0 0.2620192307692308 0.39903846153846156 0.014423076923076924 0.02403846153846154
0 0.27403846153846156 0.3942307692307692 0.014423076923076924 0.020432692307692308
0 0.2920673076923077 0.3894230769230769 0.013221153846153846 0.02403846153846154
0 0.3137019230769231 0.40024038461538464 0.014423076923076924 0.03125
0 0.3269230769230769 0.4110576923076923 0.016826923076923076 0.03125
0 0.33052884615384615 0.39783653846153844 0.014423076923076924 0.018028846153846152
0 0.35697115384615385 0.4170673076923077 0.021634615384615384 0.03365384615384615
0 0.38461538461538464 0.44591346153846156 0.030048076923076924 0.042067307692307696
0 0.4230769230769231 0.453125 0.037259615384615384 0.052884615384615384
0 0.4987980769230769 0.46274038461538464 0.03365384615384615 0.051682692307692304
0 0.47115384615384615 0.421875 0.020432692307692308 0.03125
0 0.4519230769230769 0.4206730769230769 0.025240384615384616 0.037259615384615384
0 0.44711538461538464 0.3954326923076923 0.018028846153846152 0.021634615384615384
0 0.4170673076923077 0.4050480769230769 0.020432692307692308 0.028846153846153848
0 0.4014423076923077 0.41947115384615385 0.016826923076923076 0.02403846153846154
0 0.38822115384615385 0.41225961538461536 0.020432692307692308 0.03365384615384615
0 0.37259615384615385 0.39302884615384615 0.018028846153846152 0.026442307692307692
0 0.4699519230769231 0.39663461538461536 0.013221153846153846 0.02403846153846154
0 0.48197115384615385 0.3954326923076923 0.014423076923076924 0.021634615384615384
0 0.5036057692307693 0.41346153846153844 0.021634615384615384 0.036057692307692304
0 0.5504807692307693 0.4326923076923077 0.028846153846153848 0.042067307692307696
0 0.5697115384615384 0.4579326923076923 0.03365384615384615 0.052884615384615384
0 0.5877403846153846 0.5240384615384616 0.05889423076923077 0.08413461538461539
0 0.5336538461538461 0.4014423076923077 0.013221153846153846 0.020432692307692308
0 0.5528846153846154 0.39783653846153844 0.013221153846153846 0.018028846153846152
0 0.5637019230769231 0.40384615384615385 0.013221153846153846 0.021634615384615384
0 0.5757211538461539 0.4170673076923077 0.018028846153846152 0.028846153846153848
0 0.5805288461538461 0.4014423076923077 0.016826923076923076 0.02403846153846154
0 0.5997596153846154 0.4182692307692308 0.020432692307692308 0.03125
0 0.5997596153846154 0.39903846153846156 0.013221153846153846 0.02403846153846154
0 0.6262019230769231 0.4098557692307692 0.016826923076923076 0.028846153846153848
0 0.6346153846153846 0.4338942307692308 0.030048076923076924 0.042067307692307696
0 0.6754807692307693 0.49038461538461536 0.04447115384615385 0.06009615384615385
0 0.7548076923076923 0.46634615384615385 0.046875 0.0625
0 0.8040865384615384 0.4483173076923077 0.025240384615384616 0.039663461538461536
0 0.8269230769230769 0.42908653846153844 0.021634615384615384 0.03125
0 0.8353365384615384 0.4074519230769231 0.014423076923076924 0.028846153846153848
0 0.8497596153846154 0.41346153846153844 0.016826923076923076 0.026442307692307692
0 0.875 0.4098557692307692 0.02283653846153846 0.03365384615384615
0 0.8894230769230769 0.41586538461538464 0.016826923076923076 0.026442307692307692
0 0.9086538461538461 0.4098557692307692 0.014423076923076924 0.028846153846153848
0 0.9278846153846154 0.41225961538461536 0.018028846153846152 0.028846153846153848
0 0.9495192307692307 0.41346153846153844 0.018028846153846152 0.026442307692307692
0 0.7283653846153846 0.4326923076923077 0.020432692307692308 0.03365384615384615
0 0.6887019230769231 0.41586538461538464 0.021634615384615384 0.039663461538461536
0 0.6598557692307693 0.4266826923076923 0.020432692307692308 0.039663461538461536
0 0.6550480769230769 0.39783653846153844 0.016826923076923076 0.026442307692307692
0 0.6742788461538461 0.40625 0.014423076923076924 0.026442307692307692
0 0.6225961538461539 0.3918269230769231 0.01201923076923077 0.020432692307692308
0 0.7019230769230769 0.39903846153846156 0.016826923076923076 0.028846153846153848
0 0.71875 0.40384615384615385 0.013221153846153846 0.015625
0 0.7331730769230769 0.40024038461538464 0.013221153846153846 0.026442307692307692
0 0.7512019230769231 0.4014423076923077 0.014423076923076924 0.02403846153846154
0 0.7752403846153846 0.4206730769230769 0.014423076923076924 0.028846153846153848
0 0.7884615384615384 0.4098557692307692 0.016826923076923076 0.028846153846153848