0 0.1310096153846154 0.3004807692307692 0.2620192307692308 0.15865384615384615
0 0.3770386069205104 0.21205463293213472 0.2085486313137455 0.2866820918393097
0 0.46634615384615385 0.125 0.1778846153846154 0.25
0 0.5576923076923077 0.051682692307692304 0.12980769230769232 0.10336538461538461
0 0.24519230769230768 0.025240384615384616 0.125 0.05048076923076923
0 0.7079326923076923 0.015625 0.06971153846153846 0.03125
0 0.8149038461538461 0.32091346153846156 0.14423076923076922 0.11778846153846154
0 0.8437218051581883 0.28940012927626124 0.07545187035160913 0.10139821983021126
0 0.9555588010890291 0.3155404090069413 0.07855575697985383 0.1135153998243566
0 0.7223557692307693 0.35216346153846156 0.11778846153846154 0.055288461538461536
0 0.05717408451841672 0.8910616813686728 0.09197506869788236 0.13804360748739042
0 0.23790627888240762 0.8648519763083248 0.17223463135718367 0.23963772576743053
0 0.49919102794113485 0.8011561348921407 0.19242174871122109 0.29801567803413936
0 0.5865384615384616 0.7836538461538461 0.125 0.23557692307692307
0 0.6850961538461539 0.8016826923076923 0.07211538461538461 0.13221153846153846
0 0.9050480769230769 0.6069711538461539 0.18990384615384615 0.3389423076923077