0 0.019230769230769232 0.7632211538461539 0.038461538461538464 0.06009615384615385
0 0.03959059065758593 0.7950911063910057 0.06183060819476506 0.07556821303655152
0 0.05404063771175259 0.74488307254974 0.039580541267094066 0.048748271728008365
0 0.1433466213158658 0.7620605663053747 0.0370647948326923 0.043898620129623166
0 0.16338866758066287 0.7972520098616864 0.04455608399561966 0.05604372877093247
0 0.13350944601746845 0.8556007698519105 0.07636558539839747 0.0806276610884009
0 0.23665203501079116 0.8994513473986635 0.07200549421292748 0.09977451173778434
0 0.2583415955966351 0.8505711145063992 0.06686210106356846 0.08526751623332192
0 0.2857610208657056 0.7897765490716362 0.04718373071057705 0.06570107267700998
0 0.3409385870626607 0.837595633112225 0.05221522357938058 0.07540037587378023
0 0.3373318128928423 0.7858709815138398 0.03203330196388903 0.034199316932853045
0 0.4400278057029918 0.8621525024921695 0.07938488309529937 0.10711192807140134
0 0.37557156067136815 0.8802503708742323 0.05719076630790618 0.08269583291670447
0 0.36658653846153844 0.9579326923076923 0.12740384615384615 0.08413461538461539
0 0.5324519230769231 0.8713942307692307 0.05048076923076923 0.06971153846153846
0 0.5504807692307693 0.9122596153846154 0.014423076923076924 0.06971153846153846
0 0.5408653846153846 0.8209134615384616 0.03365384615384615 0.040865384615384616
0 0.30389975742200903 0.691575510734833 0.029741356090598223 0.03896504994985246
0 0.5757211538461539 0.6526442307692307 0.036057692307692304 0.05048076923076923
0 0.635910277354167 0.6781539972507555 0.039692441547649615 0.05355596403570067
0 0.6653439076732375 0.7038978933544542 0.0495875768644232 0.06574303196770273
0 0.5901442307692307 0.7536057692307693 0.06490384615384616 0.0889423076923077
0 0.6544746695968489 0.9079520810418737 0.1191892249235044 0.16547558441479446
0 0.6973741948199789 0.5831120723002694 0.04483583469700857 0.06806295954016324
0 0.7117713065510153 0.6854853302921952 0.037176695113247914 0.04870631243731548
0 0.7608553321529384 0.7295937468752824 0.054563119592948794 0.07303848901062683
0 0.7806445978474362 0.7023061700769408 0.039972192249038585 0.06557519480493144
0 0.8501613157570518 0.7467712406309173 0.054283368891559894 0.06101925824139606
0 0.8504400615193914 0.7071287587378021 0.03466094867884614 0.04385666083893041
0 0.9250711925691777 0.7132371890569722 0.03248090308611122 0.05343008616362214
0 0.9076598078364856 0.8426882273937755 0.08687617225822673 0.11925703671271065
0 0.9891826923076923 0.7872596153846154 0.021634615384615384 0.09375