0 0.04927884615384615 0.44471153846153844 0.057692307692307696 0.09735576923076923
0 0.18269230769230768 0.43028846153846156 0.04567307692307692 0.07572115384615384
0 0.15144230769230768 0.34375 0.028846153846153848 0.0625
0 0.24639423076923078 0.3762019230769231 0.03125 0.0625
0 0.28125 0.3245192307692308 0.026442307692307692 0.054086538461538464
0 0.30408653846153844 0.39663461538461536 0.030048076923076924 0.0625
0 0.3713942307692308 0.4543269230769231 0.05048076923076923 0.10096153846153846
0 0.3858173076923077 0.3713942307692308 0.02403846153846154 0.0625
0 0.4110576923076923 0.3858173076923077 0.03125 0.05048076923076923
0 0.4519230769230769 0.33653846153846156 0.02283653846153846 0.056490384615384616
0 0.5024038461538461 0.234375 0.025240384615384616 0.046875
0 0.5504807692307693 0.43990384615384615 0.04447115384615385 0.09495192307692307
0 0.6177884615384616 0.3605769230769231 0.039663461538461536 0.078125
0 0.7944711538461539 0.5204326923076923 0.0673076923076923 0.14783653846153846