0 0.062482373878016764 0.5410355721384336 0.05190738511432545 0.08437635424265352
0 0.055729657845285274 0.7211350633189034 0.07438118631279741 0.13358709946752695
0 0.16588090472310257 0.6823960103318321 0.08201231768126423 0.15800350172197197
0 0.25681354895450553 0.7797943264433636 0.118447643605192 0.1815278206865048
0 0.25585729832956206 0.6967356538970102 0.05447906843094303 0.0941177190966993
0 0.3716466102679367 0.7485187723951531 0.10605077921972576 0.1592633041085836
0 0.36626030095153644 0.643573523986862 0.05932872002932809 0.09677352572786765
0 0.40896308129641396 0.678293091359686 0.05983223151764223 0.12561967957402162
0 0.4649019118406144 0.643931021464277 0.042459837661712255 0.09348781790339349
0 0.4358669411863427 0.6532365662926509 0.047267529969404296 0.09373977838071582
0 0.5105330294729986 0.6487284921526852 0.05447906843094275 0.0941177190966993
0 0.5216346153846154 0.6887019230769231 0.052884615384615384 0.11298076923076923
0 0.5240384615384616 0.8605769230769231 0.04807692307692308 0.27403846153846156
1 0.8545673076923077 0.4375 0.16105769230769232 0.07692307692307693