0 0.036057692307692304 0.359375 0.07211538461538461 0.12740384615384615
0 0.26297230200858973 0.39219643217601347 0.13773717603567967 0.19683275928020988
0 0.35547254471516543 0.3477457215684279 0.08763185435559087 0.12460161604544827
0 0.2549491724023979 0.17300039053105726 0.04756158596740366 0.06729747068840826
0 0.5048076923076923 0.3942307692307692 0.1875 0.27884615384615385
0 0.4456167754843963 0.34302146261863453 0.11766706945187622 0.1669787635247667
0 0.5576625389291289 0.2867456024094521 0.06268411068467554 0.09209181365883665
0 0.5793269230769231 0.2548076923076923 0.038461538461538464 0.10096153846153846
0 0.6790865384615384 0.4879807692307692 0.16105769230769232 0.18269230769230768
0 0.7156981533591243 0.17703341857183982 0.07334866699135298 0.12865342692117354
0 0.8803837254605043 0.12639945465057348 0.09631223318493909 0.17546032599220085
0 0.9831730769230769 0.1971153846153846 0.03365384615384615 0.27884615384615385
0 0.200636324685145 0.7522813163212015 0.07589240270403809 0.13358709946752706
0 0.2148459541792989 0.6351278667856879 0.05554251700255671 0.0941177190966993
0 0.293801042796206 0.6849940672520776 0.05836603183291991 0.10866677625843739
0 0.2786692693428071 0.7925951222915373 0.06324366892003178 0.11132258288960586
0 0.3420821645659253 0.8816787426514323 0.08613729033419823 0.15572563580678697
0 0.5381483774900173 0.9074060553889098 0.09383844225167337 0.17293049959969353
0 0.5456730769230769 0.6418269230769231 0.10576923076923077 0.125
0 0.29927884615384615 0.6117788461538461 0.06490384615384616 0.06490384615384616
0 0.7432925273570561 0.7965618394057382 0.10613745213858213 0.18317578540838397
0 0.9242788461538461 0.8016826923076923 0.15144230769230768 0.2620192307692308