1 0.20673076923076922 0.11899038461538461 0.36538461538461536 0.23798076923076922
0 0.40024038461538464 0.7908653846153846 0.021634615384615384 0.09134615384615384
0 0.415131626549825 0.7761941072547611 0.04415204149446394 0.07262597957324382
0 0.4833469055706684 0.7849912247157552 0.0547485473224218 0.08537382062040094
0 0.5076799018389848 0.8424655170879958 0.07152631515567484 0.11531288988344429
0 0.558012808606578 0.6406887299838147 0.03257441445393256 0.04785890775685581
0 0.5800158899526363 0.8007818653182207 0.06294120699653363 0.09793950909807646
0 0.7103389188545333 0.878381177801622 0.07653023170588168 0.11808104117625334
0 0.709014107668435 0.8057193354777927 0.05916379114508475 0.08093043345167181
0 0.680413134942383 0.770899428997609 0.048763509559641566 0.07058643855836085
0 0.7596911011417189 0.8071406932830596 0.05656372074872378 0.07834443472834379
0 0.7572135221223675 0.7634160810901248 0.04856728531712689 0.06818259240451469
0 0.9015180242186419 0.8178876948824725 0.0521484769260611 0.0827878218970732
0 0.93904779507736 0.9211082090872378 0.08854946247511244 0.118991804023661