0 0.24862543847198282 0.25059223046516294 0.2964076284529681 0.4072278135136976
0 0.3894230769230769 0.1935096153846154 0.10096153846153846 0.35336538461538464
0 0.4483173076923077 0.4579326923076923 0.016826923076923076 0.036057692307692304
0 0.482043101416913 0.4458638013062205 0.028993222844998348 0.0327900890436775
0 0.5116497729773732 0.41289814135632813 0.024381754779820717 0.03491391900776405
0 0.6426348107401536 0.4348816554029125 0.02418553053730604 0.032510072853917896
0 0.6977270480361005 0.43569799543130106 0.024381754779820852 0.03491391900776405
0 0.8762019230769231 0.5180288461538461 0.036057692307692304 0.040865384615384616
0 0.8538787375487602 0.5022108131010341 0.032378190211417746 0.04494932790778787
0 0.11057692307692307 0.6610576923076923 0.22115384615384615 0.24519230769230768
0 0.2668269230769231 0.6911057692307693 0.28365384615384615 0.30528846153846156
0 0.36658653846153844 0.71875 0.1466346153846154 0.3605769230769231
0 0.46153846153846156 0.8473557692307693 0.04326923076923077 0.11778846153846154
0 0.49967910235356394 0.8303402994019558 0.07294904009694761 0.10233791086944613
0 0.8001606650486648 0.6133844529440418 0.054552323079907254 0.08212708497451847
0 0.984375 0.8822115384615384 0.03125 0.10576923076923077