0 0.040865384615384616 0.6430288461538461 0.078125 0.1201923076923077
0 0.11177884615384616 0.6021634615384616 0.06009615384615385 0.0985576923076923
0 0.15144230769230768 0.45913461538461536 0.038461538461538464 0.04807692307692308
0 0.1201923076923077 0.4699519230769231 0.02403846153846154 0.04447115384615385
0 0.1971153846153846 0.4831730769230769 0.021634615384615384 0.04807692307692308
0 0.2283653846153846 0.49158653846153844 0.03245192307692308 0.056490384615384616
0 0.2536057692307692 0.6045673076923077 0.06850961538461539 0.11658653846153846
0 0.15745192307692307 0.5408653846153846 0.04807692307692308 0.06009615384615385
0 0.2800480769230769 0.4879807692307692 0.03245192307692308 0.05048076923076923
0 0.28846153846153844 0.45552884615384615 0.026442307692307692 0.038461538461538464
0 0.3317307692307692 0.4326923076923077 0.020432692307692308 0.030048076923076924
0 0.31850961538461536 0.4807692307692308 0.026442307692307692 0.042067307692307696
0 0.3425480769230769 0.5372596153846154 0.051682692307692304 0.07211538461538461
0 0.40024038461538464 0.5144230769230769 0.039663461538461536 0.05048076923076923
0 0.4362980769230769 0.5108173076923077 0.04447115384615385 0.07211538461538461
0 0.421875 0.46153846153846156 0.02403846153846154 0.03245192307692308
0 0.48677884615384615 0.47716346153846156 0.03365384615384615 0.054086538461538464
0 0.5168269230769231 0.4699519230769231 0.026442307692307692 0.05048076923076923
0 0.4963942307692308 0.43990384615384615 0.015625 0.03245192307692308
0 0.5300480769230769 0.43990384615384615 0.02403846153846154 0.038461538461538464
0 0.5528846153846154 0.47115384615384615 0.03365384615384615 0.054086538461538464
0 0.6550480769230769 0.44471153846153844 0.030048076923076924 0.042067307692307696
0 0.5420673076923077 0.6935096153846154 0.09254807692307693 0.19230769230769232
0 0.6069711538461539 0.6887019230769231 0.078125 0.140625
0 0.7115384615384616 0.5168269230769231 0.08173076923076923 0.15625
0 0.7644230769230769 0.5 0.04447115384615385 0.08653846153846154
0 0.7908653846153846 0.46274038461538464 0.042067307692307696 0.06610576923076923
0 0.8317307692307693 0.6153846153846154 0.07211538461538461 0.14423076923076922
0 0.8509615384615384 0.7716346153846154 0.12620192307692307 0.20432692307692307
0 0.8713942307692307 0.5408653846153846 0.06610576923076923 0.09615384615384616
0 0.8737980769230769 0.4567307692307692 0.036057692307692304 0.054086538461538464
0 0.8353365384615384 0.4795673076923077 0.030048076923076924 0.056490384615384616