1 0.35336538461538464 0.234375 0.19230769230769232 0.46875
1 0.636275137938743 0.12610480278608022 0.08448351404658443 0.13608686806816175
1 0.7339809274067116 0.11214810557962072 0.07402808086192113 0.12087889417502612
1 0.4807692307692308 0.07091346153846154 0.0625 0.14182692307692307
1 0.8581290245669879 0.09603294170549985 0.07925579745425278 0.12848288112159392
1 0.5321278545310746 0.1274290188739299 0.06810032379519072 0.10125567645922753
1 0.9345620731579858 0.09816722748349195 0.05806491489516684 0.09325924102763043
1 0.8143697654656781 0.10797843960922546 0.041658016102883104 0.09909720979156617
1 0.6802884615384616 0.6754807692307693 0.16826923076923078 0.21153846153846154
1 0.7296525307358839 0.8411273356426332 0.08971123063891594 0.1436908550147295
1 0.7123011380907769 0.9131200305149252 0.05736487442076802 0.08124001025839966