1 0.051682692307692304 0.21226026431836933 0.10096153846153846 0.14348914013118688
1 0.3942307692307692 0.320750204049182 0.07932692307692307 0.11806426944373473
1 0.18389423076923078 0.29765584159638875 0.07211538461538461 0.11039059459919952
1 0.12259615384615384 0.26968922080245383 0.05048076923076923 0.09458110852713184
1 0.34975961538461536 0.3251119014822398 0.036057692307692304 0.0672145280688304
0 0.5745192307692307 0.23798076923076922 0.03365384615384615 0.19230769230769232
0 0.5961538461538461 0.2439903846153846 0.07692307692307693 0.15625
0 0.6237980769230769 0.3691246037567089 0.0625 0.10015902813981917
0 0.7199519230769231 0.39692103758128255 0.0625 0.09775518198597301
0 0.7728365384615384 0.31497349926172113 0.10336538461538461 0.1532585702075705
0 0.8185096153846154 0.3215061322514705 0.11298076923076923 0.1779132135900278
0 0.9290865384615384 0.07211538461538461 0.0985576923076923 0.14423076923076922
0 0.9447115384615384 0.35336538461538464 0.11057692307692307 0.25961538461538464
0 0.018028846153846152 0.6201923076923077 0.036057692307692304 0.20673076923076922
0 0.2932692307692308 0.7818855680211277 0.0889423076923077 0.142718912826192
0 0.34375 0.8464185996251827 0.10096153846153846 0.1531045247465715
0 0.47475961538461536 0.9519230769230769 0.1658653846153846 0.09615384615384616
0 0.515625 0.8846153846153846 0.08413461538461539 0.1346153846153846
0 0.0673076923076923 0.8275014485333797 0.09615384615384616 0.143181049209189
1 0.9483173076923077 0.6887019230769231 0.10336538461538461 0.4014423076923077
1 0.7524038461538461 0.6358173076923077 0.38461538461538464 0.2956730769230769