0 0.05889423076923077 0.4026442307692308 0.11778846153846154 0.21875
0 0.13701923076923078 0.44591346153846156 0.09615384615384616 0.1658653846153846
0 0.23918269230769232 0.4387019230769231 0.21875 0.18028846153846154
0 0.45552884615384615 0.4567307692307692 0.11778846153846154 0.14423076923076922
0 0.5252403846153846 0.46634615384615385 0.12740384615384615 0.125
0 0.7097301034985357 0.2521097325431807 0.2197866215785995 0.30827380546225613
0 0.7536057692307693 0.0733173076923077 0.14182692307692307 0.1466346153846154
0 0.65625 0.042067307692307696 0.1346153846153846 0.08413461538461539
0 0.9206730769230769 0.030048076923076924 0.11538461538461539 0.06009615384615385
0 0.9278846153846154 0.14182692307692307 0.14423076923076922 0.25961538461538464
0 0.09375 0.6153846153846154 0.1875 0.17307692307692307
0 0.26322115384615385 0.5661057692307693 0.17548076923076922 0.07451923076923077
0 0.5480769230769231 0.578125 0.08173076923076923 0.0985576923076923
0 0.7235576923076923 0.7872596153846154 0.2692307692307692 0.4254807692307692
0 0.9323113271189538 0.691032400457638 0.05914681437594337 0.12836019427711448