0 0.03206351659905074 0.425780648983638 0.05518738157312089 0.06760138083180295
0 0.11223090616567949 0.4373383692149804 0.04489962376597175 0.05793005554515919
0 0.12340967044520458 0.42524921260667564 0.0344437726608815 0.04585488410466928
0 0.22378288236394908 0.41624837401999265 0.03975574486239722 0.05309439290183731
0 0.2762472645037116 0.40993108494345176 0.03220801980497639 0.04824474509070065
0 0.31789433895116653 0.4036767291220774 0.03992383816033833 0.05549823905568347
0 0.34707667939320264 0.4083165994159922 0.03187183320909416 0.04343705278300834
0 0.3582554436727277 0.39622744280768746 0.03203992650703542 0.045840898936854356
0 0.40289469081682266 0.39837256335695986 0.02896370716142453 0.036211529153655095
0 0.43791855334553303 0.40057362457749146 0.0263917677096374 0.03379369783199401
0 0.44814753449504685 0.3920972297838633 0.021752168699886207 0.0361695736502106
0 0.48934910570631374 0.3966671742387041 0.03119946001732971 0.03382166816762373
0 0.49409802135637054 0.3786033651653209 0.021584075401945093 0.033765727496364445
0 0.5240367816391417 0.39406054315154343 0.026223674411696152 0.031389851678148
0 0.5540865384615384 0.390625 0.03125 0.036057692307692304
0 0.6911057692307693 0.4050480769230769 0.11298076923076923 0.12740384615384615
0 0.7157144040627748 0.22135502837686186 0.040428118054161674 0.06270977751722193
0 0.037259615384615384 0.7956730769230769 0.07451923076923077 0.12980769230769232
0 0.1481205051754307 0.7874747827754459 0.08566392841601565 0.12544752537007342
0 0.22157239949937926 0.7545823269123567 0.06922373191764522 0.09651746051703086
0 0.2406015687659071 0.7171968450174082 0.061339820264342176 0.08686012039820189
0 0.3006389459544255 0.6988113770842846 0.061339820264342176 0.08686012039820189
0 0.34952282885475405 0.6756811500986355 0.05686831455253209 0.09163984237026462
0 0.5480769230769231 0.7740384615384616 0.04326923076923077 0.15384615384615385
0 0.5540865384615384 0.6923076923076923 0.03125 0.11057692307692307