0 0.08173076923076923 0.5372596153846154 0.0889423076923077 0.125
0 0.037259615384615384 0.6141826923076923 0.06971153846153846 0.16706730769230768
0 0.08173076923076923 0.39302884615384615 0.036057692307692304 0.06971153846153846
0 0.1310096153846154 0.2932692307692308 0.02403846153846154 0.055288461538461536
0 0.12379807692307693 0.4206730769230769 0.038461538461538464 0.07091346153846154
0 0.23798076923076922 0.4579326923076923 0.06850961538461539 0.12139423076923077
0 0.2283653846153846 0.3786057692307692 0.03125 0.04927884615384615
0 0.2848557692307692 0.41947115384615385 0.03485576923076923 0.07451923076923077
0 0.2776442307692308 0.7331730769230769 0.16947115384615385 0.2800480769230769
0 0.36538461538461536 0.4579326923076923 0.056490384615384616 0.08774038461538461
0 0.42908653846153844 0.3858173076923077 0.02403846153846154 0.042067307692307696
0 0.46875 0.37740384615384615 0.020432692307692308 0.038461538461538464
0 0.5096153846153846 0.3786057692307692 0.020432692307692308 0.04447115384615385
0 0.5024038461538461 0.4795673076923077 0.07451923076923077 0.13221153846153846
0 0.5420673076923077 0.39302884615384615 0.020432692307692308 0.042067307692307696
0 0.5480769230769231 0.36538461538461536 0.020432692307692308 0.04447115384615385
0 0.6153846153846154 0.4699519230769231 0.07091346153846154 0.1201923076923077
0 0.6971153846153846 0.25240384615384615 0.055288461538461536 0.10216346153846154
0 0.9242788461538461 0.625 0.13221153846153846 0.24759615384615385
0 0.8966346153846154 0.4855769230769231 0.09975961538461539 0.1658653846153846