0 0.45125868766919874 0.29871653634288337 0.152913394412919 0.2058963202848746
0 0.49543570351766353 0.23219393937133256 0.0827606489548469 0.10704448997949328
0 0.578125 0.2692307692307692 0.040865384615384616 0.1201923076923077
0 0.34894795876580975 0.3348965216615022 0.1265202419642815 0.17508792401357398
0 0.2668269230769231 0.43149038461538464 0.18269230769230768 0.21394230769230768
0 0.12703379326373998 0.32881257831313293 0.1460943044364099 0.210115339865023
0 0.055288461538461536 0.3293269230769231 0.11057692307692307 0.13942307692307693
0 0.04567307692307692 0.23918269230769232 0.09134615384615384 0.12740384615384615
0 0.16058992402849462 0.2062901573324843 0.09316093054029022 0.11744477156493661
0 0.860967982999372 0.29113772211639927 0.09036463590141472 0.11244085501472949
0 0.7154859370819268 0.39133834613146534 0.04817483683209754 0.06362819021141802
0 0.6920361482710093 0.4005121270181506 0.04115952261307362 0.06544336363772
0 0.6713826540989672 0.41429737597001337 0.06397148345277706 0.08163245874342902
0 0.10753366202319957 0.8062707729475324 0.1564945860218532 0.22051562145046633
0 0.2692307692307692 0.5625 0.1346153846153846 0.04807692307692308
0 0.34970887321228206 0.7937617750363464 0.11788597856147011 0.1863222578127462
0 0.5192307692307693 0.8425480769230769 0.15865384615384615 0.2668269230769231
0 0.6454326923076923 0.8641826923076923 0.09375 0.27163461538461536
0 0.8704361002498293 0.7815457249263523 0.12274282611283259 0.15806477669413638
0 0.8599628792632124 0.5791320873969886 0.04518231795070736 0.056220427507364744
0 0.7954756624840649 0.693290003716763 0.058771342660055396 0.07643231795070736
0 0.7122977890562706 0.6674115927640814 0.055582599536150676 0.06662070909280807
0 0.6117788461538461 0.6622596153846154 0.026442307692307692 0.07451923076923077
0 0.9783653846153846 0.7019230769230769 0.04326923076923077 0.0625