0 0.06610576923076923 0.22956730769230768 0.13221153846153846 0.21875
0 0.16254141705709133 0.1984072625370195 0.10770196093939419 0.15144431757040605
0 0.2826987523596892 0.20000284647398545 0.14014102218952582 0.19303705400940174
0 0.4338942307692308 0.2620192307692308 0.21394230769230768 0.15384615384615385
0 0.46070114674022544 0.16691151654006461 0.09526306149364618 0.1367414899459402
0 0.6370192307692307 0.16947115384615385 0.1778846153846154 0.3389423076923077
0 0.6490384615384616 0.07932692307692307 0.1778846153846154 0.15865384615384615
0 0.8689903846153846 0.09134615384615384 0.15625 0.18269230769230768
0 0.06370192307692307 0.5709134615384616 0.12740384615384615 0.19951923076923078
0 0.16348205848859024 0.5459318871276713 0.15031596504026654 0.2124916238012822
0 0.23677884615384615 0.4519230769230769 0.19951923076923078 0.22596153846153846
0 0.41466346153846156 0.4387019230769231 0.2620192307692308 0.19951923076923078
0 0.6057692307692307 0.7572115384615384 0.11538461538461539 0.3894230769230769
0 0.6334134615384616 0.5805288461538461 0.17067307692307693 0.3293269230769231
0 0.9483173076923077 0.53125 0.10336538461538461 0.24519230769230768