0 0.008413461538461538 0.33413461538461536 0.016826923076923076 0.07211538461538461
0 0.029853670611408926 0.3131027075766114 0.0383898129603671 0.06406745307612628
0 0.05300072008603204 0.36568108735637583 0.04079365911421325 0.06417941401013517
0 0.08075395851529645 0.3526015416414071 0.03598596680652095 0.06395549214211713
0 0.11138435589740373 0.3300745527120672 0.043197505268059405 0.06429137494414419
0 0.15168535142905076 0.34033536966167743 0.04152226939213959 0.07379479862551978
0 0.17894734568402557 0.3523842476280842 0.0365324245149657 0.07116703060365573
0 0.21158142133043023 0.3562995663910521 0.03911842323829344 0.07368283769151077
0 0.2556882700376209 0.3535631513625264 0.0285922757755009 0.06121576318624405
0 0.2820395014451878 0.3535927985597025 0.030813969359865467 0.05892387796640678
0 0.305804734129427 0.3511066386690234 0.04170442196162118 0.07619864477936608
0 0.33843880977583163 0.3550219574319912 0.038207660390885516 0.06166360692228
0 0.3682136578446862 0.3528156998763346 0.0383898129603671 0.06406745307612614
0 0.36437194191855693 0.3969509709204614 0.03802550782140393 0.05925976076843398
0 0.41656380977583163 0.35866068778728405 0.04374396297650417 0.07150291340568266
0 0.4787188554204379 0.4202419809727311 0.038936270668811855 0.07127899153766461
0 0.5260671682194348 0.41286581503752673 0.04134011682265801 0.07139095247167362
1 0.5853365384615384 0.14903846153846154 0.03125 0.1201923076923077
1 0.6862513798385813 0.1437238092493334 0.049462418131604395 0.08374606604293132
1 0.7777796862542168 0.15038217089552192 0.0402472014057685 0.05696787554859671
1 0.8036576048627869 0.1599712222410781 0.0352573565285946 0.05434010752673251
1 0.9831730769230769 0.16346153846153846 0.03365384615384615 0.052884615384615384
1 0.48711296617533 0.8378724072624314 0.08861670412048338 0.12629086466845124
1 0.3456130660785078 0.7881654227876825 0.05740256687106893 0.09369733346034301
1 0.19398860581671856 0.7787080377912687 0.043197505268059405 0.06429137494414419
1 0.1421416923148375 0.7583280120232333 0.03452874625066826 0.044724722911347894
1 0.8413461538461539 0.6177884615384616 0.2403846153846154 0.1971153846153846