0 0.10697115384615384 0.7139423076923077 0.08653846153846154 0.125
0 0.17307692307692307 0.6766826923076923 0.051682692307692304 0.09375
0 0.19591346153846154 0.4735576923076923 0.05889423076923077 0.109375
0 0.41466346153846156 0.7151442307692307 0.078125 0.12740384615384615
0 0.37740384615384615 0.6923076923076923 0.04807692307692308 0.09375
0 0.38100961538461536 0.6394230769230769 0.036057692307692304 0.055288461538461536
0 0.37740384615384615 0.6225961538461539 0.05048076923076923 0.0889423076923077
0 0.5108173076923077 0.7764423076923077 0.10096153846153846 0.171875
0 0.5949519230769231 0.6382211538461539 0.038461538461538464 0.09375
0 0.6262019230769231 0.6454326923076923 0.054086538461538464 0.09375
0 0.6574519230769231 0.6742788461538461 0.05048076923076923 0.0985576923076923
0 0.7019230769230769 0.703125 0.0625 0.1141826923076923
0 0.7295673076923077 0.6286057692307693 0.042067307692307696 0.08052884615384616
0 0.765625 0.703125 0.07572115384615384 0.140625
0 0.8293269230769231 0.7487980769230769 0.08173076923076923 0.17427884615384615
0 0.9146634615384616 0.7740384615384616 0.11298076923076923 0.19230769230769232
0 0.9639423076923077 0.6899038461538461 0.046875 0.0985576923076923
0 0.9242788461538461 0.640625 0.06009615384615385 0.1141826923076923
0 0.8509615384615384 0.6394230769230769 0.055288461538461536 0.09134615384615384
0 0.8040865384615384 0.5132211538461539 0.04447115384615385 0.0829326923076923