0 0.05048076923076923 0.5072115384615384 0.039663461538461536 0.07091346153846154
0 0.14182692307692307 0.5384615384615384 0.046875 0.06850961538461539
0 0.18509615384615385 0.5769230769230769 0.056490384615384616 0.08413461538461539
0 0.2548076923076923 0.5661057692307693 0.06610576923076923 0.09615384615384616
0 0.23677884615384615 0.49399038461538464 0.030048076923076924 0.04927884615384615
0 0.3173076923076923 0.4795673076923077 0.028846153846153848 0.04447115384615385
0 0.390625 0.6237980769230769 0.09495192307692307 0.1814903846153846
0 0.4519230769230769 0.5240384615384616 0.03365384615384615 0.06129807692307692
0 0.4855769230769231 0.5540865384615384 0.05048076923076923 0.06610576923076923
0 0.46274038461538464 0.4879807692307692 0.026442307692307692 0.042067307692307696
0 0.5588942307692307 0.5492788461538461 0.04326923076923077 0.08052884615384616
0 0.5612980769230769 0.5252403846153846 0.037259615384615384 0.06850961538461539
0 0.5865384615384616 0.7463942307692307 0.15384615384615385 0.21634615384615385
0 0.6334134615384616 0.5396634615384616 0.037259615384615384 0.06129807692307692
0 0.6370192307692307 0.5120192307692307 0.025240384615384616 0.046875
0 0.6887019230769231 0.4951923076923077 0.026442307692307692 0.051682692307692304
0 0.7127403846153846 0.5480769230769231 0.03365384615384615 0.0733173076923077
0 0.7271634615384616 0.5264423076923077 0.030048076923076924 0.056490384615384616
0 0.7596153846153846 0.5060096153846154 0.025240384615384616 0.04927884615384615
0 0.8088942307692307 0.5432692307692307 0.030048076923076924 0.054086538461538464
0 0.8185096153846154 0.5204326923076923 0.026442307692307692 0.04927884615384615
0 0.8461538461538461 0.5336538461538461 0.03485576923076923 0.054086538461538464
0 0.8786057692307693 0.546875 0.026442307692307692 0.051682692307692304
0 0.9567307692307693 0.6129807692307693 0.0829326923076923 0.125
0 0.9555288461538461 0.5384615384615384 0.038461538461538464 0.06370192307692307
0 0.9411057692307693 0.8509615384615384 0.11298076923076923 0.2824519230769231