0 0.0890728709559107 0.17246237704822145 0.05072155214961317 0.06518354951014207
0 0.1590782570921925 0.18007948537638901 0.04802385832102367 0.057958025880788765
0 0.1836554393676835 0.1934404909006908 0.04071437063457078 0.055512224223498254
0 0.2221924848196289 0.1660270154004042 0.040420522959827426 0.04830068576195979
0 0.2594031255917871 0.16504186242461044 0.03561283065213512 0.04827271542633022
0 0.05048076923076923 0.4963942307692308 0.10096153846153846 0.10336538461538461
0 0.29927884615384615 0.5120192307692307 0.11778846153846154 0.07211538461538461
0 0.38341346153846156 0.4338942307692308 0.0889423076923077 0.10817307692307693
0 0.3942307692307692 0.3605769230769231 0.0673076923076923 0.09615384615384616
0 0.34951264369618384 0.3121659586827437 0.07794745364123656 0.08456815558687417
0 0.4098557692307692 0.20192307692307693 0.036057692307692304 0.07211538461538461
0 0.538008496519097 0.1046380348865311 0.07372745668303082 0.09896326217432137
0 0.5752640217602701 0.16373505058907642 0.08353873974824436 0.1038268951532729
0 0.6673978595491818 0.12461701059539194 0.10472849347730263 0.15201569957271432
0 0.7154258080136475 0.12369479087476479 0.0891300258552523 0.1230856347196717
0 0.8381872377882384 0.21693513360467417 0.1698200577940934 0.2749614826142381
0 0.9302884615384616 0.3317307692307692 0.13942307692307693 0.3269230769230769
1 0.3057454865154964 0.9566904164376238 0.04802385832102374 0.057958025880788765
1 0.13466226060169634 0.857160754966803 0.05341924597820275 0.07240907313949527
1 0.2888287945005433 0.836428182906242 0.03840847370563912 0.05790208520952962
0 0.4675480769230769 0.9182692307692307 0.07932692307692307 0.12980769230769232
0 0.6253141912831054 0.9449089335212444 0.07853514899072313 0.0989912325099511
0 0.7608173076923077 0.9591346153846154 0.09375 0.08173076923076923
0 0.8834134615384616 0.9759615384615384 0.0889423076923077 0.04807692307692308