0 0.5817305910818169 0.035261089539077486 0.0343849061522523 0.06785316308669906
0 0.6069711538461539 0.02403846153846154 0.036057692307692304 0.04807692307692308
0 0.6358173076923077 0.01201923076923077 0.026442307692307692 0.02403846153846154
0 0.6629575361095456 0.04465178134782896 0.03874475472390852 0.058321697052700086
0 0.6766826923076923 0.007211538461538462 0.026442307692307692 0.014423076923076924
0 0.7279996764672293 0.06633443931531459 0.04148448367978174 0.06557519480493144
0 0.7690330024836274 0.06201536214276725 0.05691520900893984 0.08746156593370376
0 0.7001841903696374 0.12206347340605078 0.06535831774457754 0.11402975149808998
0 0.8807492403157737 0.16454764423647264 0.11383041801787969 0.17492313186740766
0 0.9508559559736915 0.1032766302509195 0.07223397340408866 0.10694409090863005
1 0.177130357894776 0.6017627422626144 0.09101689889882181 0.09766438061878802
1 0.890625 0.49038461538461536 0.0889423076923077 0.08173076923076923