0 0.04927884615384615 0.030048076923076924 0.07932692307692307 0.06009615384615385
0 0.10216346153846154 0.025240384615384616 0.04567307692307692 0.05048076923076923
0 0.14018498319996375 0.03332679742049731 0.04297469603937588 0.05551222422349839
0 0.19230769230769232 0.014423076923076924 0.08173076923076923 0.028846153846153848
0 0.21995192307692307 0.027644230769230768 0.036057692307692304 0.055288461538461536
0 0.24095029741898755 0.03631802062256489 0.04895973380215624 0.06996327148220474
0 0.328125 0.037259615384615384 0.06490384615384616 0.07451923076923077
0 0.40384615384615385 0.02403846153846154 0.052884615384615384 0.04807692307692308
0 0.47836538461538464 0.042067307692307696 0.052884615384615384 0.08413461538461539
0 0.08533653846153846 0.9735576923076923 0.15625 0.052884615384615384
0 0.12043907574107278 0.7450113018658647 0.048763509559641496 0.0675594253283586
0 0.16392891000857038 0.6983670571348088 0.027570497903725573 0.04340908244737863
0 0.2105587288884685 0.7311056761519352 0.03257441445393256 0.045840898936854495
0 0.2128153076773872 0.7034614453827045 0.02678560093366687 0.03379369783199401
0 0.2657490783056727 0.7326292580885987 0.033163087181476585 0.05305243739839295
0 0.24767167200640514 0.8804308336306002 0.09232687832656133 0.13028318801339545
0 0.3041127030120367 0.7929771449554188 0.058771342660055535 0.07242305830731019
0 0.3549611447399173 0.7151108705599926 0.02776672214624025 0.04581292860122492
0 0.3706596792393396 0.6995697815668814 0.02237035711100405 0.03857341980405675
0 0.49806392212535155 0.8181553976707863 0.06475638042283577 0.08687410556601668
0 0.5572764717819407 0.6525557312438828 0.04155197109810297 0.06751746982491423
0 0.6212733263208844 0.8260871722747869 0.07113386667064549 0.10613284513241548
0 0.6430288461538461 0.9314903846153846 0.06971153846153846 0.13701923076923078
0 0.7091346153846154 0.5132211538461539 0.0625 0.11298076923076923
0 0.8308003901905292 0.6841343826875306 0.10037246900182868 0.11110835945388536
0 0.9651442307692307 0.7007211538461539 0.06971153846153846 0.13701923076923078
0 0.9819711538461539 0.6538461538461539 0.036057692307692304 0.13942307692307693