1 0.06009615384615385 0.15144230769230768 0.1201923076923077 0.20192307692307693
1 0.4230769230769231 0.36538461538461536 0.028846153846153848 0.0673076923076923
1 0.44415435852459484 0.44338290254860213 0.061316429014142276 0.0896136184693703
1 0.5327273115517522 0.4627946430495118 0.05341924597820268 0.07270278154531422
1 0.4857849848482297 0.3731538953630779 0.04390181058773256 0.07499474256965016
1 0.5480625540204511 0.3964790892009105 0.04370591213790357 0.07018705026195786
1 0.6209839746696588 0.4449327825246172 0.043901810587732425 0.07499474256965016
1 0.6830656453920513 0.46345028405475747 0.0615123274639712 0.0944213107770626
1 0.8864253466501565 0.2602676573593742 0.049101299795082716 0.08466606974979002
1 0.4519230769230769 0.6478365384615384 0.08653846153846154 0.06009615384615385
1 0.5360576923076923 0.6346153846153846 0.09134615384615384 0.03365384615384615
1 0.6959134615384616 0.6478365384615384 0.11778846153846154 0.06009615384615385
1 0.8798076923076923 0.6430288461538461 0.07692307692307693 0.05048076923076923
1 0.8449519230769231 0.6418269230769231 0.05048076923076923 0.04807692307692308