0 0.6996007377106713 0.24013903753234772 0.0993128913696913 0.13785288625079362
0 0.6983173076923077 0.28966346153846156 0.13701923076923078 0.0985576923076923
0 0.6807335828430868 0.1760692435922303 0.07509262264963742 0.10464064382564714
0 0.6702728969300563 0.11388815757783742 0.06298948087351788 0.08923644568999684
0 0.7670482816965116 0.221594854784297 0.09225518975411563 0.16370652121555743
0 0.785433749629635 0.16176845968008008 0.07758037981037234 0.1192599449912386
0 0.7423253482902745 0.13059219254558518 0.06307339188040664 0.10365952261307375
0 0.8337344353915948 0.12723140606883493 0.04858038911825579 0.09046294638875493
0 0.8743900424897575 0.16662491049927666 0.0678391286846546 0.09684043263656451
0 0.9182692307692307 0.25961538461538464 0.10096153846153846 0.15865384615384615
0 0.8985893334580891 0.14094292215519258 0.04613458746096521 0.08305518368470179
0 0.9252554038354337 0.1046398503613155 0.0412849396498285 0.07545119673813397
0 0.9492449172865434 0.11501555432492373 0.05092829460084266 0.081043786015885
0 0.9747596153846154 0.18028846153846154 0.05048076923076923 0.11538461538461539
0 0.9795673076923077 0.09975961538461539 0.040865384615384616 0.07451923076923077
0 0.04326923076923077 0.38221153846153844 0.08653846153846154 0.08653846153846154
0 0.3870192307692308 0.4050480769230769 0.16346153846153846 0.13221153846153846
0 0.9002403846153846 0.9230769230769231 0.1658653846153846 0.15384615384615385
0 0.7124870488844195 0.7839969410291225 0.1284946892434003 0.19789988485327742
0 0.6442307692307693 0.5336538461538461 0.028846153846153848 0.08653846153846154
0 0.6670944766727879 0.5253628759923941 0.05094227976865751 0.08344763216973114
0 0.6935088140294658 0.5323290349677477 0.043800667146193045 0.09487819021141788
0 0.728308642588976 0.5447896710995951 0.05573598690853503 0.08143623450091433
0 0.7694467379767491 0.5012504832223444 0.05573598690853503 0.08143623450091433
0 0.7857841801801543 0.5867586683045626 0.06307339188040664 0.10365952261307375
0 0.8089004219979887 0.5405458755315288 0.04366081546804505 0.07083972867295635
0 0.8482142543410803 0.6038797293791748 0.05826569957271433 0.1032670741280444
0 0.9368908438449068 0.6568131032752944 0.07762233531381678 0.12647148345277706
0 0.921636450791999 0.591835722622026 0.05327620008342967 0.07162462564301506
0 0.917080491504973 0.5481740433677659 0.05085836876176873 0.06902455524665421
0 0.8981084478787775 0.5021330955814947 0.04600872095063206 0.0614205683000864
0 0.8725743747392822 0.5505535102658599 0.04370277097148941 0.07805126713449481
0 0.8474878269698605 0.5220508480271482 0.04849647811136693 0.076039869465678
0 0.9592666731237066 0.5311752753040804 0.04852444844699651 0.08084756177337031