0 0.10336538461538461 0.5420673076923077 0.13942307692307693 0.2548076923076923
0 0.42427884615384615 0.5612980769230769 0.14423076923076922 0.27884615384615385
0 0.48197115384615385 0.5108173076923077 0.10697115384615384 0.1814903846153846
0 0.6430288461538461 0.24158653846153846 0.12139423076923077 0.23197115384615385
0 0.7848557692307693 0.5709134615384616 0.15625 0.22596153846153846
0 0.8846153846153846 0.4170673076923077 0.09014423076923077 0.13822115384615385
0 0.9483173076923077 0.35216346153846156 0.07451923076923077 0.12860576923076922
0 0.8870192307692307 0.3317307692307692 0.03485576923076923 0.04807692307692308
0 0.8569711538461539 0.2692307692307692 0.021634615384615384 0.03245192307692308
0 0.7896634615384616 0.3473557692307692 0.028846153846153848 0.04567307692307692
0 0.5012019230769231 0.35096153846153844 0.03125 0.04807692307692308
0 0.4651442307692308 0.32572115384615385 0.028846153846153848 0.04567307692307692
0 0.4074519230769231 0.34615384615384615 0.028846153846153848 0.04927884615384615
0 0.36177884615384615 0.3701923076923077 0.036057692307692304 0.04447115384615385
0 0.3329326923076923 0.3581730769230769 0.021634615384615384 0.042067307692307696
0 0.30288461538461536 0.36899038461538464 0.03245192307692308 0.055288461538461536
0 0.26802884615384615 0.328125 0.026442307692307692 0.040865384615384616
0 0.20072115384615385 0.375 0.03365384615384615 0.04807692307692308
0 0.16466346153846154 0.35216346153846156 0.028846153846153848 0.04807692307692308
0 0.07572115384615384 0.37259615384615385 0.039663461538461536 0.06850961538461539