0 0.3798076923076923 0.1502403846153846 0.2692307692307692 0.17548076923076922
0 0.08533653846153846 0.051682692307692304 0.15625 0.10336538461538461
0 0.6730769230769231 0.04807692307692308 0.07211538461538461 0.09615384615384616
0 0.7367788461538461 0.013221153846153846 0.06009615384615385 0.026442307692307692
0 0.78125 0.04567307692307692 0.08173076923076923 0.09134615384615384
0 0.800234080081255 0.11856785808548614 0.0952884205307684 0.13603155823320195
0 0.9495192307692307 0.09014423076923077 0.10096153846153846 0.17067307692307693
0 0.09239676106594216 0.3621991669487503 0.06353493744797152 0.09148898754008336
0 0.10744834977720122 0.31355699075684806 0.03675697436713253 0.061565392219870535
0 0.14444223797922937 0.29223866528148357 0.03183739692992974 0.051754109154657064
0 0.1865654882362923 0.2987604690251787 0.03435312821328624 0.06146744299495611
0 0.19787229337020812 0.3412685482296015 0.0416485805219577 0.06897282913123792
0 0.2273757723522357 0.3989343235439594 0.056183542574544956 0.0791759090961093
0 0.25782859080447385 0.3316980480832319 0.039160820520978544 0.0616633414447851
0 0.330055860549369 0.34425190944604994 0.039104877956223444 0.05685564913709273
0 0.4745523569627255 0.3729654014024553 0.03902096410909085 0.049644110675554194
0 0.49759868004209606 0.39192476519298874 0.03449298462517447 0.07348667376418688
0 0.5336538461538461 0.4651442307692308 0.07211538461538461 0.11778846153846154
0 0.5456730769230769 0.6382211538461539 0.04807692307692308 0.23798076923076922
0 0.5817307692307693 0.7163461538461539 0.02403846153846154 0.10096153846153846
0 0.6298076923076923 0.8533653846153846 0.1201923076923077 0.2932692307692308
0 0.7180977272560104 0.7568584372613081 0.06605066873132816 0.1012023213803824
0 0.7892629303358704 0.7813825547808997 0.0958198748959429 0.18170463515627888
0 0.9495192307692307 0.9266826923076923 0.10096153846153846 0.1466346153846154