0 0.5226355564818715 0.0711183488617187 0.04616677625843725 0.05780860724629733
0 0.6153846153846154 0.020432692307692308 0.04326923076923077 0.040865384615384616
0 0.6959134615384616 0.109375 0.04567307692307692 0.06971153846153846
0 0.3574256271080031 0.6885889882486247 0.12269146922696245 0.14614346547730575
0 0.4764841126523604 0.6599539681200208 0.10852035278120785 0.1501111092157195
0 0.6145111853308803 0.6712042759426434 0.11434610861747366 0.12408882580805115
0 0.6507578479965646 0.672709923750216 0.08802978116382686 0.1249525829182198
0 0.8173365671631537 0.5358177252301897 0.07512868872396822 0.1074256193668979
0 0.8379003505191494 0.5141249600685794 0.058941888459635 0.07293172464377307
0 0.8805975594047629 0.5236940491774142 0.06362360052866642 0.07080789467968653
0 0.8892323165626941 0.6654509682068974 0.11383196604354467 0.16000651002086358
0 0.9663461538461539 0.6105769230769231 0.0673076923076923 0.1201923076923077
0 0.96875 0.5516826923076923 0.0625 0.08413461538461539