1 0.4543269230769231 0.07451923076923077 0.15384615384615385 0.14903846153846154
1 0.7055288461538461 0.07572115384615384 0.10817307692307693 0.15144230769230768
1 0.3125 0.056490384615384616 0.1778846153846154 0.11298076923076923
0 0.7740384615384616 0.4375 0.028846153846153848 0.08173076923076923
0 0.7855735451747857 0.3982799082368404 0.03157844238837749 0.036897029660726395
0 0.8317020035215665 0.4029605728124851 0.036932592404514554 0.04424845768110385
0 0.8334145215563488 0.4414570836637334 0.040065048836286914 0.05393378707590803
0 0.924432233014125 0.4026715449586801 0.03951859112784216 0.04672224861436957
0 0.9440273073838574 0.40691967903101645 0.040065048836286914 0.05393378707590803
0 0.9879807692307693 0.41586538461538464 0.02403846153846154 0.057692307692307696
0 0.2061914085637075 0.7921665892159745 0.08104086051998174 0.11988680492104684
0 0.31041234249234495 0.7686563266138239 0.06443195276312608 0.09062098239837588
0 0.3394958624421355 0.8027427032709784 0.0705147130571892 0.10758779503413808
0 0.3770272872726966 0.7257625433952734 0.06093519119239041 0.07612796069587938
0 0.38221153846153844 0.6875 0.04326923076923077 0.019230769230769232
0 0.4375 0.6995192307692307 0.052884615384615384 0.04326923076923077
0 0.4534964021803462 0.7970164800947056 0.06184595403979834 0.08814719146511016
0 0.4854377302994102 0.7575407423315842 0.06333903734623657 0.07619790547529895
0 0.47836538461538464 0.6935096153846154 0.052884615384615384 0.03125
0 0.5012019230769231 0.6911057692307693 0.03125 0.026442307692307692
0 0.5204326923076923 0.6935096153846154 0.040865384615384616 0.03125
0 0.5576923076923077 0.6983173076923077 0.052884615384615384 0.040865384615384616
0 0.5549850475667599 0.7374485251848626 0.052995042452925606 0.06630274174223635
0 0.5684435675165503 0.7719895429082441 0.05667395659314286 0.08319960959857899
0 0.6462415445364497 0.8130904855154699 0.0723721015025906 0.10044620135201904
0 0.6240231892845272 0.7583266098226548 0.05853134503854426 0.07605801591645996
0 0.5961538461538461 0.6971153846153846 0.04326923076923077 0.038461538461538464
0 0.6346153846153846 0.7079326923076923 0.04807692307692308 0.06009615384615385
0 0.671875 0.7019230769230769 0.04567307692307692 0.04807692307692308
0 0.7052075008068517 0.748736948860853 0.06352118991571815 0.0786017516291451
0 0.6726107073193094 0.7954591974752225 0.06665364634749037 0.08828708102394928
0 0.7355769230769231 0.7788461538461539 0.04807692307692308 0.08173076923076923
0 0.65625 0.6875 0.04807692307692308 0.019230769230769232