1 0.15647511236145029 0.1451579663015494 0.07437577976688804 0.12651065378750012
0 0.9711538461538461 0.06610576923076923 0.057692307692307696 0.13221153846153846
0 0.8686704586766667 0.15617813405817357 0.03729689754347786 0.04886022504081211
0 0.8143838362703538 0.16811243467793852 0.04265104755961465 0.056183663782905915
0 0.7931314573999944 0.15681955079326967 0.03711474497399614 0.04645637888696582
0 0.7335817612622854 0.16263233574786362 0.03452874625066826 0.04399658259284186
0 0.7127668324403371 0.17294609217767132 0.03471089882014999 0.04640042874668801
0 0.699945846483732 0.14625200885411355 0.031942747527340526 0.041536786298718036
0 0.6781842920637902 0.17574058437441276 0.04301535269857782 0.06099135609059836
0 0.6184345119813066 0.19474654810502165 0.04800519757575172 0.063507102525
0 0.6176341762022091 0.24751926320908155 0.058895650177507426 0.0805578261630343
0 0.5310598519131619 0.2766991080188036 0.06424980019364449 0.08788126490512838
0 0.5547325889043836 0.1932638693876605 0.05095550143804262 0.07077459112681626
0 0.46560812864259427 0.18878986804353648 0.052995042452925606 0.06602284895940176
0 0.4674103035538406 0.1492383067856305 0.03933643855836064 0.04410848287339748
0 0.4953456945525866 0.13789047769973314 0.03194274752734066 0.041536786298718036
0 0.5267778471220682 0.14102167567719037 0.02953890137349437 0.04148083615844009
0 0.5664233772852368 0.1575418779216349 0.02953890137349437 0.041480836158440226
0 0.5824306137994929 0.14711622121127166 0.02990320651245754 0.04628852846613253
0 0.43197221386404105 0.1724095411497865 0.03747905011295924 0.05126407119465813
0 0.4058762799354036 0.19219880684428434 0.04800519757575172 0.063507102525
0 0.36767003895279465 0.21050639876047023 0.06905749250133673 0.08799316518568372
0 0.38593483180200094 0.16653879617681638 0.03747905011295924 0.05126407119465826
0 0.31971153846153844 0.14182692307692307 0.02403846153846154 0.04807692307692308
0 0.014423076923076924 0.5973557692307693 0.028846153846153848 0.09375
0 0.0966120663941033 0.5989903825674151 0.08719534631521651 0.07401768938482912
0 0.39783653846153844 0.9435096153846154 0.09375 0.11298076923076923
0 0.5432692307692307 0.953125 0.1201923076923077 0.09375
0 0.7055288461538461 0.9711538461538461 0.16105769230769232 0.057692307692307696
0 0.46162296171412226 0.8239357740525108 0.04541919885242397 0.06104730623087617
0 0.5265268078679685 0.8254464278400108 0.04578350399138715 0.06585499853856848
0 0.5256519077711462 0.782233147211058 0.037296897543477585 0.04886022504081197
0 0.6092773476061791 0.8249728615257481 0.05907780274698901 0.08296167231688045
0 0.6428759802258702 0.7933601905529918 0.05077334886856104 0.06837074497297024
0 0.7169950431055521 0.8214810024536329 0.055763193745734935 0.07088649140737174
0 0.7148092122717732 0.792634848607479 0.04541919885242397 0.06104730623087617
0 0.9543269230769231 0.8701923076923077 0.09134615384615384 0.11538461538461539
0 0.9063524315509535 0.818689525074039 0.06352118991571788 0.07826588028974377