1 0.3216449252068496 0.2896295957988856 0.31664143392251387 0.5661082954267115
0 0.5301493446726547 0.053091873806505326 0.036645089237622046 0.05090033846643339
0 0.5432692307692307 0.20552884615384615 0.0673076923076923 0.10336538461538461
0 0.60520002980706 0.09789784097587638 0.04894403283062888 0.0750786564167829
0 0.6326624472408363 0.08195117122853396 0.03916082052097868 0.06054369436419549
0 0.6282603385276193 0.11686288302405835 0.03178145436517464 0.046036703593985845
0 0.6396930144322344 0.1696216276379746 0.06820277334377586 0.07770627282965001
0 0.6043362883146103 0.4368960912329393 0.14904014566908957 0.20843701745580334
0 0.7139884749424443 0.14952374865349943 0.04139683898055912 0.04614858872349632
0 0.7014517754492278 0.10519245121923368 0.041424810262936734 0.048552434877342475
0 0.8123503682734934 0.13155000299909447 0.04139683898055912 0.04614858872349632
0 0.8060610400651018 0.10758146966657699 0.029349636928950727 0.04360488615776207
0 0.873606488273004 0.1272309660676963 0.039048935391468066 0.05092830974881087
0 0.897463136476011 0.11132625324392023 0.03418530051902079 0.04606467487636333
0 0.817634414446919 0.27573881530629735 0.09783212309650252 0.14534962052587347
0 0.928923763159157 0.2323708429834309 0.06113109129412537 0.08964158975174791
0 0.9573923046932132 0.1995832645179765 0.05375172513832119 0.07513459898153813
0 0.9719124390392977 0.10444952810559897 0.05120802257258707 0.06308739692992973
0 0.5745192307692307 0.96875 0.07692307692307693 0.0625
0 0.6814903846153846 0.9615384615384616 0.18028846153846154 0.07692307692307693
0 0.6926598595333545 0.7814852297042676 0.04164858052195763 0.06778320410811157
0 0.777004259535802 0.7985350809748974 0.0489720041130065 0.07748250257062904
0 0.8834134615384616 0.9735576923076923 0.06971153846153846 0.052884615384615384
0 0.8317307692307693 0.9855769230769231 0.07211538461538461 0.028846153846153848
0 0.9447115384615384 0.9795673076923077 0.057692307692307696 0.040865384615384616