1 0.2932692307692308 0.09615384615384616 0.23076923076923078 0.19230769230769232
1 0.20080510605673504 0.24957706250307973 0.2207166231649494 0.2956188184889497
0 0.9504845584376871 0.16183330962643896 0.034484954680977994 0.05084439590167815
0 0.8317252420138008 0.16682365733489976 0.029215125990288672 0.04357691487538445
0 0.5659766371638705 0.18675539275573724 0.034484954680977994 0.05084439590167815
0 0.5096098573984162 0.17057180917349915 0.034484954680978126 0.05084439590167815
0 0.6766826923076923 0.6742788461538461 0.11778846153846154 0.17067307692307693
0 0.7100012515972415 0.48217588607210166 0.08308489536303518 0.09704892718992972
0 0.8340017985064043 0.37127645118252206 0.06416221705426367 0.10163284923860107
0 0.9591346153846154 0.5048076923076923 0.08173076923076923 0.15384615384615385
0 0.9607124400857553 0.3589766655242012 0.05990982536843029 0.07275872411006959
0 0.9565818108441959 0.4071375024482571 0.07525717505750097 0.0873496287274121
0 0.9715924714058561 0.303520376291474 0.049678258909049935 0.0630314543651745
0 0.9927884615384616 0.4110576923076923 0.014423076923076924 0.10096153846153846
0 0.8780269574779237 0.3262598573300049 0.03975478337166731 0.05811187692797185
0 0.8834365325269057 0.2792869578416833 0.04456247567935962 0.05816781949272709
0 0.8102571287872345 0.31983151477503935 0.0647175176761226 0.0728146666748247
0 0.7613633962858858 0.32641454144839577 0.05029444075304568 0.07264683898055911
0 0.7664648804128699 0.27463394965238186 0.05223615052389482 0.06546327180139827
0 0.7265076270551167 0.32682012504287106 0.05285233236789056 0.0750786564167829
0 0.7035331846409415 0.2873944194046192 0.047428458216202514 0.06540732923664304
0 0.533196796845275 0.40725275583902365 0.06835372751796023 0.09207340718797169
0 0.5467117425107204 0.3553742645546881 0.0424667204475112 0.06294754051804165
0 0.5681314312121997 0.31422916711552745 0.03704284629582315 0.053276213337901786
0 0.5309954206775147 0.2978218132742684 0.05044848621404455 0.07505068513440541
0 0.4769393228270449 0.31769592199972263 0.04487056660135749 0.0629755118004194
0 0.43990384615384615 0.38100961538461536 0.0625 0.11298076923076923
0 0.4326923076923077 0.2956730769230769 0.04807692307692308 0.08173076923076923
0 0.421875 0.3557692307692308 0.026442307692307692 0.08173076923076923
0 0.4651442307692308 0.6766826923076923 0.11298076923076923 0.1658653846153846
0 0.4387019230769231 0.4951923076923077 0.06009615384615385 0.1346153846153846
0 0.13581730769230768 0.8341346153846154 0.10817307692307693 0.14903846153846154
0 0.31490384615384615 0.7716346153846154 0.0625 0.02403846153846154
0 0.3557692307692308 0.7824519230769231 0.07211538461538461 0.04567307692307692
0 0.3762019230769231 0.8173076923076923 0.06490384615384616 0.11538461538461539
1 0.578125 0.8798076923076923 0.3389423076923077 0.2403846153846154