0 0.1653292779545807 0.33756817843486103 0.20733500915705344 0.294574477554468
0 0.16521116467287003 0.20231090312207234 0.15544248021015464 0.2029720160594448
0 0.5865384615384616 0.32211538461538464 0.03365384615384615 0.1201923076923077
0 0.6268842128429724 0.2602939596993542 0.08778212795664994 0.09129873676437364
0 0.7291904976880399 0.2351828504836347 0.06737470564029284 0.07335174892841241
0 0.7680469994030961 0.21017618655145986 0.041823404420361004 0.0503170525949994
0 0.8029868152828359 0.20694414609878015 0.039083371670632625 0.045369352192427215
0 0.8026000887042832 0.17823800034750603 0.03136755331527082 0.037737789446249406
0 0.1778846153846154 0.6574519230769231 0.22596153846153846 0.07932692307692307
0 0.4795673076923077 0.6730769230769231 0.18028846153846154 0.11057692307692307
0 0.921875 0.9326923076923077 0.12740384615384615 0.1346153846153846
0 0.9145810947888108 0.7590157861806983 0.046967283323935544 0.055404761092451175
0 0.9379806898018079 0.7325153287113958 0.03651143221884522 0.04282549794370146
0 0.8664536317292174 0.7283021100193273 0.0395876515644561 0.05258089065396568
0 0.7878748918180644 0.7735777496234246 0.0682151721299984 0.08537097969764318
0 0.7747460212958461 0.7216731909029674 0.04215959101624323 0.0551247449026917
0 0.6824165776533805 0.7581734944609588 0.06323938652436499 0.08268711735403755
0 0.7031349165742848 0.7186618952878221 0.044059157276266185 0.04805321453603298
0 0.6947802316934587 0.701193081513495 0.03941955826651485 0.05017704450011952