0 0.11775600667821802 0.3959722581527248 0.12875896392126626 0.16625904547542747
0 0.0973488684187361 0.2814538650033658 0.06728724906912394 0.09280085749337602
0 0.11488401523722179 0.22664097965726532 0.03857729708091544 0.04891617518108978
0 0.1676477611928181 0.2026594731981307 0.030609877187409998 0.03432524783717957
0 0.1840916327441156 0.21864814910993632 0.02605414535704015 0.039021039864316265
0 0.21578256357942968 0.22778896247200903 0.04148506418940624 0.058587509936752206
0 0.3036914753142377 0.3246711653885154 0.07665067320718623 0.08821696574679495
0 0.33786457485165483 0.26664416179359035 0.05426017639060413 0.07329033756121789
0 0.29004472306169593 0.2475242879043274 0.03427352572786792 0.05841965951591878
0 0.24229297220071006 0.20679777370058808 0.0335176442959008 0.04399658259284186
0 0.2912568677579034 0.20193513619166714 0.03326568381857861 0.039188890285149554
0 0.3242127117894711 0.2123058477008018 0.03086183766473246 0.03913294014487188
0 0.36830081410999926 0.2289379502258018 0.04426685105923575 0.06585499853856848
0 0.5661057692307693 0.5132211538461539 0.04567307692307692 0.11298076923076923
0 0.5528846153846154 0.42908653846153844 0.07211538461538461 0.1658653846153846
0 0.4771412282975022 0.3587196773414536 0.08790380092516596 0.11969076630790618
0 0.47678373082008707 0.26027388531431694 0.05741990397641727 0.08776936462457276
0 0.4224452318812263 0.25420731485037457 0.05160436975943565 0.06842669511324792
0 0.5383388790301282 0.24369974280769302 0.051100448804791 0.0588113104978633
0 0.503042178964045 0.23447500423520368 0.03136575861937711 0.04874832476025649
0 0.5745192307692307 0.2283653846153846 0.028846153846153848 0.04326923076923077
0 0.5949519230769231 0.027644230769230768 0.01201923076923077 0.055288461538461536
0 0.6249556631168467 0.06656241480443412 0.04730059840638772 0.07793017944807691
0 0.682506658141567 0.13392706219145348 0.06323543819339861 0.10711203413589747
0 0.782686761122928 0.23589670811704117 0.0847338517200685 0.15082886602735057
0 0.671875 0.021634615384615384 0.026442307692307692 0.04326923076923077
0 0.6502403846153846 0.018028846153846152 0.021634615384615384 0.036057692307692304
0 0.7061876222026134 0.03604077156709451 0.03174369933536047 0.055959863221794956
0 0.7199519230769231 0.009615384615384616 0.021634615384615384 0.019230769230769232
0 0.7463942307692307 0.007211538461538462 0.026442307692307692 0.014423076923076924
0 0.743253156419595 0.05611079290203044 0.03718129283635873 0.06809099427158134
0 0.7836538461538461 0.02283653846153846 0.028846153846153848 0.04567307692307692
0 0.8261126369886725 0.10245627644748989 0.04945248408291182 0.07317843728066241
0 0.8560449552923723 0.05513468026431681 0.02896191246553096 0.04869237461997855
0 0.8473557692307693 0.018028846153846152 0.021634615384615384 0.036057692307692304
0 0.8245192307692307 0.020432692307692308 0.02403846153846154 0.040865384615384616
0 0.9259352424926184 0.10598013034594082 0.053872014055336044 0.11169592588247869
0 0.8926116793643515 0.04278075359246864 0.03212164005134382 0.06317140168333342
0 0.9446774231976695 0.028386656678579723 0.026180125595701043 0.04142488601816242
0 0.9819711538461539 0.07091346153846154 0.036057692307692304 0.08413461538461539
0 0.2980769230769231 0.6838942307692307 0.1971153846153846 0.2283653846153846
0 0.6081730769230769 0.5841346153846154 0.038461538461538464 0.028846153846153848
0 0.6216648444827304 0.6209566790375004 0.049578464321572716 0.0755822834345087
0 0.6301940646405689 0.669173477465118 0.06563928434724477 0.10716798427617527
0 0.6081730769230769 0.75 0.038461538461538464 0.17307692307692307
0 0.8233173076923077 0.9278846153846154 0.2091346153846154 0.14423076923076922
0 0.7729402854592403 0.804546198852351 0.10712434853665087 0.16575549421292735
0 0.7332342770400164 0.7111868448952462 0.08878566259579411 0.13651768938482925
0 0.7316697456760362 0.6355216411893702 0.05729392373775583 0.08536551847072661
0 0.6997268543633998 0.6215731355196052 0.04034102042217159 0.08257002133493593
0 0.6947115384615384 0.5877403846153846 0.038461538461538464 0.036057692307692304
0 0.7632211538461539 0.5817307692307693 0.04567307692307692 0.02403846153846154
0 0.8175783060211919 0.6255166154701394 0.06336141843205977 0.10951588028974363
0 0.7989825487933705 0.6142796817257484 0.047678539122371216 0.08514171790961537
0 0.84375 0.5973557692307693 0.04326923076923077 0.055288461538461536
0 0.8965119559532051 0.6885771218119665 0.07461454615003923 0.14098968085085473
0 0.8846153846153846 0.609375 0.04326923076923077 0.07932692307692307
0 0.9206730769230769 0.6045673076923077 0.04807692307692308 0.06971153846153846
0 0.9663461538461539 0.6610576923076923 0.0673076923076923 0.1201923076923077