0 0.06610576923076923 0.4423076923076923 0.13221153846153846 0.1346153846153846
0 0.038461538461538464 0.37740384615384615 0.07692307692307693 0.1875
0 0.4987980769230769 0.09375 0.021634615384615384 0.14423076923076922
0 0.09322333460343082 0.8860243743769576 0.09694420054660445 0.12178676073863534
0 0.1548309610587064 0.91742731518656 0.08833646433730089 0.14325353896047943
0 0.23677884615384615 0.90625 0.16105769230769232 0.1875
0 0.37944896831213665 0.88463698801528 0.11097872812799746 0.16526578796133015
0 0.44066141757103305 0.8559018156880356 0.07335358274417886 0.1309825524470916
0 0.2901971110876304 0.8537165790486452 0.059878859832830963 0.09952275599362742
0 0.3109360390001737 0.8341081762016406 0.049703670547401387 0.08733568806162537
0 0.4987980769230769 0.8737980769230769 0.021634615384615384 0.14182692307692307
0 0.9939903846153846 0.6995192307692307 0.01201923076923077 0.09615384615384616
0 0.9046860390001737 0.6974489529266621 0.06927032258019768 0.09488290084870653
0 0.8214174638904544 0.6916850099940262 0.07189809060206173 0.09973255244709159
0 0.7429269338912512 0.6593738611423506 0.056803248074930826 0.0850577197798576
0 0.6640775017475403 0.6968371896882528 0.06697843736036055 0.09724478771185965
0 0.5568824260333685 0.6938966858163914 0.08162543615145551 0.10230423576370903
0 0.5216346153846154 0.5516826923076923 0.02403846153846154 0.08413461538461539
0 0.6056771533993073 0.5535085452073795 0.05691520900893984 0.08746156593370376
0 0.6766826923076923 0.5492788461538461 0.06009615384615385 0.07932692307692307
0 0.7728365384615384 0.5528846153846154 0.06009615384615385 0.08653846153846154
0 0.8425480769230769 0.5432692307692307 0.06009615384615385 0.0673076923076923
0 0.9091775539209722 0.5614428284262366 0.06446263027250537 0.09479898226732075
0 0.9735576923076923 0.5721153846153846 0.052884615384615384 0.08173076923076923