1 0.18028846153846154 0.04447115384615385 0.3605769230769231 0.0889423076923077
0 0.7091346153846154 0.3954326923076923 0.1201923076923077 0.12740384615384615
0 0.5554436886294776 0.7180685907788251 0.11416971646201682 0.1460769780212538
0 0.6072093608302852 0.862146419199992 0.0268386234360568 0.048496515983851435
0 0.6236744093995639 0.8479960776664186 0.03192633193350885 0.05338812687292925
0 0.3889138263510293 0.7885536463493668 0.03391015380271566 0.04621854770208381
0 0.3322834336407649 0.7899714491719314 0.039137870395047174 0.05351400474500778
0 0.3162265550856806 0.7764565802909277 0.03391015380271566 0.046218547702083675
0 0.2552784983998031 0.7693770029936451 0.03363013761295605 0.0414108553943915
0 0.23202193565362528 0.7761899281936018 0.03150630764886951 0.04617658841139079
0 0.22762241336012726 0.7484407991976388 0.02868243721038401 0.03892309065915957
0 0.19730617451773586 0.7731776723247096 0.039417886584806786 0.058321697052700086
0 0.13198230407925043 0.7792563099375415 0.04450559508225856 0.06321330794177818
0 0.11454905311625843 0.8306872465010768 0.05496102826692187 0.0778042220276264
0 0.02403846153846154 0.8413461538461539 0.04807692307692308 0.08653846153846154
0 0.0713142635831324 0.7673690403325667 0.044785611272018105 0.06802100024947048
0 0.009615384615384616 0.7079326923076923 0.019230769230769232 0.040865384615384616
0 0.030553324251292417 0.7028908703778263 0.0312262914591099 0.041368896103698614
0 0.06011137284229013 0.7118288230499482 0.02868243721038401 0.03892309065915957
0 0.09370706921914146 0.7340718481496096 0.028822445305263747 0.04132693681300573
0 0.1121559396576269 0.7271750043682673 0.0266986153411772 0.046092669830005276
0 0.6610576923076923 0.7367788461538461 0.02403846153846154 0.07932692307692307
0 0.6736758829934685 0.7110735558174771 0.039417886584806786 0.058321697052700086
0 0.7425355186152834 0.7062597802176074 0.03377014570783579 0.04381470154823752
0 0.8317104254155704 0.621189893853395 0.046909441236104715 0.06325526723247094
0 0.869858628026475 0.8131558285433673 0.06810032379519065 0.09724478771185965
0 0.8988092271561735 0.749894478018719 0.03673402424120116 0.053472045454315026
0 0.8793565915126395 0.7327109009709069 0.03687403233608076 0.055875891608161185
0 0.8918539963435044 0.7040535639328708 0.025998574866778385 0.03407343906077451
0 0.9324512190395745 0.7300282361353798 0.02373473680781183 0.03643532592392777
0 0.9317048830586259 0.7841567338876112 0.047749489805383405 0.07767834415554785
0 0.9567115469908007 0.7472957317645778 0.03659401614632129 0.051068199300468874
0 0.9837020327921825 0.7176882273937755 0.02641859915141759 0.04128497752231297
0 0.9807692307692307 0.7560096153846154 0.038461538461538464 0.06009615384615385
0 0.9867788461538461 0.8088942307692307 0.026442307692307692 0.0889423076923077
0 0.9915865384615384 0.7379807692307693 0.016826923076923076 0.04326923076923077