1 0.33010693300967353 0.2882556635800743 0.08364680884072215 0.09794425064273518
1 0.07091346153846154 0.042067307692307696 0.08413461538461539 0.08413461538461539
1 0.16222498878543534 0.09111531871169841 0.08381490213866326 0.1003480967965812
1 0.40625 0.24879807692307693 0.02403846153846154 0.09375
1 0.2088983888211939 0.05270872545138851 0.06648369916791672 0.09274490735309836
1 0.49489730447125085 0.12169391702836506 0.10136473839002108 0.07675723638034199
1 0.8726790805622446 0.20439577420160193 0.10030563861970411 0.0959320554708334
1 0.04692330011691062 0.7324097105169334 0.05328781531309801 0.07563823357478637
1 0.13826945396306448 0.7302836051863777 0.04987540937160517 0.06115920651143178
1 0.19579366835743117 0.7265369556658648 0.048480123005405704 0.07552633329423077
1 0.21651200727833528 0.76457886807532 0.05535547487106193 0.07088649140737174
1 0.2672954564386866 0.733299888066132 0.04780774981364125 0.06591094867884614
1 0.3954326923076923 0.8004807692307693 0.04567307692307692 0.08653846153846154
1 0.7259615384615384 0.7307692307692307 0.16346153846153846 0.18269230769230768
1 0.5168269230769231 0.6935096153846154 0.15384615384615385 0.10817307692307693
1 0.9771634615384616 0.7860576923076923 0.04567307692307692 0.16346153846153846
1 0.49158653846153844 0.8197115384615384 0.1466346153846154 0.3605769230769231