1 0.028846153846153848 0.025240384615384616 0.057692307692307696 0.05048076923076923
1 0.13942307692307693 0.021634615384615384 0.057692307692307696 0.04326923076923077
1 0.06676210623378345 0.03365384615384615 0.0359203384045125 0.06490384615384616
1 0.10817307692307693 0.02403846153846154 0.03365384615384615 0.04807692307692308
1 0.23076923076923078 0.039663461538461536 0.04807692307692308 0.07932692307692307
1 0.32572115384615385 0.016826923076923076 0.05048076923076923 0.03365384615384615
1 0.19471153846153846 0.021634615384615384 0.03365384615384615 0.04326923076923077
0 0.51784957112135 0.0889423076923077 0.0629502551988448 0.08173076923076923
0 0.6770147412974096 0.31009615384615385 0.0889194323582442 0.13701923076923078
0 0.8822764877731172 0.26802884615384615 0.09157511098438675 0.14423076923076922
0 0.9266064581772808 0.22956730769230768 0.0656898779824193 0.09134615384615384
0 0.863530286742288 0.14423076923076922 0.032844938991209785 0.04567307692307692
0 0.9075244805167232 0.09615384615384616 0.025549456372239102 0.04326923076923077
0 0.9427579984559368 0.10697115384615384 0.03309677146350591 0.052884615384615384
0 0.9939903846153846 0.10216346153846154 0.01201923076923077 0.05048076923076923
0 0.32431325086386065 0.5072115384615384 0.0431318768660511 0.06490384615384616
0 0.34134615384615385 0.5168269230769231 0.03365384615384615 0.0673076923076923
1 0.4593597939334374 0.5228365384615384 0.07854855032597094 0.11538461538461539
1 0.7427884615384616 0.4182692307692308 0.07692307692307693 0.038461538461538464