0 0.03245192307692308 0.46033653846153844 0.06490384615384616 0.20432692307692307
0 0.030515300380499433 0.3550668141664549 0.04998634983104767 0.07023455606667242
0 0.07044027072152795 0.38036808000397665 0.06727540929096762 0.07852441275520351
0 0.031733364965784855 0.3180382669733379 0.036580709912826276 0.047829713377062294
0 0.1401983913024973 0.3668835749495996 0.06323794428827006 0.09023555260243654
0 0.13625409053866167 0.3426910679501392 0.05525617852173685 0.07775418545020876
0 0.21634615384615385 0.5300480769230769 0.20673076923076922 0.19951923076923078
0 0.2095713982309693 0.3473894545106073 0.05239019598489382 0.07038860152767143
0 0.2065979523525582 0.31966820101087706 0.03688880083482415 0.052637405684754605
0 0.2517784522815697 0.296229779808049 0.03960073791066831 0.05759914345344578
0 0.28843618492489564 0.3452614162620344 0.05316042328988857 0.08240783229690206
0 0.297790060737713 0.32311808237499123 0.04471652114035862 0.0627149266831361
0 0.32373979143595544 0.29844729748417154 0.03704284629582315 0.05504125183860076
0 0.38072275304540537 0.3284326507794552 0.04456247567935962 0.06031108052928994
0 0.3839899907431082 0.3047022801629916 0.0394466924496693 0.05519529729959963
0 0.41457722677968145 0.31504130996394003 0.04952421344805093 0.0630230176051341
0 0.4338942307692308 0.32211538461538464 0.01201923076923077 0.057692307692307696
0 0.48677884615384615 0.5709134615384616 0.09375 0.11778846153846154
0 0.5231335749495997 0.5111682959224243 0.09935651781809952 0.13085372751796037
0 0.5412251447312391 0.4572662435329533 0.0661039268251131 0.09760113652497387
0 0.5032884662804907 0.40695566127154537 0.04169649314251652 0.052945496606752476
0 0.5609503333617298 0.39149900583525066 0.04773654913820052 0.07248435675951971
0 0.69971064632138 0.40877008138115206 0.0528523323678907 0.0776001399892099
0 0.7037946934435085 0.3791071181105725 0.04246672044751133 0.06496472737598324
0 0.771641544864697 0.39183385255700476 0.04773654913820052 0.07248435675951971
0 0.8111975430615905 0.3740199330862947 0.04021691975466405 0.0672145280688304
0 0.8467160762557865 0.36791715346281756 0.047582503677201515 0.07008051060567357
0 0.8969191951756265 0.38549816233637313 0.058584297441576755 0.09233130783428468
0 0.9228384852628001 0.34167363094528364 0.04517865752335536 0.06992646514467456
0 0.9819711538461539 0.3737980769230769 0.036057692307692304 0.08413461538461539
0 0.5376516585171945 0.7713800360621301 0.15072927679813775 0.22272289896924818
0 0.6320178403611904 0.7870031936564741 0.1090327836556213 0.16977740236249572
0 0.749759719780221 0.8125032446687694 0.24164189246670714 0.3338837208734423
0 0.9266826923076923 0.7091346153846154 0.13221153846153846 0.15865384615384615
0 0.9675480769230769 0.7379807692307693 0.06490384615384616 0.21634615384615385