0 0.6538461538461539 0.24879807692307693 0.09615384615384616 0.040865384615384616
0 0.765625 0.24158653846153846 0.07451923076923077 0.055288461538461536
0 0.9699519230769231 0.2512019230769231 0.06009615384615385 0.036057692307692304
0 0.8206632910635303 0.1747564289569406 0.041611044428067276 0.06166334144478496
0 0.7827056735566363 0.16670823194018725 0.04641873673575972 0.061859239894613824
0 0.8044458259413445 0.07227258736578612 0.02883593222686966 0.046750518397135905
0 0.7333587264738176 0.14713055027877525 0.0387032773195766 0.05195000760448592
0 0.7184368394057382 0.18012119409272784 0.03439950596652881 0.06136949377004168
0 0.7051424738209696 0.1362867102085179 0.031617719096699304 0.05406000608358879
0 0.678390326341651 0.1661613309162734 0.04161104442806741 0.06166334144478496
0 0.6304393835033891 0.1657164692607162 0.04123310371208392 0.054451802983246506
0 0.650294943117822 0.1301260808430886 0.03604747068840812 0.04704436607187919
0 0.6198008245497889 0.11697634384389953 0.04186300490538967 0.06647103375247727
0 0.5949519230769231 0.11899038461538461 0.03125 0.06009615384615385
0 0.1502403846153846 0.4362980769230769 0.2764423076923077 0.33413461538461536
0 0.3425480769230769 0.40384615384615385 0.17067307692307693 0.2692307692307692
0 0.6810205789246091 0.4793081726823984 0.03680335212037507 0.06146744299495611
0 0.5997596153846154 0.5360576923076923 0.040865384615384616 0.057692307692307696
0 0.7119709607568824 0.5524071396903696 0.04654471697442088 0.06426308604845997