0 0.09975961538461539 0.09735576923076923 0.18509615384615385 0.19471153846153846
0 0.5024038461538461 0.2644230769230769 0.2548076923076923 0.40865384615384615
0 0.5420673076923077 0.11658653846153846 0.17548076923076922 0.23317307692307693
0 0.1141826923076923 0.8209134615384616 0.2283653846153846 0.3581730769230769
0 0.016826923076923076 0.5576923076923077 0.03365384615384615 0.11538461538461539
0 0.040865384615384616 0.5252403846153846 0.08173076923076923 0.11298076923076923
0 0.11696475354054967 0.5558943910058912 0.11713359499538206 0.1620430194728248
0 0.11778846153846154 0.5024038461538461 0.08653846153846154 0.0673076923076923
0 0.19700357136231664 0.5704099636219855 0.12009747352874729 0.17184055665769085
0 0.20793269230769232 0.49399038461538464 0.06971153846153846 0.05048076923076923
0 0.29086538461538464 0.49399038461538464 0.0625 0.05048076923076923
0 0.35096153846153844 0.5625 0.14423076923076922 0.1875
0 0.42966291141242424 0.5554446872152936 0.10002665572869937 0.1559602591787615
0 0.4362980769230769 0.49278846153846156 0.06490384615384616 0.04807692307692308
0 0.4831730769230769 0.5096153846153846 0.07211538461538461 0.08173076923076923
0 0.48677884615384615 0.4855769230769231 0.07451923076923077 0.03365384615384615
0 0.5757211538461539 0.4831730769230769 0.06490384615384616 0.028846153846153848
0 0.5949519230769231 0.53125 0.06971153846153846 0.125
1 0.9555288461538461 0.9423076923076923 0.0889423076923077 0.11538461538461539
1 0.8257211538461539 0.9447115384615384 0.0889423076923077 0.11057692307692307
1 0.8786057692307693 0.9543269230769231 0.07451923076923077 0.09134615384615384