0 0.015625 0.41346153846153844 0.03125 0.22115384615384615
0 0.04807692307692308 0.26802884615384615 0.09615384615384616 0.14182692307692307
0 0.14636250374966095 0.3206172368775545 0.08951757117765251 0.17168004308867083
0 0.24310377997320673 0.2858445394286041 0.0915857430059561 0.15247724514027922
0 0.27120074987906706 0.3972737445527302 0.13391970279558982 0.23708737232531385
0 0.13942307692307693 0.5997596153846154 0.20192307692307693 0.19951923076923078
0 0.42864658966381275 0.32694599581357026 0.09702282467404079 0.18859088001272675
0 0.4735576923076923 0.27884615384615385 0.052884615384615384 0.15865384615384615
0 0.3786057692307692 0.057692307692307696 0.0889423076923077 0.11538461538461539
0 0.5240384615384616 0.5120192307692307 0.04807692307692308 0.15384615384615385
0 0.5060096153846154 0.3269230769230769 0.01201923076923077 0.04807692307692308
0 0.5443458997286243 0.3725919435195836 0.04448605019932281 0.07021502154433534
0 0.5687829745286678 0.34947569223426905 0.03453499125839562 0.050872367184055634
0 0.6470818949836166 0.4074468706850388 0.06873430819124852 0.08251396513734231
0 0.6418904857675114 0.3606417988909829 0.03938464285678068 0.053332155902657025
0 0.6245539679100969 0.3211881219703534 0.03200526723247093 0.043632857440139686
0 0.7112812462566762 0.3093638481124519 0.032257022976627726 0.05805593436321661
0 0.7249910152379749 0.35006140503357075 0.039426602147473705 0.055736002056503184
0 0.779293433445155 0.4059084501542704 0.04668009989970465 0.05822376205748233
0 0.7890286126404406 0.33008939681979493 0.03706471528432003 0.05811187692797185
0 0.8391527279003207 0.3499346921975575 0.03706471528432003 0.05811187692797185
0 0.9185006306225904 0.3478097168021734 0.03959443931024499 0.06535138667188793
0 0.8511211863178672 0.4903918645032919 0.1031853808682585 0.12857864001370564
0 0.9879807692307693 0.4567307692307692 0.02403846153846154 0.11057692307692307
0 0.9939903846153846 0.36658653846153844 0.01201923076923077 0.07451923076923077
0 0.23327859890435798 0.7782430871444072 0.11313643980918577 0.14792129437398535
0 0.3269230769230769 0.7295673076923077 0.08653846153846154 0.06009615384615385