0 0.0219766810814526 0.23533005849734023 0.03229917169129264 0.037331032231580144
0 0.04720420387004577 0.1934851816328112 0.02989532553744649 0.03723308300666572
0 0.17746653724396483 0.172570923487431 0.027421534604180772 0.03473128762790513
0 0.23077082130509735 0.1559929636162361 0.02989532553744649 0.03723308300666572
0 0.3548687653539726 0.4294519100920953 0.10728229226287694 0.13882720128670584
0 0.38057303977171103 0.32996370014771575 0.07731702194601116 0.0991902721261941
0 0.3924744915450212 0.29226331325098537 0.08198482469486433 0.09457847826833052
0 0.4177719591130338 0.24801459023261005 0.057246915362207704 0.0695605244807247
0 0.3930211879535858 0.23221613401728874 0.05470317964952269 0.06465488294811782
0 0.41598475414717184 0.18566151406998183 0.040000323608767784 0.054451802983246506
0 0.3911990105980141 0.17106498093158345 0.03498279696281678 0.04704436607187919
0 0.637418379418696 0.4017790483187694 0.04770147552624265 0.071572573734913
0 0.727693251010639 0.47613300315956314 0.05003537690066924 0.06926667680598128
0 0.6807446931405549 0.3567957061135357 0.04784136508508171 0.07638026604260517
0 0.7348662039918031 0.35338992547603765 0.045087795034138074 0.06426308604845997
0 0.7900718589240537 0.312724529453924 0.04268394888029192 0.06416513682354555
0 0.8166319456122821 0.34885772875202326 0.050105321680088806 0.07167052295982743
0 0.8337129241533004 0.2569238795563828 0.042823838439130776 0.06897282913123785
0 0.8944514428410213 0.27365694355183356 0.04028010272644577 0.06406718759863111
0 0.9230049557427057 0.24128052746531736 0.042614004100872356 0.06176129066969939
0 0.9623186933840697 0.2516835960234598 0.04522768459297693 0.06907077835615229
0 0.9903846153846154 0.27283653846153844 0.019230769230769232 0.06009615384615385
0 0.9771634615384616 0.37740384615384615 0.04567307692307692 0.0625
0 0.9135809079933257 0.40013027206899243 0.04487796069587938 0.05705154758692165
0 0.0673076923076923 0.7572115384615384 0.09615384615384616 0.09615384615384616
0 0.18990384615384615 0.8149038461538461 0.25961538461538464 0.21153846153846154
0 0.3245192307692308 0.734375 0.09134615384615384 0.05048076923076923
0 0.5384615384615384 0.8485576923076923 0.1201923076923077 0.27884615384615385
0 0.6887019230769231 0.9807692307692307 0.06490384615384616 0.038461538461538464
0 0.7896634615384616 0.9759615384615384 0.06971153846153846 0.04807692307692308
0 0.848708421138525 0.9533495294539241 0.054982958767200676 0.07427026756350244
0 0.9363438885847801 0.9533801519753159 0.05519279310545923 0.0814818060250409