0 0.03485576923076923 0.26802884615384615 0.06971153846153846 0.08413461538461539
0 0.12270675871773601 0.2923291812803172 0.1292356070471508 0.11247301308946334
0 0.2964462110485054 0.4081111257379283 0.14690376727336157 0.12336346569121905
0 0.546875 0.3317307692307692 0.09375 0.20192307692307693
0 0.5108173076923077 0.16346153846153846 0.021634615384615384 0.0625
0 0.5180288461538461 0.14543269230769232 0.036057692307692304 0.06971153846153846
0 0.5568102087287043 0.1437352668316498 0.04570249822378907 0.05838505521964835
0 0.596158206336183 0.1443355186659731 0.05700035713774916 0.07834443472834379
0 0.677332691002351 0.10355979092705261 0.038701269049572565 0.06024244366504975
0 0.6980503358947299 0.057813569094527735 0.035876804321082506 0.055252598787875855
0 0.6810152836216534 0.2525251075560662 0.0846140765606836 0.12103134503854426
0 0.7021083250920236 0.18884111585443597 0.06484282346125333 0.086102430898327
0 0.7427486897697302 0.2156104465268445 0.06715622562179473 0.1125447385906347
0 0.7768231544982203 0.2082526182464102 0.07812390995441568 0.10143627066881186
0 0.8131963107368955 0.20191456047341733 0.06285959588205123 0.09072797063653773
0 0.7095595941415962 0.1309666555926467 0.038490959762250684 0.0578385975112036
0 0.7267019811495021 0.12608581837550642 0.035666495033760626 0.0528487526340297
0 0.875651088740243 0.18404851610548326 0.05700035713774909 0.07834443472834379
0 0.8446713306745735 0.1696806527165615 0.04371927064458676 0.06301059495785907
0 0.9247196256067672 0.18271823458495717 0.04936820010156687 0.07299028471220673
0 0.9564207555277074 0.21613471463516662 0.06264928659472921 0.08832412448269157
0 0.935566354599787 0.12697439162279167 0.02761371942293436 0.04268691031020033
0 0.9497191895885335 0.14261732299808452 0.035876804321082506 0.055252598787875855
0 0.9819008707311263 0.15689411010226553 0.03503556717179484 0.04563721417249124
0 0.9915865384615384 0.14783653846153846 0.016826923076923076 0.05048076923076923
0 0.9819711538461539 0.04927884615384615 0.036057692307692304 0.055288461538461536
0 0.025240384615384616 0.6550480769230769 0.05048076923076923 0.15144230769230768
0 0.2824519230769231 0.640625 0.11298076923076923 0.12259615384615384
0 0.6021634615384616 0.6346153846153846 0.17548076923076922 0.11057692307692307
0 0.6959134615384616 0.6430288461538461 0.12259615384615384 0.12740384615384615
0 0.9326923076923077 0.6442307692307693 0.1201923076923077 0.12980769230769232
0 0.7808517223948018 0.8268220647803999 0.2296544815488599 0.2776843517446463