0 0.010817307692307692 0.3557692307692308 0.021634615384615384 0.12980769230769232
0 0.030048076923076924 0.28846153846153844 0.06009615384615385 0.10576923076923077
0 0.06370192307692307 0.3894230769230769 0.12740384615384615 0.07692307692307693
0 0.109375 0.3629807692307692 0.10817307692307693 0.12980769230769232
0 0.1649446859100405 0.29300955839467 0.07754409894924622 0.1074256193668979
0 0.27242927353060664 0.10128448543215654 0.05317719502240719 0.07010785420528756
0 0.4099727724081595 0.32538923427369243 0.10985115161555005 0.15477879342853193
0 0.38766617968804956 0.22147567154923373 0.09783192084631928 0.15407875295413312
0 0.42372387199574185 0.2235757929724303 0.06774656176437989 0.10446174083353267
0 0.493981868165725 0.22042448926240515 0.07827270922717257 0.11704100398228252
0 0.5275998515689856 0.1909945944958421 0.05481656814774119 0.09174246958990295
0 0.557447844547288 0.17945353778824552 0.061663801470316755 0.08735480156685
0 0.5709134615384616 0.24158653846153846 0.055288461538461536 0.13701923076923078
0 0.5324519230769231 0.3713942307692308 0.13221153846153846 0.11298076923076923
0 0.7121868298655568 0.22492957841467817 0.1724257159332746 0.25415282576461284
0 0.8353365384615384 0.18629807692307693 0.23317307692307693 0.37259615384615385
0 0.9158653846153846 0.1310096153846154 0.16826923076923078 0.2620192307692308
0 0.9507211538461539 0.1971153846153846 0.0985576923076923 0.3942307692307692
0 0.015625 0.7115384615384616 0.03125 0.10576923076923077
0 0.025240384615384616 0.7728365384615384 0.05048076923076923 0.06971153846153846
0 0.056537081699880115 0.7738391820913565 0.06315688477675495 0.07547557889249909
0 0.07815376570920265 0.7594042508978346 0.043197505268059405 0.06474012951807631
0 0.09508969644615937 0.7748773885325098 0.032307052666303765 0.04735317406163416
0 0.10554269899950391 0.780315117267161 0.03543950909807622 0.05710856677189851
0 0.1602667714542279 0.7750518378634942 0.039700743697323806 0.05017704450011952
0 0.18466953813165257 0.7716442265045996 0.04782304500627013 0.06261629955398963
0 0.21267807403984648 0.7684466272880246 0.036932592404514554 0.045229344097547614
0 0.2517771464945705 0.7622732952676393 0.03194274752734066 0.042545481753941856
0 0.2676753753487928 0.7595775786535887 0.0402472014057685 0.05738858296165798
0 0.3080674471651807 0.7522723276037202 0.04487274114397922 0.055264752997571435
0 0.33412751834323234 0.7429251049076501 0.03951859112784216 0.04777319834627337
0 0.3535045773928975 0.7102513154179622 0.05816703989958109 0.07279171654889333
0 0.45854519788420195 0.7260270562080566 0.07368303223954752 0.08805484204124894
0 0.6800841193688574 0.5226446269839568 0.12278114523218847 0.16749806467216166