1 0.13917927149097334 0.2258438532586899 0.08755273779923788 0.1321505157689457
1 0.4831730769230769 0.5384615384615384 0.07211538461538461 0.1201923076923077
0 0.5580180705633396 0.824717009497365 0.0409246790097367 0.05624956398176632
0 0.5934039972669779 0.8359854471106131 0.051211829229175374 0.07151387805413105
0 0.5672382779823452 0.8837616169069094 0.06904640071217957 0.09462065844999976
0 0.6307755735856022 0.8303218070032768 0.0409246790097367 0.05624956398176632
0 0.6567437042720455 0.8124885594863966 0.03326529681216223 0.04600325150441593
0 0.6611332000408777 0.7953461724784906 0.030749489724307057 0.04338909606324775
0 0.7038426261400635 0.8035798360759266 0.04422421263565495 0.07569064249985744
0 0.7290270302884436 0.8025735116359693 0.038632793789899506 0.05844310084829046
0 0.7196322536137294 0.8500794394979352 0.051211829229175374 0.07151387805413105
0 0.6418269230769231 0.9254807692307693 0.13942307692307693 0.14903846153846154
0 0.8305288461538461 0.9050480769230769 0.13701923076923078 0.18990384615384615
0 0.7778020522392493 0.8090794789381774 0.056243443404885726 0.07674218893646713
0 0.8253751511131318 0.8156906008840465 0.038632793789899506 0.05844310084829046
0 0.8597270961408605 0.8234584239101862 0.04685198065751915 0.08070864409487163
0 0.8908947824040274 0.7967910962802005 0.038968676591926564 0.06565463930982893
0 0.9320137360846061 0.7620709930393885 0.03852083285589048 0.056039254694444304
0 0.9582847884485528 0.814835743129987 0.06457459120651425 0.10141157833689445
0 0.9831730769230769 0.8689903846153846 0.03365384615384615 0.15144230769230768
0 0.9927884615384616 0.7680288461538461 0.014423076923076924 0.09375