0 0.038461538461538464 0.41586538461538464 0.07692307692307693 0.15865384615384615
0 0.11687483711204075 0.4234770970338659 0.07042478202009324 0.1262495807673273
0 0.21302169068197932 0.41723596441049654 0.07034087101320424 0.11182650384425039
0 0.23732587040892206 0.46164923894696197 0.046162557796594846 0.08652823991917749
0 0.1518494802692356 0.44208307588097145 0.04859437428607057 0.09146191246553083
0 0.9903846153846154 0.44711538461538464 0.019230769230769232 0.07211538461538461
0 0.9963942307692307 0.41346153846153844 0.007211538461538462 0.04326923076923077
0 0.9723643645249755 0.37225066799041395 0.03152970335629572 0.049714666179518065
0 0.9442446380500417 0.29196867150424805 0.0314877478528515 0.0425031277179796
0 0.8645199390455462 0.43441016334555066 0.053360111090318386 0.0845023344813147
0 0.7854447489892895 0.4818367419905996 0.0702849303419451 0.10221111922886578
0 0.5036057692307693 0.5120192307692307 0.11778846153846154 0.11538461538461539
0 0.29927884615384615 0.4699519230769231 0.06009615384615385 0.14182692307692307
0 0.2989028493331455 0.3414193655847686 0.05819577373364037 0.08956198726632933
0 0.34558205698373834 0.30530890477702993 0.04117305830731011 0.05502627944185502
0 0.44065984657099455 0.3219673007345296 0.050872353929583516 0.0699532773195766
0 0.48988974463748897 0.31097124430351436 0.03872725665001953 0.0476887607416554
0 0.566973650990436 0.33458410743558803 0.03630942532835873 0.04515893434914822
0 0.5911799345426751 0.3621704588951304 0.041228998978569326 0.06464166405723978
0 0.5860715611269647 0.3107397270647604 0.031501733020666285 0.04490697387182589
0 0.6753145499272905 0.35776115054198987 0.045980750615002494 0.05527823991917735
0 0.682316310871607 0.3213255175183142 0.026624114873900047 0.032635782625272794
0 0.7726773117419672 0.3538608739531361 0.029083901699005345 0.042377147479318436
0 0.7882044155672635 0.33621507932491557 0.021844392901837314 0.037191514455642775
0 0.8460715378572563 0.3632396305201247 0.02911187203463492 0.04718483978701075
0 0.8643101615283244 0.3983524710378583 0.03876921215346403 0.054900299203193864
1 0.13701923076923078 0.6862980769230769 0.22115384615384615 0.23317307692307693
1 0.23677884615384615 0.7355769230769231 0.06490384615384616 0.3317307692307692
0 0.37259615384615385 0.6009615384615384 0.09615384615384616 0.0625
0 0.5649038461538461 0.6418269230769231 0.10576923076923077 0.14423076923076922
0 0.5480769230769231 0.6153846153846154 0.10096153846153846 0.09134615384615384