0 0.010817307692307692 0.3942307692307692 0.021634615384615384 0.125
0 0.007211538461538462 0.33413461538461536 0.014423076923076924 0.07211538461538461
0 0.034500750161790814 0.28483639418934587 0.03157165885974022 0.055470268720053895
0 0.054975397972927484 0.2921668065773101 0.03644927700650659 0.06751746982491423
0 0.11427519860878732 0.3622209816503111 0.06318527322292507 0.11815207590164625
0 0.1282087946583464 0.2781702772725845 0.03404543085266044 0.06750348465709945
0 0.1656082617211097 0.30242550891217534 0.04131290998545804 0.07716082477592842
0 0.16545442487514692 0.27598320121986764 0.031515718188481076 0.04585488410466928
0 0.23899549525249134 0.31487128729975744 0.04607864678970613 0.06997725665001954
0 0.2688617649939759 0.2837961018974424 0.02912585720244957 0.04824474509070065
0 0.29041946195560986 0.2707008145616217 0.02674998138423326 0.05303845223057817
0 0.34471577793437025 0.3070731731451469 0.05101220560773138 0.09163984237026448
0 0.3613329234940714 0.2711133770121582 0.031599629195370064 0.0602779610277462
0 0.4097175202629201 0.3242776957530695 0.04373074130711912 0.0795786560975895
0 0.40343519410591616 0.2773677328335325 0.03401746051703087 0.06269579234940714
0 0.6177884615384616 0.28966346153846156 0.057692307692307696 0.18990384615384615
0 0.6057692307692307 0.21514423076923078 0.03365384615384615 0.12259615384615384
0 0.734432543381558 0.263608150026509 0.09711882273306707 0.16642479132797647
0 0.9098557692307693 0.4519230769230769 0.18028846153846154 0.39903846153846156
1 0.20673076923076922 0.9867788461538461 0.052884615384615384 0.026442307692307692
1 0.2980769230769231 0.9891826923076923 0.04326923076923077 0.021634615384615384
1 0.3233173076923077 0.9927884615384616 0.036057692307692304 0.014423076923076924
1 0.5048076923076923 0.9783653846153846 0.038461538461538464 0.04326923076923077