0 0.038461538461538464 0.11538461538461539 0.07692307692307693 0.21634615384615385
0 0.1310096153846154 0.020432692307692308 0.0985576923076923 0.040865384615384616
0 0.34615384615384615 0.036057692307692304 0.08173076923076923 0.07211538461538461
0 0.31490384615384615 0.36538461538461536 0.22115384615384615 0.3076923076923077
0 0.4254807692307692 0.15985576923076922 0.0673076923076923 0.15625
0 0.14423076923076922 0.08774038461538461 0.14423076923076922 0.17548076923076922
0 0.007211538461538462 0.8533653846153846 0.014423076923076924 0.057692307692307696
0 0.04187948242051432 0.8846749243286987 0.0409102690843997 0.06211183766473246
0 0.07965537630765165 0.869863685070354 0.036200526001621824 0.06426372334125628
0 0.12831999473406144 0.8868063667666541 0.05601899058187776 0.07969464217362252
0 0.12620192307692307 0.9555288461538461 0.10336538461538461 0.0889423076923077
0 0.231485390756175 0.9461840752519611 0.06872386592550966 0.09715146644385114
0 0.21991102164250143 0.8976032312203935 0.05322334752837376 0.0699532773195766
0 0.15979242556184003 0.8644686384501182 0.04120411675914299 0.06932337612627079
0 0.10796280941677608 0.8581542940881342 0.030805138344442814 0.04958868594085704
0 0.021081525591113905 0.8452055439578708 0.030707189119528387 0.047184839787010886
0 0.220849719566073 0.8029032686207926 0.030707189119528387 0.047184839787010886
0 0.2765565103821421 0.7866330349985606 0.030707189119528248 0.047184839787010886
0 0.32315192465502196 0.9293996990558002 0.053321296753288186 0.07235712347342262
0 0.30725960935822816 0.892586125316141 0.0361025767767074 0.06185987718741
0 0.3762019230769231 0.9543269230769231 0.06009615384615385 0.09134615384615384
0 0.421875 0.9627403846153846 0.07451923076923077 0.07451923076923077
0 0.404001150861561 0.9120484117856642 0.04341206446316029 0.0646416640572395
0 0.38124011939042945 0.883270358868483 0.035906678326878265 0.057052184879717825
0 0.42956191552963874 0.8917995790263216 0.035808729101964115 0.05464833872587167
0 0.453125 0.90625 0.01201923076923077 0.057692307692307696
0 0.4495192307692308 0.9555288461538461 0.019230769230769232 0.0889423076923077
0 0.5324519230769231 0.6923076923076923 0.1466346153846154 0.28365384615384615
0 0.7383092224614979 0.7088502000470496 0.16545722714195812 0.23415025397451353
0 0.880064728691456 0.6850960242473882 0.14823850716537706 0.2236530076885009