0 0.02283653846153846 0.41947115384615385 0.04567307692307692 0.22355769230769232
0 0.015625 0.3088942307692308 0.03125 0.06490384615384616
0 0.02305575339722501 0.2768379784304489 0.04498609370819268 0.05143192161549155
0 0.06406820701145416 0.3089831806748934 0.0633828107252331 0.0710543418282053
0 0.1398383177351952 0.3407377368764426 0.061371413056416364 0.07580608399561967
0 0.1117522848711821 0.4228591521501071 0.07657938694955185 0.08575716945267099
0 0.21165916762072493 0.3975928023426819 0.08035680280100074 0.10264004266987187
0 0.17962446901674917 0.328467735415011 0.039982177157985695 0.04891617518108978
0 0.18796439605578846 0.31306653597612216 0.03816700373168357 0.056071763502350574
0 0.24445458230509012 0.37316369476132516 0.054356098837392446 0.07804207972863253
0 0.24653971283941212 0.3252266470350965 0.0533749776248192 0.06602284895940176
0 0.31029059279392246 0.3567014525352568 0.04518231795070736 0.053835767769337704
0 0.3280003265960786 0.42669274169818416 0.08815701399008323 0.11001943155224361
0 0.34610231051718127 0.5602740536574792 0.14398499301241863 0.1473080269460469
0 0.42076900701742237 0.4756378968884621 0.12132010117155982 0.1635754486201924
0 0.3827984258943364 0.36318764905128254 0.051363579956002395 0.07077459112681626
0 0.30953027344569883 0.33269096606693416 0.03958972867295634 0.04410848287339748
0 0.4093880009515715 0.3362148199653851 0.040570849885529725 0.056127713642628245
0 0.46148752100004525 0.38661266892478685 0.0855569435937224 0.10755963525811965
0 0.5213137177381794 0.4287928818366993 0.10292338415451933 0.14395302840747867
0 0.4954113242619113 0.34661451148370787 0.039393504430441664 0.04170463671955132
0 0.5641906983884636 0.3662099615653318 0.03777455524665422 0.05126407119465813
0 0.5886463843998725 0.2983997229341887 0.03497826060777871 0.04640042874668801
0 0.5949519230769231 0.4014423076923077 0.026442307692307692 0.0673076923076923
0 0.7748215732137742 0.38643476911346164 0.3018035967560385 0.5228695382269233
0 0.7944711538461539 0.10576923076923077 0.17548076923076922 0.21153846153846154
0 0.9759615384615384 0.08774038461538461 0.04807692307692308 0.15625
0 0.04726665502069771 0.7659677354150111 0.07756050816212524 0.09777640022190176
0 0.25912403054476635 0.7601020151372868 0.06858295151795482 0.07597393441645309
0 0.31985781399605145 0.7987044338885689 0.07515666200827908 0.09772045008162401
0 0.515452163182823 0.872836033432052 0.09894974406055577 0.12466630903643178
0 0.5721153846153846 0.8569711538461539 0.07211538461538461 0.13701923076923078
0 0.6418269230769231 0.7692307692307693 0.0673076923076923 0.13942307692307693
0 0.7319711538461539 0.734375 0.07451923076923077 0.06971153846153846
0 0.8317307692307693 0.9110576923076923 0.11538461538461539 0.1778846153846154
0 0.852798710750598 0.7889761440535795 0.09492694872292216 0.1341697933712605
0 0.9386749650620932 0.76818178571218 0.0555334442924805 0.09246515665170946
0 0.9651442307692307 0.9230769230769231 0.06971153846153846 0.15384615384615385
0 0.9651442307692307 0.828125 0.06971153846153846 0.13701923076923078
0 0.9375 0.734375 0.0625 0.06971153846153846