0 0.07211538461538461 0.12620192307692307 0.14423076923076922 0.25240384615384615
0 0.4266826923076923 0.06490384615384616 0.12259615384615384 0.12980769230769232
0 0.3581730769230769 0.037259615384615384 0.14903846153846154 0.07451923076923077
0 0.4987980769230769 0.2127403846153846 0.021634615384615384 0.0889423076923077
0 0.4951923076923077 0.10576923076923077 0.014423076923076924 0.07211538461538461
0 0.5443119235113056 0.15330990763003116 0.04760948171050357 0.07678687506513157
0 0.5550936683922782 0.09163388999097076 0.028962453400143515 0.04465501339450357
0 0.6184111299958972 0.15661605869307377 0.055241044456681335 0.08437635424265352
0 0.6124478101178314 0.11498968183608008 0.03659401614632129 0.05224449257202552
0 0.6212694416704874 0.08696751035086589 0.03377014570783579 0.04490697387182575
0 0.6651924174075672 0.11462196273938084 0.04266178130793149 0.0741310684339631
0 0.6742940651499825 0.08179209894647428 0.03447018618223467 0.05692620464105653
0 0.6766826923076923 0.27524038461538464 0.0889423076923077 0.06490384615384616
0 0.6908420936123764 0.20913806579063193 0.07671194320552689 0.12384573461348115
0 0.7466431704485769 0.1151463269325938 0.042381765118172016 0.06932337612627079
0 0.7407498546179512 0.0723180269986771 0.03391015380271566 0.047310820025672044
0 0.7232810408436241 0.06364749417325122 0.029242469589903022 0.049462705702195874
0 0.807147494308925 0.08441558031616467 0.04196174083353254 0.06211183766473246
0 0.7980102837551744 0.05613633754398606 0.03899786230016744 0.05237047281068655
0 0.8290276846471951 0.1407850955025303 0.05566106874132068 0.09158789270419185
0 0.8043947494931097 0.21397131214653464 0.06922038855422882 0.11866010158980536
0 0.8725961538461539 0.2668269230769231 0.10576923076923077 0.08173076923076923
0 0.9018312554665335 0.10461675538510302 0.04520563555665738 0.07666089482647055
0 0.8558307452719168 0.030339263473910395 0.03701404043096063 0.05945603103356398
0 0.9350069275587456 0.13163619577067015 0.05862494727468592 0.10132925755823777
0 0.9675480769230769 0.21033653846153846 0.06490384615384616 0.13701923076923078
0 0.9612036602973985 0.07274707581108146 0.03983791086944613 0.06679354973376347
0 0.9879807692307693 0.0673076923076923 0.02403846153846154 0.07692307692307693
0 0.14903846153846154 0.9567307692307693 0.10096153846153846 0.08653846153846154
0 0.23918269230769232 0.9759615384615384 0.0889423076923077 0.04807692307692308
0 0.2956730769230769 0.9759615384615384 0.09615384615384616 0.04807692307692308
0 0.43509615384615385 0.953125 0.10576923076923077 0.09375
0 0.5048076923076923 0.7019230769230769 0.03365384615384615 0.09615384615384616
0 0.5776157494279524 0.7158338012746162 0.06597649383110411 0.10411104442806741
0 0.5511378789243095 0.6561104773348035 0.060608769143892585 0.09424369933536034
0 0.5012019230769231 0.6021634615384616 0.026442307692307692 0.04567307692307692
0 0.5240299719937078 0.6072044610872989 0.041541716548893465 0.054900299203193996
0 0.5143208747899931 0.5681709007421432 0.02868243721038401 0.03984732108681119
0 0.49399038461538464 0.5600961538461539 0.01201923076923077 0.04326923076923077
0 0.49158653846153844 0.4723557692307692 0.007211538461538462 0.040865384615384616
0 0.5199912026326238 0.4708151315113739 0.023594728712932094 0.034787668301796554
0 0.5193848747465549 0.522371843580405 0.02373473680781183 0.03719151445564271
0 0.5395375508644876 0.5261087038594775 0.028822445305263747 0.04225116724065728
0 0.5446608221732746 0.582158157639548 0.026278591056537855 0.03972134084815009
0 0.5616396076155226 0.5992421520034356 0.03405016189759526 0.049714666179518065
0 0.5787584011526502 0.6139223002134769 0.04182173273865294 0.05970799151088617
0 0.6034268991180707 0.6018451901345576 0.05566106874132068 0.09158789270419199
0 0.5752689314758707 0.5709680200408991 0.023734736807811966 0.03719151445564271
0 0.5745914779671315 0.5003065189797598 0.01864702831036005 0.03213186167062814
0 0.6264971582628189 0.6377820130132309 0.060608769143892724 0.09424369933536034
0 0.6229139759977094 0.5552902515408525 0.02896245340014348 0.04465501339450343
0 0.6230065670108089 0.4714075966335595 0.021610906843725283 0.04187322652467385
0 0.6052577370467224 0.46754475611582585 0.023454720618052358 0.0323838221479504
0 0.5971705872045701 0.4212366671898011 0.025858566771898513 0.032509802386611567
0 0.5849876397995695 0.3835310101602296 0.02373473680781183 0.03719151445564271
0 0.6351302430635843 0.4072647427213224 0.021050874464206205 0.03225784190928924
0 0.6366703321072619 0.38082243502901475 0.021050874464206205 0.03225784190928924
0 0.6659139232723952 0.45477986553391236 0.023594728712932094 0.03478766830179662
0 0.668890777651436 0.5888283390753218 0.034750202371994214 0.06173389694874894
0 0.6572097128489596 0.5630789226956504 0.026138582961657983 0.03731749469430387
0 0.6831145751274078 0.4886277928553924 0.026418599151417456 0.04212518700199618
0 0.6837112918934924 0.6635416510121863 0.06329263148749849 0.09917737188171394
0 0.7011456644317149 0.7345232134796205 0.07615191082600767 0.11423034999809654
0 0.7244948181909922 0.6422322078435081 0.053817254966993744 0.10107729708091544
0 0.7540528667819899 0.6490709163987052 0.06385266386701743 0.10879275649709855
0 0.8055492554882527 0.690707514874983 0.08646733591579138 0.12675350172197197
0 0.8368466725700329 0.7705485805258347 0.09904659906454108 0.13699878753066239
0 0.8803473808720127 0.5585742989617013 0.08294342500290679 0.10739675225254164
0 0.9627403846153846 0.6923076923076923 0.07451923076923077 0.17307692307692307
0 0.8066337574359556 0.6103676390791285 0.06796031570031093 0.09702548620519011
0 0.7720924456310507 0.5450756305900147 0.06032875295413312 0.08943600702766816
0 0.7240273768245726 0.5679649375515996 0.031086283364230163 0.03997330132547235
0 0.7155202026977812 0.5288683870871133 0.031086283364230163 0.03997330132547235
0 0.7215061095415064 0.48781403211373686 0.02373473680781183 0.03719151445564271
0 0.7214824010006163 0.44707462773701345 0.01864702831036005 0.03213186167062808
0 0.6844553847239803 0.3627408203751221 0.025858566771898513 0.032509802386611567
0 0.7386819312803984 0.3575024188514 0.023174704428292614 0.027576129840258094
0 0.7524286762699668 0.4095051725653872 0.02359472871293196 0.034787668301796554
0 0.7805047855942817 0.4212145635476073 0.02359472871293196 0.034787668301796554
0 0.7937377937108807 0.4408913744233326 0.02359472871293223 0.034787668301796554
0 0.8214875913388865 0.4993497851668914 0.02896245340014348 0.04465501339450343
0 0.8269016115326477 0.447541112620538 0.02896245340014348 0.0446550133945035
0 0.8122911094329108 0.36922203145290405 0.01864702831036005 0.03213186167062808
0 0.7929666276138115 0.330692392062393 0.021050874464206205 0.03225784190928926
0 0.8319300486778742 0.34063294889371465 0.023454720618052358 0.0323838221479504
0 0.8514301014031884 0.4378678486954648 0.029242469589902953 0.049462705702195804
0 0.9582030973774677 0.45623719949417435 0.04945329548483047 0.06729747068840812
0 0.9395086519853274 0.4068902524113555 0.031646315743749105 0.049588685940856934