0 0.028846153846153848 0.03125 0.057692307692307696 0.0625
0 0.09254807692307693 0.008413461538461538 0.06009615384615385 0.016826923076923076
0 0.14783653846153846 0.020432692307692308 0.06490384615384616 0.040865384615384616
0 0.42857021003691936 0.10686095284727155 0.09944050303292548 0.07080241847426522
0 0.4784621081740617 0.15907509952013837 0.11783722004996583 0.09022898668167766
0 0.5606095067795296 0.26810130055573234 0.15664205175286347 0.12430240207118796
0 0.9280055198329618 0.2675732144518139 0.136430161309521 0.11205940104293624
0 0.9879807692307693 0.10096153846153846 0.02403846153846154 0.09134615384615384
0 0.09975961538461539 0.40625 0.19951923076923078 0.09615384615384616
0 0.2801208179581676 0.5952333200313272 0.09713457063425371 0.13081465847328613
0 0.26552629278049394 0.5194142666968518 0.07814918088966927 0.10417655180433517
0 0.32608882634326525 0.42285567901384435 0.08055302704351543 0.10420452308671282
0 0.40799124219471405 0.44061964005041726 0.08594939207875175 0.11147200411300649
0 0.3875577564226902 0.6757350369681099 0.09374960326783424 0.11876745642167783
0 0.48881382961408354 0.6216773118542631 0.0961534494216804 0.11879542770405543
0 0.450941162246172 0.5696030215932842 0.08354554592490561 0.11144403283062888
0 0.5812643895141518 0.44503741853545115 0.0855569435937224 0.10666431180531419
0 0.6664782382325979 0.4592375672648213 0.08452666713747885 0.12346326359985967
0 0.7939556188858663 0.4763310595896456 0.09433827599537828 0.12597899488321626
0 0.858368706067343 0.5299149570337012 0.08933435944517115 0.12351920616461488
0 0.6172479522241731 0.6063608380257308 0.08452666713747899 0.12346326359985968
0 0.5573224531682844 0.9166659344244026 0.11754268532011107 0.14546150565538396
0 0.6947115384615384 0.9555288461538461 0.11057692307692307 0.0889423076923077
0 0.7398684853260792 0.652216570349576 0.09271932681159083 0.1355664082162233
0 0.8841234354465176 0.7571623324192955 0.08791163450389852 0.13551046565146804
0 0.9446859690092888 0.6606037447362881 0.10253093566949026 0.1380821394995799
0 0.9855769230769231 0.71875 0.028846153846153848 0.12980769230769232