0 0.006009615384615385 0.46033653846153844 0.01201923076923077 0.07932692307692307
0 0.12444998993676379 0.5105640478125161 0.053360111090318386 0.08542882178547401
0 0.13136783987419154 0.4605875584755703 0.03876921215346403 0.055574108151673476
0 0.18319038386003178 0.4882400259197662 0.03396151984577172 0.05523792155579125
0 0.20072115384615385 0.5216346153846154 0.05048076923076923 0.07211538461538461
0 0.22407674622713863 0.49470338121553464 0.03882515282472317 0.06518949276705809
0 0.21072273328674426 0.47094232961531995 0.029125857202449843 0.050094042652216716
0 0.2612874135244022 0.48889536579516063 0.029097886866820268 0.045286350344524266
0 0.2674508657549804 0.5157579067323211 0.04366081546804505 0.07033337167063262
0 0.23560649612285148 0.41140923232062493 0.029097886866820268 0.045286350344524405
0 0.27283114858792995 0.408005063054097 0.03391956434232723 0.048026383094252785
0 0.30299809943743267 0.43053892158605345 0.031515718188481076 0.047858289796311536
0 0.32982499924464714 0.4984937170941752 0.029125857202449843 0.050094042652216716
0 0.3474902310353086 0.4372544168287336 0.029097886866820268 0.045286350344524405
0 0.3515505182200587 0.5156315567756453 0.03157165885974022 0.05747367441169615
0 0.34375 0.5480769230769231 0.04326923076923077 0.019230769230769232
0 0.381165054940877 0.44321349223067874 0.029125857202449843 0.050094042652216716
0 0.4016886508393655 0.4602672852631783 0.026735996216418336 0.05232979550812162
0 0.4232113848814626 0.44254935571387927 0.024262224223498115 0.040142471440949734
0 0.4389832291435178 0.46888234676588125 0.02912585720244957 0.050094042652216716
0 0.4484447769129396 0.443112412265338 0.026694040712974116 0.045118257046583156
0 0.4561667739997182 0.5313570767745461 0.024276209391313038 0.042546317594796025
0 0.4726160975456418 0.46762988370628783 0.02429019455912796 0.04495016374864204
0 0.49278846153846156 0.5348557692307693 0.038461538461538464 0.04567307692307692
0 0.5495881225560704 0.4814223307788656 0.033933549510141874 0.05043022924809894
0 0.5733173076923077 0.546875 0.036057692307692304 0.021634615384615384
1 0.8461538461538461 0.09495192307692307 0.2692307692307692 0.18990384615384615
0 0.6538461538461539 0.8725961538461539 0.04807692307692308 0.1778846153846154
0 0.7371440632273297 0.7978566098969918 0.08479191827191074 0.11886403465870889
0 0.8835758936786307 0.7732545318406316 0.0630174512091475 0.09331273343877719
0 0.9699519230769231 0.90625 0.06009615384615385 0.13942307692307693