0 0.021634615384615384 0.6742788461538461 0.04326923076923077 0.07451923076923077
0 0.08369700535655238 0.6466447871887964 0.06197563580678704 0.08408155062871604
0 0.10455529607063248 0.7242535086862745 0.07196896113815508 0.09168488598991222
0 0.15030158473232416 0.6817413393384096 0.059697769891601984 0.08638744755764777
0 0.20140714434675705 0.718605067679925 0.06728724906912394 0.09389283369392952
0 0.23329215634970496 0.7091100745239624 0.05198231047541887 0.07647821526751987
0 0.30034277737043286 0.7298325243629559 0.06463144243795546 0.08898719216132278
0 0.3215211294908079 0.7906632973959682 0.08056628222496634 0.11842104135696346
0 0.3859619411671461 0.6013920310606237 0.03857729708091544 0.04954616145063977
0 0.39560454023436675 0.7624986979807732 0.0725988623314609 0.10370411675914298
0 0.42788461538461536 0.9879807692307693 0.1346153846153846 0.02403846153846154
0 0.49158653846153844 0.859375 0.036057692307692304 0.12259615384615384
0 0.5 0.7872596153846154 0.019230769230769232 0.08413461538461539
0 0.4891826923076923 0.7487980769230769 0.040865384615384616 0.07451923076923077
0 0.5372596153846154 0.5685096153846154 0.055288461538461536 0.15144230769230768
0 0.5504807692307693 0.5192307692307693 0.08173076923076923 0.1201923076923077
0 0.5889337464766491 0.48470555185687414 0.07512868872396822 0.10620591213790356
0 0.5612997373267025 0.4380040080721954 0.0725988623314609 0.10370411675914298
0 0.6654737718741004 0.5034159524416792 0.07487672824664589 0.10139821983021126
0 0.6933120838109651 0.4853605739098833 0.05704196326043364 0.08148180602504104
0 0.6828829384539249 0.4465562131611443 0.0440148905819135 0.06176129066969953
0 0.6121754401060069 0.6535624779755914 0.1419120168384475 0.19048336121644846
0 0.7384556857311868 0.5915440438132794 0.06816911073975208 0.11071975677085259
0 0.7832996694836821 0.6233552067848164 0.11155410012835983 0.16046181667132123
0 0.8160460999186897 0.7218373921021018 0.1419120168384475 0.19048336121644846
0 0.806366064780349 0.44559098285962306 0.04654471697442088 0.06426308604846011
0 0.9199137450850934 0.4610119041229098 0.14772755105542912 0.20991002889704669