0 0.07692307692307693 0.06610576923076923 0.13942307692307693 0.13221153846153846
0 0.23197115384615385 0.02283653846153846 0.036057692307692304 0.04567307692307692
0 0.42788461538461536 0.015625 0.08653846153846154 0.03125
0 0.8774038461538461 0.021634615384615384 0.0673076923076923 0.04326923076923077
0 0.9747596153846154 0.046875 0.05048076923076923 0.09375
0 0.037259615384615384 0.49399038461538464 0.07451923076923077 0.2283653846153846
0 0.18463587713446458 0.5114316726166058 0.10910085652778438 0.20072498338496428
0 0.234375 0.5372596153846154 0.03125 0.18028846153846154
0 0.9555288461538461 0.6814903846153846 0.0889423076923077 0.21394230769230768
0 0.9735576923076923 0.5769230769230769 0.052884615384615384 0.16346153846153846
0 0.7702815314579284 0.5468293002812727 0.12508844225167337 0.1724664386408351
0 0.8067110582256366 0.49395995210249966 0.09505322715538775 0.13059372413626547
0 0.3711196552780838 0.7025336123085647 0.17313964167501356 0.2557921468628139
0 0.27283653846153844 0.4831730769230769 0.04567307692307692 0.19230769230769232
0 0.4795673076923077 0.4182692307692308 0.07932692307692307 0.07692307692307693
0 0.5877403846153846 0.39903846153846156 0.06490384615384616 0.038461538461538464
0 0.588765423188961 0.4586768030069491 0.10777190571881362 0.15505190646188743
0 0.6754807692307693 0.4170673076923077 0.08173076923076923 0.07451923076923077
0 0.7512019230769231 0.421875 0.06490384615384616 0.08413461538461539
0 0.9519230769230769 0.4182692307692308 0.0625 0.07692307692307693