0 0.12259615384615384 0.8629807692307693 0.2403846153846154 0.2692307692307692
0 0.1814903846153846 0.7548076923076923 0.19831730769230768 0.24158653846153846
0 0.26802884615384615 0.5805288461538461 0.12740384615384615 0.16947115384615385
0 0.3557692307692308 0.6225961538461539 0.15985576923076922 0.265625
0 0.45552884615384615 0.5408653846153846 0.11177884615384616 0.23557692307692307
0 0.4699519230769231 0.23677884615384615 0.11177884615384616 0.21394230769230768
0 0.6466346153846154 0.5276442307692307 0.10576923076923077 0.21995192307692307
0 0.7367788461538461 0.8233173076923077 0.265625 0.3233173076923077
0 0.7175480769230769 0.6514423076923077 0.15985576923076922 0.19591346153846154
0 0.7908653846153846 0.5985576923076923 0.12620192307692307 0.1814903846153846
0 0.765625 0.5216346153846154 0.13581730769230768 0.171875
0 0.6862980769230769 0.421875 0.07572115384615384 0.09975961538461539
0 0.71875 0.36538461538461536 0.078125 0.13341346153846154
0 0.9206730769230769 0.4074519230769231 0.08173076923076923 0.13341346153846154