1 0.4716572784027052 0.08944371316635642 0.06673560704715097 0.10437240759201262
1 0.3918269230769231 0.04567307692307692 0.0625 0.09134615384615384
1 0.2860576923076923 0.04326923076923077 0.0625 0.08653846153846154
1 0.10817307692307693 0.016826923076923076 0.038461538461538464 0.03365384615384615
1 0.16330462154771966 0.032230583793653074 0.0413154244907406 0.060725543206546245
1 0.22335555339722107 0.04442373501783255 0.038911578336894445 0.06068358391585349
1 0.24754439157599606 0.031963931696327115 0.03410388602920214 0.060599665334467846
1 0.30469730544522705 0.7431998651389472 0.15690816907150934 0.2571574125864909
1 0.515625 0.7331730769230769 0.1466346153846154 0.3317307692307692
1 0.423071472849002 0.7615975318480372 0.07373683622136713 0.10209443931024485
1 0.06490384615384616 0.6814903846153846 0.12980769230769232 0.33413461538461536