0 0.3894230769230769 0.24158653846153846 0.10096153846153846 0.18028846153846154
0 0.11057692307692307 0.609375 0.12980769230769232 0.11778846153846154
0 0.3125 0.6129807692307693 0.15384615384615385 0.11057692307692307
0 0.38822115384615385 0.6310096153846154 0.10336538461538461 0.07451923076923077
0 0.4206730769230769 0.6081730769230769 0.038461538461538464 0.1201923076923077
0 0.6290612593340464 0.16066604086780314 0.062228668020085434 0.08351643217499927
0 0.6872646295943028 0.18685447048945789 0.07550975451324778 0.09885027194548411
0 0.7425678017831204 0.1632175962488217 0.05417589240925917 0.0733545898511699
0 0.855459217066169 0.24194568689969817 0.11117624954700826 0.1516990245795138
0 0.868814946856696 0.18609283627749912 0.07707236351780612 0.08941703989958108
0 0.7250489281516388 0.08687683978477523 0.04549218893646712 0.0559812090658022
0 0.9295115172185192 0.14229649858339308 0.05135142768076898 0.068364744973996
1 0.3629807692307692 0.7932692307692307 0.15384615384615385 0.25
1 0.15625 0.7956730769230769 0.1778846153846154 0.2548076923076923
1 0.2800480769230769 0.75 0.1466346153846154 0.16346153846153846