0 0.028846153846153848 0.21153846153846154 0.057692307692307696 0.10576923076923077
0 0.11830751545790787 0.2739910427101403 0.10660834083811849 0.1460769780212538
0 0.20815106511912054 0.2207348770014668 0.08968352158649204 0.1289563399094809
0 0.10574985572780743 0.18165276224052748 0.07025696000631552 0.09496681943009204
0 0.055073294147631055 0.14888006119123082 0.06540731219517887 0.08767136238716794
0 0.14631455923517386 0.12925676199105707 0.038783197321278676 0.05595981018954683
0 0.1954605462947795 0.1055600580703156 0.031529703356296 0.04862239385592983
0 0.2436563432981283 0.12515356456415125 0.03876921215346403 0.05355596403570067
0 0.3139342810561661 0.22129251436482839 0.06547723803425279 0.09969059315639885
0 0.36791593075909357 0.20231958417039356 0.060669545726560484 0.09960667457501306
0 0.33623938314074225 0.1295477472570927 0.050900324265213084 0.07299652971993408
0 0.36744742763729793 0.12179073801654748 0.03155767369192557 0.05343008616362228
0 0.2868836185639147 0.11718675887014186 0.03390557917451244 0.04385666083893041
0 0.3049124647177609 0.11687206418994567 0.021858378069652237 0.038839172077773924
0 0.05572979567977706 0.05510908154588439 0.048468507775737364 0.06814687812154895
0 0.003605769230769231 0.11057692307692307 0.007211538461538462 0.038461538461538464
0 0.4180191004588633 0.13653459291199802 0.038783197321278676 0.05595981018954696
0 0.4093818762353649 0.09821991196788439 0.02908390169900562 0.041368896103698614
0 0.4543269230769231 0.12379807692307693 0.04807692307692308 0.06490384615384616
0 0.4735576923076923 0.12740384615384615 0.009615384615384616 0.0625
0 0.10173851663040906 0.1120041627150283 0.033947534677956796 0.051068199300468874
0 0.11733554629477948 0.10692373501783255 0.024304179726942612 0.046092669830005276
0 0.21188889208898087 0.03675672765085039 0.021816422566207742 0.03162763361623547
0 0.19155409595599215 0.05394030469866255 0.014562928601224922 0.02429021728261847
0 0.1541825992288584 0.035359904473632166 0.0193985912445468 0.02918182817169649
0 0.5060096153846154 0.09615384615384616 0.055288461538461536 0.19230769230769232
0 0.5680706853087482 0.14712658404312356 0.08504365129257717 0.15771857517424911
0 0.7439903846153846 0.07211538461538461 0.11778846153846154 0.14423076923076922
0 0.9163346890923296 0.09056171766189386 0.10920797934137191 0.1797727834657927
0 0.8978365384615384 0.46875 0.20432692307692307 0.32211538461538464
0 0.46033653846153844 0.8774038461538461 0.036057692307692304 0.08653846153846154
0 0.75 0.921875 0.25961538461538464 0.15625
0 0.9591346153846154 0.8173076923076923 0.08173076923076923 0.28365384615384615
0 0.5877403846153846 0.7139423076923077 0.15144230769230768 0.16826923076923078