0 0.11357327730103715 0.14246237065514242 0.10947630407846468 0.13603771282449165
0 0.24699960066629012 0.19431631285134857 0.12261465131840765 0.17548037249860335
0 0.29025596960872946 0.15688485247997067 0.09575267494958285 0.1588988289078651
0 0.3486734487488151 0.21948276623514504 0.060769877986766335 0.11047861258958272
0 0.41586538461538464 0.4519230769230769 0.014423076923076924 0.04326923076923077
0 0.4387019230769231 0.5276442307692307 0.06009615384615385 0.040865384615384616
0 0.4505957166499728 0.5012742673798479 0.044808015916459956 0.05641665174987956
0 0.45316156292557636 0.45449737950110536 0.027421534604180772 0.03581231282150746
0 0.49244032817723055 0.47095623334875114 0.03236911647071221 0.041012453614229116
0 0.5132227443820204 0.4606049086408951 0.022613842296488464 0.03541986433647824
0 0.5228365384615384 0.5276442307692307 0.06009615384615385 0.040865384615384616
0 0.5673076923076923 0.5180288461538461 0.04326923076923077 0.06009615384615385
0 0.5360371722806405 0.5046344587583496 0.03993037882934822 0.053620357111003915
0 0.5598179652643425 0.4740466659853158 0.0275614241630199 0.04062000512919976
0 0.7778335450804376 0.5171434566695354 0.03505274174223635 0.05082406247212855
0 0.742872858680539 0.5179039743838418 0.03965059971166996 0.0440049724956193
0 0.7138868152755461 0.5203569757813581 0.027631368942439467 0.043023851283045915
0 0.6962076930187975 0.5068660631932673 0.02515757800917375 0.040423780886685225
0 0.6660197265368816 0.5092209524695263 0.027491479383600338 0.03821615897535361
0 0.6223529376540522 0.47794657321377415 0.02989532553744649 0.038412383217868426
0 0.6363563459006121 0.49354699559193915 0.027421534604180772 0.03581231282150746
0 0.659822387376926 0.4737765105112131 0.03010515987570491 0.04562392167940688
0 0.7680288461538461 0.8918269230769231 0.13701923076923078 0.21634615384615385
0 0.8798076923076923 0.9194711538461539 0.09134615384615384 0.16105769230769232
0 0.9387019230769231 0.9038461538461539 0.0985576923076923 0.19230769230769232
0 0.9663461538461539 0.9014423076923077 0.0673076923076923 0.1971153846153846
0 0.8845213067182487 0.8462495778821086 0.0712945447346042 0.14251350955964157
0 0.8382315886071878 0.9051194293955873 0.06613712852981461 0.1301018303053813