0 0.09751099632178531 0.2965413203341673 0.07064417804391668 0.10233791086944599
0 0.6454326923076923 0.030048076923076924 0.06490384615384616 0.06009615384615385
0 0.6045673076923077 0.140625 0.05048076923076923 0.0985576923076923
0 0.6033653846153846 0.30528846153846156 0.04807692307692308 0.16826923076923078
0 0.6526442307692307 0.36778846153846156 0.1466346153846154 0.14423076923076922
0 0.815037607854433 0.29542237715035957 0.11288593506720883 0.16948188654136848
0 0.7281598587739867 0.2034569195724614 0.0921150767927621 0.14191951409002262
0 0.7768075469256435 0.08802600868129626 0.08448351404658429 0.1342879513438448
0 0.828125 0.016826923076923076 0.06971153846153846 0.03365384615384615
0 0.890625 0.036057692307692304 0.08413461538461539 0.07211538461538461
0 0.9520082999666533 0.08261311006276553 0.0820796678927384 0.13414794324896506
0 0.9171999478176642 0.16609398047953186 0.1012867285826174 0.17599338452850796
0 0.12980769230769232 0.4675480769230769 0.10096153846153846 0.055288461538461536
0 0.6021634615384616 0.5516826923076923 0.04567307692307692 0.22355769230769232
0 0.6213942307692307 0.4519230769230769 0.06490384615384616 0.02403846153846154
0 0.7596153846153846 0.4579326923076923 0.07211538461538461 0.036057692307692304
0 0.9122596153846154 0.5444711538461539 0.17548076923076922 0.2091346153846154