0 0.11778846153846154 0.040865384615384616 0.09134615384615384 0.08173076923076923
0 0.29078208978854797 0.23752069583387309 0.11583400099788167 0.17004191892088755
1 0.8171492919604616 0.37228906438981296 0.15045291083766293 0.2272904937876658
1 0.9519230769230769 0.27403846153846156 0.09615384615384616 0.21634615384615385
0 0.11057692307692307 0.9399038461538461 0.13942307692307693 0.1201923076923077
0 0.2620192307692308 0.9783653846153846 0.15384615384615385 0.04326923076923077
0 0.22716346153846154 0.9423076923076923 0.16105769230769232 0.11538461538461539
0 0.13730748626645217 0.8925676511817197 0.09083047577348516 0.11335337643362838
0 0.16359685314915756 0.8339415823318034 0.09862944430472326 0.14742724687211387
0 0.36889492320419315 0.8591334282901772 0.10107524974926217 0.1499711011208396
1 0.7728365384615384 0.8040865384615384 0.43028846153846156 0.3918269230769231