0 0.24759615384615385 0.12980769230769232 0.1971153846153846 0.25961538461538464
0 0.46033653846153844 0.09134615384615384 0.18028846153846154 0.18269230769230768
0 0.5108173076923077 0.057692307692307696 0.11778846153846154 0.11538461538461539
0 0.6641903698982067 0.07802790518044585 0.09211533807596763 0.13274297483850075
0 0.7199519230769231 0.021634615384615384 0.06490384615384616 0.04326923076923077
0 0.7867865237443605 0.07874114873900048 0.08734960127171967 0.13992654296440948
0 0.6677060368933291 0.26914765957902986 0.12357511559318962 0.16898247432778554
0 0.7275504577188167 0.226228058005169 0.10196847054420381 0.17366430012514464
0 0.9313109814992406 0.1300610280386575 0.07752443913911314 0.10381290998545818
0 0.9272716720662125 0.05552081951770455 0.06790905452372852 0.1037569693141989
0 0.9423076923076923 0.2608173076923077 0.11538461538461539 0.22355769230769232
0 0.9855769230769231 0.20072115384615385 0.028846153846153848 0.13701923076923078
0 0.9771634615384616 0.10216346153846154 0.04567307692307692 0.12740384615384615
0 0.4892899851317516 0.8847156848555364 0.036393336335247446 0.05790208520952962
0 0.4397384282055169 0.8375539889153332 0.031501733020666424 0.043451037950823126
0 0.42284157928951976 0.8254368619713989 0.031543688524110644 0.05066257641236159
0 0.33413701945006363 0.865784795377636 0.03881116765690839 0.060319916531190426
0 0.28380309448134977 0.8907314914689098 0.06059961988748656 0.08688809073383161
0 0.29197181558305235 0.8487131318639539 0.04603669128626164 0.06276571818848108
0 0.33385731609376773 0.8177078723007128 0.024276209391313038 0.04100523629353248
0 0.3639193781846594 0.820286533052244 0.02426222422349839 0.038601390139686324
0 0.280860819366634 0.798169429378018 0.0193985912445468 0.028958035188672133
0 0.24855574055176627 0.8232210142279031 0.03632341049617338 0.045882854440298854
0 0.216257654320806 0.8494745221547109 0.04370277097148955 0.0747709637898972
0 0.20040889163576914 0.8109220801023762 0.03875522698564911 0.05070453191580594
0 0.19538442922694757 0.7736344943821313 0.029069916531190697 0.03862936047531603
0 0.18073839097398328 0.9418128215605659 0.0678391286846546 0.09173773854496813
0 0.12126377574043848 0.8417105695644879 0.05576395724416468 0.08205242809050958
0 0.1427305691112763 0.8129902822286673 0.029139842370264627 0.0506485912445468
0 0.15217813171288336 0.7842000690537726 0.026666070377344406 0.03861537530750125
0 0.14848845147522532 0.7697560143789736 0.024248239055683466 0.036197543985840304
0 0.12922971190882654 0.7648364407287628 0.026652085209529622 0.036211529153655095
0 0.10292026331075937 0.7875191423443385 0.026680055545159193 0.0410192214613474
0 0.08832237178999752 0.7573871544143729 0.02913984237026456 0.0506485912445468
0 0.0737874135244022 0.7380724741767148 0.024262224223498254 0.038601390139686456
0 0.044885319006989215 0.7282892675475527 0.021858378069652098 0.03858740497187167
0 0.054843340233836295 0.7872394389880426 0.038755226985649247 0.05070453191580594
0 0.010817307692307692 0.8617788461538461 0.021634615384615384 0.0889423076923077
0 0.01201923076923077 0.7764423076923077 0.02403846153846154 0.07692307692307693
0 0.028254188279473277 0.7618452175266952 0.033947534677956935 0.050676561580176374
0 0.02569650527966434 0.7353889246665728 0.024248239055683466 0.036197543985840304
0 0.7325749201276384 0.7776606200024939 0.08479191827191074 0.11347025010428716
0 0.6997663752714379 0.7161737433139171 0.058139833062381255 0.07725872095063206
0 0.8656177747190079 0.7147348737392919 0.05573598690853524 0.07724473578281714
0 0.8993345541280205 0.7257479737810069 0.06550520836988237 0.10374298414638397
0 0.9008013940382753 0.5647042666411293 0.033947534677956796 0.050676561580176374
0 0.9879807692307693 0.71875 0.02403846153846154 0.07692307692307693