0 0.12139423076923077 0.4795673076923077 0.0889423076923077 0.040865384615384616
0 0.03245192307692308 0.46634615384615385 0.06490384615384616 0.0673076923076923
0 0.026442307692307692 0.43509615384615385 0.052884615384615384 0.12980769230769232
0 0.23910820195933077 0.299773360786847 0.04548565174641685 0.08170706068987912
0 0.3495795581774788 0.3536391544108512 0.05876495536956565 0.10404171654889333
0 0.4199092787955311 0.38089892370677786 0.058484939179805906 0.09923402424120116
0 0.45862712490593904 0.4244718792066582 0.06908038045934908 0.11662097969764318
0 0.5877403846153846 0.4254807692307692 0.08413461538461539 0.14903846153846154
0 0.8173076923076923 0.4266826923076923 0.15384615384615385 0.1466346153846154
0 0.810697995431301 0.3217128224773425 0.0919750686978825 0.1395156679361766
0 0.7651423396374443 0.2435641139364524 0.07444810514656061 0.12651638050278727
0 0.9543269230769231 0.3485576923076923 0.09134615384615384 0.21153846153846154
0 0.9891826923076923 0.2860576923076923 0.021634615384615384 0.16346153846153846
0 0.9678128741167001 0.16181187931525393 0.042381765118172154 0.06954782182576863
0 0.3557692307692308 0.5228365384615384 0.0625 0.04567307692307692
0 0.4326923076923077 0.5336538461538461 0.12980769230769232 0.0673076923076923
0 0.6502403846153846 0.5661057692307693 0.021634615384615384 0.12259615384615384
0 0.7537649995656175 0.658052004568699 0.1042506071159825 0.18574877723877245
0 0.7517585907307509 0.5821908426276654 0.07162423470807511 0.11916483394636906
0 0.9009715016001969 0.6386241990412855 0.08616361118514167 0.1631341051899988