0 0.013221153846153846 0.359375 0.026442307692307692 0.04567307692307692
0 0.019781261629016757 0.32620950063550463 0.02691781949272709 0.04178877034713771
0 0.05713877650195381 0.3333218277337687 0.024402088209370457 0.03208944157432087
0 0.0621973682857306 0.2513811981094193 0.019622367184055634 0.03432539941330285
0 0.07003910266607918 0.408623260792762 0.03186536821230736 0.053975889431232375
0 0.09919294061838671 0.43405823859588477 0.03913284923860106 0.059035414211221084
0 0.128793477023422 0.3945473981664453 0.03418530051902079 0.04684829512712614
0 0.11884243701950609 0.36603702095001983 0.029321665646573243 0.041872714504569655
0 0.11533372521174443 0.2711690420305288 0.01953845333692291 0.027113860951764386
0 0.14402603700482144 0.25694055829518986 0.021970270773146686 0.02960165126304263
0 0.18015365751845772 0.261691011318324 0.026805934363216613 0.03217338573175282
0 0.20083809136754854 0.2826121013647666 0.01956642461930053 0.029517707105610542
0 0.1952900021421636 0.3224854232968083 0.026889848210349336 0.03938492419329155
0 0.21340276214314263 0.3290673805776063 0.017162578465454378 0.02943376294817859
0 0.22076814265775793 0.34203670195146374 0.01959439590167815 0.0319215532594567
0 0.21758194266265285 0.37822031049530425 0.029349636928950727 0.044276560658415814
0 0.21094381548985525 0.42775098912144655 0.03178145436517464 0.04676435096969392
0 0.19364222267782694 0.49088057030218724 0.05867130257552397 0.08614927516298547
0 0.248818799086778 0.47933447006586477 0.044024455393426365 0.06641484098762344
0 0.30203822779461065 0.402926495754412 0.029349636928950727 0.044276560658415814
0 0.3125058944571983 0.37250067012289073 0.02443005949174794 0.034493287728167024
0 0.3477672472824428 0.40613924907089466 0.03415732923664304 0.04444444897327999
0 0.34146393343286263 0.3811087248490903 0.029321665646572972 0.041872714504569655
0 0.41542458061985515 0.43383688958587313 0.04886011898349588 0.06898657545633405
0 0.6174142174876199 0.19249462641780946 0.1835611015766416 0.2875458118074064
0 0.8299168462027949 0.16463287617737754 0.18107334157566266 0.28025032918843584
0 0.96875 0.06129807692307692 0.0625 0.12259615384615384
0 0.8737980769230769 0.025240384615384616 0.0985576923076923 0.05048076923076923
0 0.78125 0.028846153846153848 0.08653846153846154 0.057692307692307696
0 0.6935096153846154 0.019230769230769232 0.09375 0.038461538461538464
0 0.5709134615384616 0.06490384615384616 0.10817307692307693 0.12980769230769232
0 0.5168269230769231 0.01201923076923077 0.07211538461538461 0.02403846153846154
0 0.4387019230769231 0.5805288461538461 0.021634615384615384 0.04567307692307692
0 0.33413461538461536 0.5757211538461539 0.038461538461538464 0.036057692307692304
0 0.4254807692307692 0.6502403846153846 0.04807692307692308 0.12740384615384615
0 0.32608899084363296 0.7448106784956531 0.05389158155020928 0.08838523300196745
0 0.11899375287664078 0.617372519340712 0.05621151385692258 0.08125763869786108
0 0.08413461538461539 0.5817307692307693 0.052884615384615384 0.04807692307692308
0 0.013221153846153846 0.6742788461538461 0.026442307692307692 0.11778846153846154
0 0.02283653846153846 0.9206730769230769 0.04567307692307692 0.15865384615384615
0 0.6745759128800672 0.7106760936806775 0.13408561438083816 0.16567462096645696
0 0.7773119436419557 0.6529799564495595 0.1047359774518873 0.12139806030804114
0 0.78125 0.5721153846153846 0.08653846153846154 0.028846153846153848
0 0.9158653846153846 0.5889423076923077 0.09134615384615384 0.0625
0 0.9591346153846154 0.8137019230769231 0.08173076923076923 0.1658653846153846