0 0.11899038461538461 0.41225961538461536 0.04567307692307692 0.09495192307692307
0 0.13701923076923078 0.36899038461538464 0.040865384615384616 0.08774038461538461
0 0.21634615384615385 0.36778846153846156 0.036057692307692304 0.078125
0 0.32211538461538464 0.39783653846153844 0.15264423076923078 0.28365384615384615
0 0.4230769230769231 0.296875 0.02283653846153846 0.057692307692307696
0 0.5024038461538461 0.20793269230769232 0.042067307692307696 0.0889423076923077
0 0.4831730769230769 0.38221153846153844 0.06129807692307692 0.11298076923076923
0 0.6117788461538461 0.2512019230769231 0.04567307692307692 0.08413461538461539
0 0.6586538461538461 0.4098557692307692 0.0733173076923077 0.14423076923076922
0 0.7223557692307693 0.20192307692307693 0.07091346153846154 0.11658653846153846
0 0.7872596153846154 0.2608173076923077 0.055288461538461536 0.10336538461538461
0 0.9170673076923077 0.19591346153846154 0.0673076923076923 0.11778846153846154