0 0.06971153846153846 0.7319711538461539 0.07932692307692307 0.1346153846153846
0 0.13221153846153846 0.65625 0.057692307692307696 0.10216346153846154
0 0.20432692307692307 0.6754807692307693 0.055288461538461536 0.10216346153846154
0 0.25600961538461536 0.7091346153846154 0.07211538461538461 0.11298076923076923
0 0.33774038461538464 0.7884615384615384 0.18389423076923078 0.2956730769230769
0 0.4723557692307692 0.7223557692307693 0.1201923076923077 0.19110576923076922
0 0.5877403846153846 0.6959134615384616 0.08774038461538461 0.16346153846153846
0 0.6430288461538461 0.6502403846153846 0.0733173076923077 0.11778846153846154
0 0.609375 0.5240384615384616 0.05048076923076923 0.078125
0 0.8185096153846154 0.8173076923076923 0.17307692307692307 0.22956730769230768
0 0.875 0.703125 0.09014423076923077 0.12980769230769232