1 0.10756023490671171 0.16750808714522877 0.14431636720853014 0.22635055564430176
1 0.875 0.3233173076923077 0.25 0.5600961538461539
1 0.1658653846153846 0.9194711538461539 0.1875 0.16105769230769232
0 0.7942244646966395 0.887431678967024 0.08047374565440493 0.1054978987893162
0 0.9264211754516752 0.771192205828349 0.06367479385985948 0.10642957993190877
0 0.9751965385227245 0.7236116346690186 0.03913284923860079 0.061057256289458635
0 0.9807692307692307 0.6742788461538461 0.038461538461538464 0.06009615384615385
0 0.9077769610855217 0.7198849100986481 0.0633671097537058 0.07998727223960109
0 0.858540071855242 0.727802019719517 0.04891606154825139 0.07632157036182335
0 0.8675680595406968 0.6764800133394601 0.05126396513734231 0.07172418734145279
0 0.8224823795475497 0.7309566590293459 0.05137585026685279 0.08133957195683741
0 0.8027900841575499 0.6929756717894597 0.04645627282965 0.07130356876680903
0 0.6237883016084583 0.8193257914155279 0.06596675488419515 0.0970245046038459
0 0.6412297508323748 0.7672677025298442 0.041620609239580074 0.06847910403831897
0 0.6671965467242631 0.7240889157539183 0.03667306051999967 0.056039254694444304
0 0.6309290697987388 0.709214708909901 0.04897200411300663 0.08112926266951553
0 0.5746484698011862 0.7321858233158127 0.044024455393426094 0.06868941332564085
0 0.5360576923076923 0.796875 0.052884615384615384 0.11778846153846154
0 0.5336538461538461 0.7115384615384616 0.04807692307692308 0.08653846153846154
0 0.5192307692307693 0.7728365384615384 0.019230769230769232 0.0889423076923077
0 0.5300480769230769 0.9122596153846154 0.040865384615384616 0.14182692307692307