1 0.9133310041315263 0.061021578987378665 0.10308589189879915 0.10873248363566877
1 0.7091133868018274 0.13317811775105823 0.08354703174603205 0.10381290998545804
1 0.6515446839594501 0.1496763893843336 0.06804563659596237 0.08690207590164625
0 0.2824519230769231 0.9831730769230769 0.08413461538461539 0.03365384615384615
0 0.46634615384615385 0.9507211538461539 0.02403846153846154 0.0985576923076923
0 0.5024038461538461 0.8473557692307693 0.04807692307692308 0.10336538461538461
0 0.5949735918022537 0.8124168903482606 0.06850777297895924 0.09411361436318472
0 0.719513297824913 0.9141406204557054 0.10345486404293418 0.15198772923708476
0 0.7173225359485469 0.7794623025851544 0.07152780097680128 0.10374298414638411
0 0.836235897833432 0.7813564914689098 0.08385512266802991 0.10862060229315039
0 0.9341792507027846 0.8853302308842381 0.10345486404293425 0.15198772923708476
0 0.9371508541755396 0.7639080297793778 0.06687415413010783 0.1061188599646007