0 0.010817307692307692 0.38221153846153844 0.021634615384615384 0.08653846153846154
0 0.0903673163910916 0.3884119174950814 0.05223427095274126 0.08100580622556482
0 0.12325505949368663 0.3560706434484643 0.045148712729863934 0.08315781990711471
0 0.17021349285158557 0.44441007483290523 0.06728724906912394 0.0935287019393881
0 0.20714282521062177 0.380734856628856 0.05741990397641699 0.08838523300196745
0 0.22313554430732108 0.3273885483783642 0.04464479177521931 0.07354243529173009
0 0.27868618794238914 0.36623927321537875 0.044140870820574725 0.06392705067634548
0 0.30151761559428547 0.34264723733695146 0.0368033521203751 0.06127137205020306
0 0.24759615384615385 0.4639423076923077 0.07211538461538461 0.07211538461538461
0 0.2818663587667706 0.4429105176661594 0.06007571060758547 0.09327686946709185
0 0.3798076923076923 0.46634615384615385 0.07211538461538461 0.0673076923076923
0 0.3560604173200642 0.40072873140473525 0.0470486379290654 0.07362637944916219
0 0.36598053091281757 0.3487942066247467 0.04123310371208392 0.05422772190352877
0 0.4057699726899403 0.3450052818732712 0.031617719096699304 0.05389194527380043
0 0.41741637355282973 0.3745916659304716 0.041988985144050764 0.0686507988266057
0 0.4411057692307692 0.4026442307692308 0.016826923076923076 0.07932692307692307
0 0.43990384615384615 0.34375 0.019230769230769232 0.052884615384615384
0 0.44471153846153844 0.33533653846153844 0.009615384615384616 0.06009615384615385
0 0.09034521274889766 0.7724205453143891 0.11155410012835996 0.15985959876957961
0 0.16501252739898356 0.5838559761406459 0.04882258288960573 0.06169109283736336
0 0.28219153098270766 0.6829402087269941 0.06475742267661662 0.09104091162810973
0 0.320532200015227 0.7067955147447493 0.07184298089949391 0.08888889794655998
0 0.35052750843825764 0.7525372686194162 0.1033347197575322 0.14037699706651424
1 0.7692307692307693 0.5901442307692307 0.3942307692307692 0.18028846153846154