0 0.013221153846153846 0.3016826923076923 0.026442307692307692 0.09375
0 0.04567307692307692 0.3137019230769231 0.09134615384615384 0.15144230769230768
0 0.09299144669837887 0.16230777879787098 0.05794636315640293 0.09585931142399126
0 0.1658062791079586 0.1441560445348496 0.05526273788487866 0.08604770256609197
0 0.17672286832393314 0.3486546142324523 0.08508811864290572 0.12205623963011411
0 0.4326923076923077 0.5168269230769231 0.1346153846153846 0.10576923076923077
0 0.3335452883860806 0.3831419175017785 0.07526289968926256 0.11405980419851694
0 0.40197209716448506 0.35017465783065077 0.05533268266429822 0.08845154871993813
0 0.436303280549608 0.3710487555009596 0.04784136508508164 0.07824749137700948
0 0.5163075408578078 0.3956511137790472 0.04770147552624265 0.07343979906931718
0 0.5900059317462583 0.26432238604274194 0.03526257608049504 0.058035600933667005
0 0.6408713972638348 0.2552219412893961 0.052369278275095826 0.06902455524665421
0 0.7542147522184931 0.29338874665499676 0.05024521123892793 0.07844371561952415
0 0.7027362586035969 0.48917971681644884 0.06254422112583669 0.08904022144748215
0 0.6922558129815953 0.43531398021926004 0.05250916783393496 0.07383224755434653
0 0.6182040851053827 0.45456952543794726 0.06282400024351467 0.09865560606286677
0 0.5300480769230769 0.5252403846153846 0.0889423076923077 0.0889423076923077
0 0.8279038943708166 0.13888098068012533 0.050105321680088806 0.07363602331183185
0 0.8115316123601204 0.1218824109825226 0.032439061250131504 0.04341629976807527
0 0.8614656851823249 0.1861973860427419 0.07257927441773841 0.10424819534061779
0 0.8293269230769231 0.27163461538461536 0.08173076923076923 0.12980769230769232
0 0.9200395287987054 0.4090435175137148 0.13815684471219677 0.21511925641522986
0 0.9454161898822645 0.2822037664655777 0.09682757029445864 0.113421976227303
0 0.911478951520076 0.16497959839890802 0.04268394888029165 0.06583581212274936
0 0.9735576923076923 0.2127403846153846 0.052884615384615384 0.07451923076923077
0 0.038461538461538464 0.8149038461538461 0.07692307692307693 0.15865384615384615
0 0.09495192307692307 0.9579326923076923 0.18990384615384615 0.08413461538461539
0 0.18389423076923078 0.9399038461538461 0.15625 0.1201923076923077
0 0.390625 0.6177884615384616 0.0889423076923077 0.09615384615384616
0 0.4948606492485326 0.8230701429113767 0.09278927056038072 0.13947183543458136
0 0.550314723999416 0.9047026016548058 0.09519311671422688 0.1396680596770959
0 0.6322115384615384 0.9543269230769231 0.11057692307692307 0.09134615384615384
0 0.7235576923076923 0.9603365384615384 0.12980769230769232 0.07932692307692307
0 0.7584134615384616 0.9026442307692307 0.06009615384615385 0.13701923076923078
0 0.8353365384615384 0.7572115384615384 0.09375 0.15865384615384615
0 0.869956317681535 0.8945964580670516 0.13547321944067264 0.20530764755733072
0 0.8754120104762568 0.7070964580670516 0.0875619095761713 0.12465631002647506
0 0.9627403846153846 0.7764423076923077 0.07451923076923077 0.12980769230769232