0 0.05889423076923077 0.2980769230769231 0.06009615384615385 0.09254807692307693
0 0.08533653846153846 0.3629807692307692 0.038461538461538464 0.06129807692307692
0 0.11778846153846154 0.36778846153846156 0.04567307692307692 0.06490384615384616
0 0.140625 0.35697115384615385 0.027644230769230768 0.05889423076923077
0 0.15625 0.3737980769230769 0.021634615384615384 0.042067307692307696
0 0.1658653846153846 0.38100961538461536 0.021634615384615384 0.052884615384615384
0 0.21995192307692307 0.38341346153846156 0.027644230769230768 0.04447115384615385
0 0.24519230769230768 0.38341346153846156 0.03365384615384615 0.055288461538461536
0 0.27283653846153844 0.38341346153846156 0.027644230769230768 0.038461538461538464
0 0.3125 0.38221153846153844 0.021634615384615384 0.038461538461538464
0 0.328125 0.38221153846153844 0.026442307692307692 0.05048076923076923
0 0.36899038461538464 0.3798076923076923 0.03125 0.04807692307692308
0 0.3954326923076923 0.3737980769230769 0.027644230769230768 0.040865384615384616
0 0.4182692307692308 0.3449519230769231 0.042067307692307696 0.0625
0 0.5204326923076923 0.3737980769230769 0.054086538461538464 0.07451923076923077
0 0.6742788461538461 0.3762019230769231 0.02403846153846154 0.05048076923076923
0 0.6983173076923077 0.3894230769230769 0.02403846153846154 0.04326923076923077
0 0.7331730769230769 0.3329326923076923 0.03245192307692308 0.052884615384615384
0 0.7788461538461539 0.3713942307692308 0.04447115384615385 0.06490384615384616
0 0.8365384615384616 0.32211538461538464 0.04326923076923077 0.08052884615384616
0 0.8689903846153846 0.31009615384615385 0.06490384615384616 0.09735576923076923
0 0.9591346153846154 0.3173076923076923 0.06009615384615385 0.11778846153846154