0 0.3653328831464304 0.2615962843389393 0.0757779384762231 0.10947381493455474
0 0.4634578626425838 0.32940140484276814 0.10999121027762139 0.15813816808117748
0 0.3797402902976904 0.05395730706609679 0.036701031802377285 0.055917850898853934
0 0.40512053132496306 0.06641711038760229 0.039048935391468205 0.05115211788185452
0 0.44798417849971855 0.03231660838930399 0.04396851282867099 0.060851421078624776
0 0.4631764656881796 0.09867413336423023 0.0488321477011184 0.06574303196770273
0 0.5187446400504172 0.1236776585886268 0.05375172513832119 0.07544233516447299
0 0.5025462287616763 0.07412607704527734 0.03896502154433534 0.04394057942031605
0 0.486655501579089 0.05101680319423543 0.026861876927971852 0.036519244505313415
0 0.5072115384615384 0.018028846153846152 0.03365384615384615 0.036057692307692304
0 0.5645147743965018 0.02954394168021399 0.03913284923860106 0.05836365634339298
0 0.6217463979948931 0.09423190808841862 0.053723753855943704 0.07303848901062683
0 0.6658267959530744 0.164698713782428 0.06853842873230703 0.10694409090863005
0 0.8773101569920948 0.26692784402574293 0.0976642954022368 0.13148606393540546
0 0.9711538461538461 0.1778846153846154 0.057692307692307696 0.1201923076923077
0 0.8586091579958719 0.10557643668320082 0.06588284103706216 0.08526751623332192
0 0.8978530502986695 0.07021107267194032 0.05369578257356595 0.07063464285678069
0 0.8577840051657326 0.03466297514473932 0.04153669539244721 0.0584056156340858
0 0.8125 0.014423076923076924 0.038461538461538464 0.028846153846153848
0 0.7584134615384616 0.014423076923076924 0.036057692307692304 0.028846153846153848
0 0.7626091538951025 0.11711921890164152 0.0780139569358034 0.09509269730217057
0 0.6984736759413266 0.07874768231366612 0.04891606154825139 0.07295457042924133
0 0.6750916974734248 0.031474069052084205 0.03672900308475491 0.058321697052700086
0 0.6236327754247534 0.04980271353295759 0.03916082052097868 0.06076750249723913
0 0.6045673076923077 0.006009615384615385 0.03125 0.01201923076923077
0 0.602990298499229 0.03141721340822235 0.03169754051804164 0.03900700924054522
0 0.7919999056823058 0.06115332541991728 0.0389929928267131 0.04634442557416221
0 0.7055288461538461 0.019230769230769232 0.036057692307692304 0.038461538461538464
0 0.8990384615384616 0.019230769230769232 0.03365384615384615 0.038461538461538464
0 0.9855769230769231 0.03365384615384615 0.028846153846153848 0.0673076923076923
0 0.9903846153846154 0.008413461538461538 0.019230769230769232 0.016826923076923076
0 0.037259615384615384 0.8918269230769231 0.07451923076923077 0.1201923076923077
0 0.12139423076923077 0.9038461538461539 0.21394230769230768 0.19230769230769232
0 0.2500058944571983 0.8907922134082222 0.13936881848894972 0.20431475649256853
0 0.33774038461538464 0.9735576923076923 0.036057692307692304 0.052884615384615384
0 0.37355138777356267 0.9557082261464233 0.03435312821328637 0.06068358391585349
0 0.42288617649216403 0.9613760839133186 0.05134787898447503 0.07540037587378023
0 0.53125 0.9747596153846154 0.0673076923076923 0.05048076923076923
0 0.5141064595676187 0.9521532292673385 0.0488321477011184 0.06574303196770287
0 0.45018076623167474 0.9318105388332092 0.03924473436811154 0.06797904095877759
0 0.39736607905300336 0.9368970498225824 0.029405579493705966 0.04858043456523708
0 0.4997804400675493 0.8569705300916048 0.029377608211328485 0.04617658841139079
0 0.5511134913455216 0.8278245779184238 0.029377608211328347 0.04617658841139079
0 0.6187436954658703 0.9599880737970921 0.04886011898349602 0.06814687812154901
0 0.5979194052048916 0.9259775736723568 0.034325156930908755 0.05827973776200734
0 0.6754807692307693 0.9639423076923077 0.057692307692307696 0.07211538461538461
0 0.7271634615384616 0.9675480769230769 0.07451923076923077 0.06490384615384616
0 0.6940312944351714 0.9240501760693008 0.04159263795720246 0.06321330794177818
0 0.6673232595602764 0.9007520854101412 0.03186536821230736 0.05343008616362214
0 0.7153582257136331 0.8979855019932287 0.034241243083775755 0.051068199300468874
0 0.7574954616118846 0.9047294049649686 0.03670103180237742 0.055917850898853934
0 0.7640924739264299 0.9553150724224698 0.05148773539636299 0.087419606643011
0 0.8737980769230769 0.9651442307692307 0.07451923076923077 0.06971153846153846
0 0.8563328667433532 0.9304881974218362 0.05129193641971979 0.07059268356608793
0 0.8068162646892973 0.9091953396549408 0.04631641641776177 0.05608568806162522
0 0.865430782634752 0.8861848807384536 0.05129193641971979 0.07059268356608793
0 0.9145977436590876 0.877429661582272 0.04637235898251701 0.06089338036931767
0 0.9915865384615384 0.8810096153846154 0.016826923076923076 0.06009615384615385
0 0.96875 0.9567307692307693 0.0625 0.08653846153846154
0 0.9903846153846154 0.9759615384615384 0.019230769230769232 0.04807692307692308