0 0.2846420792983786 0.09128186101680841 0.03267705067634548 0.043599405350569734
0 0.26329743892596497 0.184656464438817 0.03267705067634548 0.04359940535056977
0 0.2728822891296653 0.2554195493369651 0.04760379254401492 0.05928433799757826
0 0.3316086315840319 0.2653798191840448 0.04279610023632262 0.058863719422934495
0 0.9014423076923077 0.13942307692307693 0.1971153846153846 0.27884615384615385
0 0.8125 0.11177884615384616 0.24519230769230768 0.22355769230769232
0 0.003605769230769231 0.5216346153846154 0.007211538461538462 0.03365384615384615
0 0.05048076923076923 0.5132211538461539 0.019230769230769232 0.026442307692307692
0 0.06991751836690853 0.529081524251851 0.0200702108050901 0.02572093583703701
0 0.10454815999825537 0.5731015481770646 0.0401404216101802 0.05144187167407402
0 0.11331266537228743 0.5292613221928766 0.02512973558507867 0.03335309287321937
0 0.15698634972283645 0.5559885824698708 0.032509162361481304 0.038791713042877464
0 0.19281891443110644 0.6001137610387454 0.055151107635281596 0.06953065047492867
0 0.28905670474238465 0.6061222863777764 0.037568687141469874 0.04642387007905969
0 0.33121939425915603 0.6761187774240015 0.07032968197524744 0.09242712158347562
0 0.3965429612001628 0.669777897412463 0.04005647745274825 0.04903802552022786
0 0.6418269230769231 0.8737980769230769 0.08653846153846154 0.15625
0 0.9158653846153846 0.9050480769230769 0.14423076923076922 0.18990384615384615
0 0.9387019230769231 0.8305288461538461 0.12259615384615384 0.3389423076923077
0 0.9771634615384616 0.6850961538461539 0.04567307692307692 0.11057692307692307