0 0.09254807692307693 0.5697115384615384 0.09735576923076923 0.16105769230769232
0 0.0733173076923077 0.6177884615384616 0.09014423076923077 0.1502403846153846
0 0.20673076923076922 0.5889423076923077 0.10576923076923077 0.18509615384615385
0 0.054086538461538464 0.44711538461538464 0.042067307692307696 0.07091346153846154
0 0.06850961538461539 0.421875 0.04807692307692308 0.07451923076923077
0 0.14903846153846154 0.421875 0.038461538461538464 0.056490384615384616
0 0.16466346153846154 0.40384615384615385 0.03485576923076923 0.06490384615384616
0 0.20552884615384615 0.4014423076923077 0.037259615384615384 0.052884615384615384
0 0.24519230769230768 0.4026442307692308 0.04447115384615385 0.07091346153846154
0 0.32091346153846156 0.36177884615384615 0.028846153846153848 0.055288461538461536
0 0.33413461538461536 0.3161057692307692 0.028846153846153848 0.05048076923076923
0 0.3473557692307692 0.5108173076923077 0.06610576923076923 0.11177884615384616
0 0.359375 0.44711538461538464 0.051682692307692304 0.078125
0 0.40384615384615385 0.47475961538461536 0.05048076923076923 0.10576923076923077
0 0.4375 0.4675480769230769 0.06370192307692307 0.09134615384615384
0 0.4735576923076923 0.46033653846153844 0.04927884615384615 0.0829326923076923
0 0.35697115384615385 0.3894230769230769 0.028846153846153848 0.052884615384615384
0 0.3737980769230769 0.38461538461538464 0.027644230769230768 0.04927884615384615
0 0.5336538461538461 0.44350961538461536 0.04567307692307692 0.07091346153846154
0 0.5 0.42908653846153844 0.03365384615384615 0.057692307692307696
0 0.5829326923076923 0.4423076923076923 0.039663461538461536 0.0673076923076923
0 0.6201923076923077 0.47596153846153844 0.05048076923076923 0.08173076923076923
0 0.5853365384615384 0.3870192307692308 0.021634615384615384 0.038461538461538464
0 0.6021634615384616 0.4026442307692308 0.027644230769230768 0.051682692307692304
0 0.6358173076923077 0.4170673076923077 0.027644230769230768 0.040865384615384616
0 0.6574519230769231 0.40865384615384615 0.03125 0.046875
0 0.6947115384615384 0.4110576923076923 0.03365384615384615 0.05048076923076923
0 0.6225961538461539 0.3112980769230769 0.03125 0.05048076923076923
0 0.9002403846153846 0.35096153846153844 0.04567307692307692 0.0673076923076923