0 0.3473557692307692 0.0829326923076923 0.055288461538461536 0.1658653846153846
0 0.37699140365865813 0.0702609540742578 0.08090992934998895 0.1397054438070575
0 0.5785076737320094 0.11845613430970808 0.09108487220072967 0.15927198966755512
0 0.5557631906128088 0.07482442203787508 0.08352360984209366 0.14700092642602802
0 0.020432692307692308 0.6778846153846154 0.040865384615384616 0.24519230769230768
0 0.16833151734839 0.6685667629602542 0.12436327080389539 0.23007480217571072
0 0.203125 0.8954326923076923 0.23317307692307693 0.2091346153846154
0 0.22832636711607904 0.79374608894215 0.17661838317373524 0.21028695825460111
0 0.2764423076923077 0.7427884615384616 0.08653846153846154 0.19230769230769232
0 0.265625 0.6634615384615384 0.10817307692307693 0.18269230769230768
0 0.21581029670958266 0.563648411432376 0.08473839474580831 0.10621948596807557
0 0.25240384615384615 0.5084134615384616 0.08653846153846154 0.13701923076923078
1 0.4423076923076923 0.9723557692307693 0.11057692307692307 0.055288461538461536
1 0.578125 0.9663461538461539 0.07932692307692307 0.0673076923076923
1 0.8954326923076923 0.9747596153846154 0.06971153846153846 0.05048076923076923
1 0.71875 0.9387019230769231 0.0673076923076923 0.12259615384615384
1 0.9639423076923077 0.9663461538461539 0.07211538461538461 0.0673076923076923
1 0.3659329023290466 0.8084706804432599 0.049545763444732764 0.05215965237941097
1 0.5339223539805993 0.8122099740383985 0.04289378321855041 0.07113858913788394
1 0.7932692307692307 0.9699519230769231 0.057692307692307696 0.06009615384615385
1 0.7647301702302044 0.9266215725349239 0.06466828816200486 0.07670177886246503
1 0.43695128103663744 0.8023885585682441 0.0396505997116701 0.042208491134298004
1 0.6239138333641997 0.773046347905719 0.02529746756801274 0.04410867234355164