0 0.21573717471275172 0.38919854746915283 0.03326529681216223 0.04454257069311861
0 0.24229144333906844 0.3926798350970579 0.0283456435704609 0.041942826089443594
0 0.2570504030641724 0.4004790689080831 0.03371314054819818 0.05415795530850322
0 0.2902564054819825 0.3922349734415007 0.03852083285589062 0.05435385375833208
0 0.33931132976781064 0.3894352402445546 0.02823368263645188 0.03953897993559744
0 0.3550482907018197 0.39247575636034465 0.02879348730649685 0.05155821070482821
0 0.37022544696578363 0.38349704170690396 0.03656483043808041 0.06387128914880226
0 0.4041328621848238 0.41606935624324903 0.041372522745772716 0.06406718759863111
0 0.4581897534491863 0.39187988072397373 0.05646736527290376 0.07907795987119488
0 0.4989728243277379 0.41753450447352364 0.05177163389922047 0.08128590757521205
0 0.5408653846153846 0.43149038461538464 0.03365384615384615 0.07932692307692307
0 0.5384615384615384 0.3858173076923077 0.038461538461538464 0.05048076923076923
0 0.5179203772961369 0.36072373980544603 0.025605914614587826 0.0346333384029907
0 0.5340755347690062 0.3469863074567702 0.023314029394750416 0.036939235331922435
0 0.6105769230769231 0.49399038461538464 0.10576923076923077 0.10817307692307693
0 0.5721153846153846 0.44471153846153844 0.028846153846153848 0.057692307692307696
0 0.6029573080075197 0.45654703410241804 0.05177163389922047 0.08128590757521217
0 0.6306278720465789 0.43248204018600683 0.04148448367978174 0.06647103375247727
0 0.6663200343550681 0.40034640701833457 0.040924679009736634 0.054451802983246506
0 0.7012910784471941 0.45575526001621813 0.06709039829436957 0.10110437215546798
0 0.7692307692307693 0.49399038461538464 0.11057692307692307 0.10817307692307693
0 0.7546202236404979 0.41594078449694283 0.06675451549234222 0.09389283369392952
0 0.7343488448791238 0.3155444991503835 0.03930455939395362 0.07118077683525516
0 0.8000693786955567 0.412994127462625 0.04618021505346503 0.06426308604846011
0 0.8558353311672303 0.4512556773308924 0.058759250492740896 0.07677206294226316
0 0.9278846153846154 0.484375 0.14423076923076922 0.12740384615384615
0 0.984375 0.4519230769230769 0.03125 0.15384615384615385
0 0.8947973799044617 0.4120554295390534 0.05327979258099447 0.06215308756935724
0 0.8644694006463622 0.40482144884300736 0.04880798307532922 0.06916872758106685
1 0.24318713081114054 0.60495700596582 0.04774766812959131 0.09791693220230613
1 0.1567046497396835 0.602632756945823 0.052443399503274465 0.09570898449828896
1 0.20760692943666031 0.6394964852873384 0.03941652032796265 0.0735846229891013
1 0.3173441455085158 0.6259733034795569 0.04444813450367299 0.0785882137466226