0 0.47716346153846156 0.03245192307692308 0.06009615384615385 0.06490384615384616
0 0.5612980769230769 0.03365384615384615 0.055288461538461536 0.0673076923076923
0 0.6141826923076923 0.013221153846153846 0.036057692307692304 0.026442307692307692
0 0.6410861151204771 0.05452546853740573 0.05871668441046719 0.0844562742443556
0 0.6810699567116316 0.03265310529993878 0.03821257525581027 0.05309439290183731
0 0.7352279120201348 0.06359543160801327 0.05852078596063834 0.0796485819366633
0 0.8127652166706482 0.04871783673095546 0.040812319859485274 0.057916070377344406
0 0.8400176505402212 0.03894162268570067 0.0331110352733744 0.04585488410466928
0 0.8317307692307693 0.014423076923076924 0.028846153846153848 0.028846153846153848
0 0.8533653846153846 0.008413461538461538 0.02403846153846154 0.016826923076923076
0 0.8701923076923077 0.016826923076923076 0.02403846153846154 0.03365384615384615
0 0.7728365384615384 0.007211538461538462 0.026442307692307692 0.014423076923076924
0 0.7439903846153846 0.013221153846153846 0.026442307692307692 0.026442307692307692
0 0.6766826923076923 0.008413461538461538 0.036057692307692304 0.016826923076923076
0 0.9903846153846154 0.05048076923076923 0.019230769230769232 0.03365384615384615
0 0.3395911409757293 0.6748086798205096 0.07642515051162026 0.10618878580367462
0 0.280794859431413 0.6775551625858183 0.10885054121059366 0.13521674683142082
0 0.36442137660039076 0.5760831654990397 0.04331411523824586 0.06033390169900535
0 0.3798076923076923 0.6129807692307693 0.038461538461538464 0.0625
0 0.29662393816812627 0.5644555194286233 0.04831770599576702 0.06516956434232722
0 0.26397611664137427 0.5598366268864308 0.053321296753288255 0.07000522698564911
0 0.21938048119235626 0.5865446527672196 0.06622207054674908 0.09170976820933856
0 0.24160688206990052 0.5419336472429177 0.038016676805981274 0.048286700594145006
0 0.20579406282449436 0.548153040144755 0.04542411371734859 0.05313634840528181
0 0.17314624129774236 0.5435341476025625 0.05292949985363048 0.06038984237026449
0 0.13943933038799683 0.6014362328120921 0.07122566130427024 0.09654543085266044
0 0.07362740883197093 0.6090323633885375 0.09124002433435506 0.11588808142594796
0 0.06337944439808456 0.5345550881227511 0.06813617057602296 0.07970452260792257
0 0.08128789909250875 0.5019912837033096 0.050133856800126504 0.050760472587065224
0 0.12124520830571361 0.508972066895904 0.04522821526751974 0.048328656097589365
0 0.9387019230769231 0.6887019230769231 0.12259615384615384 0.35336538461538464
0 0.8740326710723333 0.8623778043044342 0.05390899210277503 0.08442830390872604
0 0.7671370242165862 0.8353489209190544 0.16457568411772813 0.20523595898488486
0 0.6512402204728912 0.7939459086979496 0.03821257525581013 0.05309439290183731
0 0.6318625274047502 0.7904520208096988 0.04311821678841694 0.05552620939131304
0 0.5785595827425274 0.8099974563163008 0.06872386592550966 0.0941275995309995
0 0.4757104766296647 0.7937649028715067 0.055627193682219946 0.06761536599961787
0 0.42255854594825565 0.7580078916718325 0.03791872758106681 0.045882854440298854
0 0.4110576923076923 0.7524038461538461 0.02403846153846154 0.057692307692307696