1 0.3009153572574149 0.13745426971163302 0.10913468664419626 0.17900642384291687
1 0.8533653846153846 0.20673076923076922 0.2932692307692308 0.41346153846153844
0 0.08533653846153846 0.9747596153846154 0.06009615384615385 0.05048076923076923
0 0.07951107781677003 0.9482448521513069 0.058759250492740896 0.07644994639016864
0 0.06014532830951092 0.8729281518864714 0.02594179741661475 0.04170482618970549
0 0.08991350289756529 0.8799870692389878 0.03119733346034307 0.05148809911995427
0 0.16580922599942782 0.7754922680370805 0.05406351911905761 0.07868590422915062
0 0.19344682891396345 0.8799908987777982 0.02845760450446992 0.044192616500983724
0 0.2504640570748694 0.9481952719443696 0.04662805878950111 0.07362637944916219
0 0.2561970840518099 0.9026481112574409 0.030637528790298036 0.0394688683507235
0 0.2754015200127507 0.8780373078227969 0.03097341159232496 0.04668040681226197
0 0.30578216581050705 0.923641707794284 0.030749489724307057 0.041872714504569655
0 0.31971153846153844 0.96875 0.057692307692307696 0.0625
0 0.3329818667710494 0.8824558137550131 0.0283456435704609 0.04178877034713743
0 0.34908104377691385 0.8986684228570377 0.025829836482605593 0.03930098003585933
0 0.3872066994364252 0.9072230678374896 0.03611698670204433 0.054059833588664605
0 0.4163854221572586 0.9527854957302606 0.051099868295166356 0.06658272930248789
0 0.44747079468359274 0.9057159025425225 0.030749489724306918 0.041872714504569655
0 0.46875 0.9663461538461539 0.038461538461538464 0.0673076923076923
0 0.4807692307692308 0.9086538461538461 0.014423076923076924 0.052884615384615384
0 0.8046461649826313 0.8621681344281217 0.03416098428423426 0.06359127404661699
0 0.7120684408623783 0.8854205641380101 0.03416098428423426 0.06359127404661713
0 0.6700834469069036 0.9080319750001261 0.04204428834982684 0.07826618344199031
0 0.6648048915206943 0.8404304781414216 0.031309294394352025 0.05389194527380043
0 0.6357051686093464 0.8707151203309527 0.02890544824050587 0.05380800111636834
0 0.5876842259994278 0.8678343141053878 0.039192598459944605 0.06856685466917362
0 0.5400254994613648 0.8830243261123851 0.0343849061522523 0.06839896635430943