1 0.19586746425168278 0.15159854860371874 0.1658040548996795 0.27491952711079376
1 0.6588665805576573 0.2571719870235424 0.06728724906912394 0.09170976820933856
0 0.035058282015296226 0.7544534745938632 0.06235357652277047 0.08927795171986283
0 0.06963487631690714 0.588839822999145 0.03971111922886577 0.06992131597876039
0 0.15910831941569548 0.7599814030440176 0.07057295689359823 0.10855067645407643
0 0.23197115384615385 0.8978365384615384 0.12740384615384615 0.20432692307692307
0 0.33533653846153844 0.7608173076923077 0.0889423076923077 0.12259615384615384
0 0.35096153846153844 0.5420673076923077 0.057692307692307696 0.10817307692307693
1 0.6610576923076923 0.3605769230769231 0.0673076923076923 0.0625
1 0.8076923076923077 0.3557692307692308 0.0625 0.052884615384615384
1 0.7427884615384616 0.36177884615384615 0.052884615384615384 0.06490384615384616