1 0.046875 0.057692307692307696 0.09375 0.11538461538461539
1 0.22596153846153846 0.08413461538461539 0.22596153846153846 0.16826923076923078
0 0.6899038461538461 0.35336538461538464 0.07692307692307693 0.11057692307692307
0 0.8725961538461539 0.36177884615384615 0.07211538461538461 0.09375
0 0.040042663779759874 0.8514268508343066 0.041270954482013684 0.07137667528508415
0 0.03245192307692308 0.9639423076923077 0.06490384615384616 0.07211538461538461
0 0.4987980769230769 0.9615384615384616 0.040865384615384616 0.07692307692307693
0 0.5013223997136477 0.7881494458045785 0.021900333573096457 0.04655461994730691
0 0.49160212633965206 0.7705123965503902 0.021872363237466885 0.04174692763961474
0 0.4532244988850025 0.7865026610720983 0.026777951719862834 0.058769749166366674
0 0.4111012505214355 0.7786013878927165 0.021872363237466885 0.04174692763961474
0 0.40975947576636457 0.7546119009667122 0.021816422566207742 0.03213154302423012
0 0.36538621809491423 0.7732508847045525 0.024304179726942612 0.04665256917222148
0 0.33412922551100677 0.7733223015515173 0.02431816489475726 0.04905641532606763
0 0.32093604200048265 0.7786687145962391 0.026708025880788765 0.046750518397135905
0 0.27414495300737135 0.7950018014051478 0.021900333573096457 0.046554619947307044
0 0.22850683900383145 0.8028724520631377 0.024318164894757535 0.04905641532606763
0 0.1684106851576776 0.8053211826859988 0.029167812705894063 0.05646385223743495
0 0.0976230901295492 0.8298453002055906 0.03886710832816753 0.07127872606016958
1 0.9222052541539465 0.7809133664823871 0.041242984146384117 0.0665689829773917