0 0.054086538461538464 0.33653846153846156 0.046875 0.078125
0 0.14182692307692307 0.3629807692307692 0.06129807692307692 0.09495192307692307
0 0.1814903846153846 0.6057692307692307 0.11538461538461539 0.19471153846153846
0 0.27524038461538464 0.4423076923076923 0.0673076923076923 0.11057692307692307
0 0.46033653846153844 0.5396634615384616 0.10096153846153846 0.14302884615384615
0 0.14903846153846154 0.2956730769230769 0.030048076923076924 0.056490384615384616
0 0.20192307692307693 0.30528846153846156 0.042067307692307696 0.05889423076923077
0 0.2439903846153846 0.2860576923076923 0.030048076923076924 0.05889423076923077
0 0.3088942307692308 0.33052884615384615 0.04447115384615385 0.0625
0 0.31850961538461536 0.2932692307692308 0.040865384615384616 0.056490384615384616
0 0.4182692307692308 0.36538461538461536 0.04927884615384615 0.07572115384615384
0 0.4014423076923077 0.3161057692307692 0.036057692307692304 0.05889423076923077
0 0.49038461538461536 0.3076923076923077 0.040865384615384616 0.054086538461538464
0 0.5793269230769231 0.41346153846153844 0.0625 0.09134615384615384
0 0.5516826923076923 0.3629807692307692 0.04447115384615385 0.078125
0 0.5733173076923077 0.30649038461538464 0.030048076923076924 0.0625
0 0.59375 0.33052884615384615 0.036057692307692304 0.056490384615384616
0 0.6875 0.33653846153846156 0.028846153846153848 0.0625
0 0.7103365384615384 0.4110576923076923 0.04927884615384615 0.08653846153846154
0 0.7632211538461539 0.3798076923076923 0.046875 0.0673076923076923
0 0.7319711538461539 0.3233173076923077 0.03245192307692308 0.051682692307692304
0 0.7884615384615384 0.3161057692307692 0.030048076923076924 0.04326923076923077
0 0.8341346153846154 0.3485576923076923 0.040865384615384616 0.06490384615384616
0 0.8509615384615384 0.3245192307692308 0.03485576923076923 0.04807692307692308
0 0.8737980769230769 0.4891826923076923 0.08774038461538461 0.12980769230769232
0 0.9495192307692307 0.41947115384615385 0.056490384615384616 0.08052884615384616
0 0.921875 0.33774038461538464 0.03485576923076923 0.04807692307692308