0 0.28217772935864144 0.20551013293815637 0.04363694986593021 0.055742201449614455
0 0.24469847875818174 0.33581386846470695 0.06956511498430892 0.09348082673671818
0 0.36778846153846156 0.36177884615384615 0.09134615384615384 0.055288461538461536
0 0.46875 0.3545673076923077 0.038461538461538464 0.06971153846153846
0 0.1654975359199198 0.3326706357864957 0.0715910204221716 0.08643738157312096
0 0.20073635667631456 0.3195670352556128 0.05160436975943538 0.07066955826651512
0 0.0685248182147761 0.3103219038688506 0.06362360052866614 0.07151002475622083
0 0.09528718731337879 0.29542805371825054 0.04844464217362238 0.05607838804549695
0 0.021634615384615384 0.2824519230769231 0.04326923076923077 0.06009615384615385
0 0.8346878544332899 0.34523588979081526 0.0528743937653312 0.04920303617984072
0 0.5342854077507775 0.2571686751873933 0.045662855303792736 0.04869875628601724
0 0.6471980760525741 0.2866196289262713 0.03541756949510244 0.03600715232502202
0 0.6936746920980222 0.37369587702485646 0.03516560901777998 0.03119946001732971
0 0.6239052743267953 0.3448667564950727 0.03782141564894846 0.036175245622963134
0 0.5518528798307412 0.3410258806337619 0.054900299203193864 0.04215959101624323
0 0.038461538461538464 0.6983173076923077 0.07692307692307693 0.2668269230769231
0 0.10649099693732864 0.6437764693531762 0.08992970636302863 0.11646018850486274
0 0.11599573374297832 0.5737875209533909 0.05653804230578892 0.07340959101624336
0 0.19121807744412964 0.546714583410584 0.0643794819606332 0.08593310167929748
0 0.21903594614242589 0.62051090100538 0.07500270848530705 0.10583624410183116
0 0.2873668127883337 0.5761908071407972 0.05463811710658735 0.08285688233368688
0 0.3358165657715982 0.6095167033737261 0.07563260967861286 0.11785547487106207
0 0.3613191324835893 0.5705843916846646 0.0489485631282669 0.06569377266088143
0 0.39763389607824595 0.5551609916489059 0.0418630049053896 0.06759333892090424
0 0.53125 0.8197115384615384 0.08653846153846154 0.1346153846153846
0 0.5120192307692307 0.7295673076923077 0.04807692307692308 0.06971153846153846
0 0.6851250287016153 0.7784324773769463 0.07512868872396822 0.10824009025567732
0 0.7056888120576109 0.7595126247507242 0.058941888459635 0.07357768431418449
0 0.7483860209432245 0.7744734882339248 0.06362360052866642 0.07151002475622056
0 0.7570207781011556 0.9163844579598184 0.11383196604354467 0.16124225895556366
0 0.8482511733279327 0.8748631735025995 0.09498935914804299 0.12160406740843727
0 0.8403569651730419 0.8156327561374864 0.06918717426832571 0.08626928827517971
0 0.9352407873209925 0.8438230101418059 0.058815908220974114 0.07117383816033833