0 0.2764423076923077 0.03485576923076923 0.07692307692307693 0.06971153846153846
0 0.23364044792529398 0.36458906352947085 0.15642788318305628 0.15952092655836345
0 0.13681815009474135 0.32675605626444876 0.10723135076604312 0.13520276166360604
0 0.9579326923076923 0.12139423076923077 0.08413461538461539 0.16105769230769232
0 0.9795673076923077 0.06490384615384616 0.040865384615384616 0.1201923076923077
0 0.5973557692307693 0.3293269230769231 0.13701923076923078 0.23557692307692307
0 0.6694711538461539 0.03365384615384615 0.06971153846153846 0.0673076923076923
0 0.7836538461538461 0.06490384615384616 0.09615384615384616 0.12980769230769232
0 0.8653846153846154 0.020432692307692308 0.07211538461538461 0.040865384615384616
0 0.9423076923076923 0.020432692307692308 0.052884615384615384 0.040865384615384616
0 0.11778846153846154 0.5588942307692307 0.038461538461538464 0.021634615384615384
0 0.037259615384615384 0.5817307692307693 0.07451923076923077 0.0673076923076923
0 0.5348557692307693 0.9519230769230769 0.01201923076923077 0.09615384615384616
0 0.5372596153846154 0.78125 0.016826923076923076 0.09134615384615384
0 0.607402427945452 0.6872280905827609 0.042939975821898936 0.09637760883888287
0 0.6129807692307693 0.9567307692307693 0.057692307692307696 0.08653846153846154
0 0.7079326923076923 0.9591346153846154 0.05048076923076923 0.08173076923076923
0 0.7956730769230769 0.9675480769230769 0.052884615384615384 0.06490384615384616
0 0.8834134615384616 0.9627403846153846 0.04567307692307692 0.07451923076923077
0 0.9735576923076923 0.9603365384615384 0.04326923076923077 0.07932692307692307
0 0.984375 0.8076923076923077 0.03125 0.08653846153846154
0 0.9172087376745405 0.8501318250420064 0.046015587579799004 0.11081467092977458
0 0.8430550369045128 0.8160374461019941 0.04729982439355523 0.08679019455912797
0 0.7513170197893273 0.8239194712634934 0.05781089648101187 0.10607690446115633
0 0.6549952322344678 0.8269658337816708 0.04316389768991691 0.10118530114657531
0 0.6759680237970719 0.6864247447885595 0.04556774384376306 0.10119928631438996
0 0.763988310747479 0.6809255880291842 0.04249213208586292 0.08676222422349825
0 0.8134910787693432 0.6764045916616953 0.04293997582189887 0.09637760883888287
0 0.872191034867732 0.655105620304635 0.044895978239709075 0.08677620939131304
0 0.9378489603624651 0.6651055970349264 0.04193232741581782 0.07474299345426748
0 0.9903846153846154 0.6538461538461539 0.019230769230769232 0.08173076923076923
0 0.9627403846153846 0.5877403846153846 0.040865384615384616 0.07932692307692307
0 0.8786057692307693 0.578125 0.040865384615384616 0.06009615384615385
0 0.7788461538461539 0.5673076923076923 0.04326923076923077 0.038461538461538464
0 0.7151442307692307 0.5697115384615384 0.04567307692307692 0.04326923076923077
0 0.6622596153846154 0.5673076923076923 0.036057692307692304 0.038461538461538464