0 0.1927349702736743 0.44958552322863315 0.1087378106910381 0.15565040334594554
0 0.08133387282827255 0.44071932255354207 0.09503969677316561 0.10736368381555841
0 0.009615384615384616 0.265625 0.019230769230769232 0.06490384615384616
0 0.06454131370184425 0.26804101273820097 0.043131876866050925 0.06561715409562432
0 0.12636976044238754 0.2861808404109566 0.053083038111163924 0.07540037587378023
0 0.19664220313307676 0.2345042313954417 0.04047619823990855 0.05836365634339298
0 0.23387128410600777 0.30352344156054845 0.048359289960903704 0.0777203034462406
0 0.26758236954441217 0.2668992988285029 0.04047619823990855 0.05836365634339298
0 0.2512743786179238 0.217935147354853 0.03309677146350591 0.05343008616362214
0 0.33043341337998267 0.22135818306968186 0.03541667345991998 0.051068199300468874
0 0.34837448583758623 0.3267497802226772 0.08816393494135556 0.11685319055886449
0 0.36171011825285654 0.2544455787991748 0.042963988551186785 0.06080946178793202
0 0.35510145609918486 0.2029097440089074 0.02761752589635691 0.03411539835146726
0 0.43101720313307673 0.2304132005528907 0.035500617617352064 0.053472045454315026
0 0.4295367427109836 0.20401285215127582 0.03002137205020306 0.03415735764216015
0 0.4955013284997625 0.24129953047341507 0.06278236688398063 0.07797205919039768
0 0.5120192307692307 0.3401442307692308 0.052884615384615384 0.12259615384615384
0 0.5240384615384616 0.21033653846153846 0.028846153846153848 0.06490384615384616
0 0.5167887295876178 0.1820696253786416 0.040224365767612284 0.05115211788185452
0 0.5480769230769231 0.1971153846153846 0.019230769230769232 0.0673076923076923
0 0.5480769230769231 0.17307692307692307 0.019230769230769232 0.052884615384615384
0 0.607413699017978 0.23322447302931038 0.08078450816495292 0.11191962037909366
0 0.5967795468463767 0.193770807944313 0.04793956917374327 0.06570107267700984
0 0.6188338830181526 0.18137394355884678 0.038324184558358655 0.06553323551423855
0 0.6119199786464368 0.06978391421311828 0.030776869467091846 0.055791973026775535
0 0.6685744220378751 0.16729262425348984 0.0456196671773292 0.06806295954016324
0 0.7125266437335942 0.21577424388417216 0.07066545860497578 0.09732870629324544
0 0.7310171827533168 0.20223839535782212 0.05548688426501008 0.07544233516447299
0 0.7869046910608348 0.2529140646888865 0.09372712466593651 0.13857172452486552
0 0.7958523519555732 0.16867455107753904 0.04827534580347162 0.07531645729239458
0 0.8454936796120216 0.1918318675114511 0.05059524779988568 0.07295457042924133
0 0.8942268887425591 0.20659670205224814 0.0684295007659938 0.10209443931024499
0 0.8568299194547639 0.14238518419483365 0.04519994639016863 0.05604372877093247
0 0.8996794294368342 0.1536491477315935 0.04777168085887896 0.06089338036931753
0 0.890308218216125 0.35321033779151717 0.16388891832631977 0.22147735389503417
0 0.9807692307692307 0.24158653846153846 0.038461538461538464 0.15625
0 0.9688453308750641 0.16805732830150139 0.04827534580347175 0.07531645729239458
0 0.9494619405352729 0.13836590534931348 0.04271215607889053 0.053597923326393564
0 0.9951923076923077 0.12980769230769232 0.009615384615384616 0.052884615384615384
0 0.16599124990213304 0.9359928190584212 0.01783425296610812 0.02913986888100367
0 0.09615384615384616 0.9963942307692307 0.028846153846153848 0.007211538461538462
0 0.08173076923076923 0.9891826923076923 0.028846153846153848 0.021634615384615384
0 0.24555473824551027 0.9622314135894422 0.02015415496252205 0.02677798201785027
0 0.27419103169808384 0.9677375174857435 0.025045791427646583 0.029265746753082203
0 0.29268157071780654 0.9542016689593935 0.022474056958936253 0.024416095154697004
0 0.312316793529894 0.9766815534500429 0.027701470053788996 0.036519244505313415
0 0.3284454584744865 0.9619857411374627 0.02512973558507853 0.031669592906928355
0 0.3519382829896395 0.9771911482305343 0.03267705067634548 0.04141085539439137
0 0.36815089209166413 0.9600914897641079 0.027533581738924687 0.03171155219762111
0 0.421775737687326 0.972368559569673 0.03773657545633405 0.04870631243731548
0 0.40627665392347423 0.9690355257284071 0.027869358368653032 0.04132693681300573
0 0.4541589838126593 0.9393711657137431 0.025381568057374928 0.03888113136846682
0 0.48806466243880153 0.931572197182505 0.027533581738924687 0.03171155219762111
0 0.5084134615384616 0.9723557692307693 0.04567307692307692 0.055288461538461536
0 0.5288461538461539 0.9338942307692307 0.019230769230769232 0.03125