0 0.030048076923076924 0.47836538461538464 0.06009615384615385 0.019230769230769232
0 0.02283653846153846 0.45552884615384615 0.04567307692307692 0.06490384615384616
0 0.09014423076923077 0.46875 0.05048076923076923 0.038461538461538464
0 0.10099890855268878 0.4525532108298922 0.04246672044751133 0.06272376268503671
0 0.17668269230769232 0.4699519230769231 0.055288461538461536 0.036057692307692304
0 0.1650555046710407 0.43970965651473787 0.046812276372206765 0.05554019455912783
0 0.2001119014822398 0.42429443403195977 0.037196891756822156 0.05548425388786868
0 0.22456591728426728 0.44966767774158495 0.04773654913820052 0.06996327148220488
0 0.27403846153846156 0.45552884615384615 0.057692307692307696 0.06490384615384616
0 0.23900513571570653 0.41250595853167316 0.034639000141976996 0.05306642256620774
0 0.24792731575659582 0.40174459151062464 0.044716521140358484 0.06033390169900535
0 0.3082545377942481 0.4056999899367638 0.04006287429366518 0.06270977751722193
0 0.3278704206775148 0.4118214866638975 0.03688880083482415 0.050676561580176374
0 0.3433252337081535 0.44675417431764824 0.05269828690689183 0.07239508797168061
0 0.390625 0.46033653846153844 0.05048076923076923 0.055288461538461536
0 0.3778890535252871 0.4049036367264698 0.047582503677201515 0.06755942532835874
0 0.4274759906011312 0.4099980249743655 0.0424667204475112 0.06272376268503671
0 0.4504199924042377 0.4305565837923909 0.04548674844535337 0.07235313246823612
0 0.45690788568021234 0.40055745495666584 0.045332702984354094 0.06994928631438996
0 0.5168269230769231 0.4639423076923077 0.0673076923076923 0.04807692307692308
0 0.5423823280943874 0.44070340478473785 0.0633919897492692 0.08927795171986283
0 0.513244224834598 0.3984822602464674 0.05812216105857988 0.0820384429226948
0 0.5567140831842585 0.3831159858510411 0.04727441275520378 0.06275173302066629
0 0.6175804643354071 0.3954848458156418 0.04789059459919925 0.07236711763605104
0 0.6540698524150278 0.38368238514754033 0.04548674844535337 0.07235313246823612
0 0.6122229986228246 0.1431439329169622 0.08222150381917878 0.1206258478945664
0 0.7573743558082753 0.08157773373995593 0.07346951074765055 0.09654543085266044
0 0.9014492371723895 0.17372803473546053 0.11322429411931773 0.15444751606219007
0 0.8701923076923077 0.04567307692307692 0.07692307692307693 0.09134615384615384
0 0.9711538461538461 0.04447115384615385 0.057692307692307696 0.0889423076923077
0 0.030048076923076924 0.5168269230769231 0.06009615384615385 0.057692307692307696
1 0.8954326923076923 0.6983173076923077 0.2091346153846154 0.2860576923076923
1 0.7836538461538461 0.7704326923076923 0.14903846153846154 0.2860576923076923
1 0.734375 0.7475961538461539 0.05048076923076923 0.3269230769230769