1 0.5098072403100766 0.3637083497711674 0.13787893750177516 0.1656853808682585
0 0.5877403846153846 0.45913461538461536 0.016826923076923076 0.10576923076923077
0 0.6359178415537939 0.2680525555680068 0.08702919612687082 0.12157696428517102
0 0.7800480769230769 0.5384615384615384 0.11298076923076923 0.1201923076923077
0 0.7520316293409416 0.5215622396330356 0.07377760166964843 0.10213639860093775
0 0.7696896609449966 0.47133322614642326 0.0496782589090498 0.06329722652316369
0 0.7707679791719892 0.4545063030695002 0.07362355620864956 0.09973255244709159
0 0.8569711538461539 0.5673076923076923 0.1466346153846154 0.0625
0 0.9711538461538461 0.5168269230769231 0.057692307692307696 0.10096153846153846
0 0.9819711538461539 0.53125 0.036057692307692304 0.10576923076923077
1 0.17427884615384615 0.9639423076923077 0.0889423076923077 0.07211538461538461
1 0.028846153846153848 0.8834134615384616 0.057692307692307696 0.12740384615384615
1 0.24519230769230768 0.9627403846153846 0.08653846153846154 0.07451923076923077
1 0.08012434632421694 0.9408473064398859 0.0726992834426558 0.08530947552401467
1 0.06106192165715285 0.8815544624090733 0.07735293028934911 0.08298954795155417