0 0.030048076923076924 0.21634615384615385 0.06009615384615385 0.22596153846153846
0 0.098213279946645 0.16197420062147488 0.060748777238772464 0.09535872992664889
0 0.14931223133392812 0.12929033264337492 0.09085500393884427 0.11783268266429822
0 0.3768031261439294 0.19946373835246922 0.123341368251872 0.18117202001733246
0 0.4732951382645299 0.1702586118730909 0.07869576507473369 0.11507911261335452
0 0.5180288461538461 0.18028846153846154 0.021634615384615384 0.15384615384615385
0 0.9771634615384616 0.3112980769230769 0.04567307692307692 0.09375
0 0.01201923076923077 0.5588942307692307 0.02403846153846154 0.0985576923076923
0 0.09617979784519712 0.5305835020407167 0.08845115778499804 0.11776273788487873
0 0.1845502188875406 0.517213209899597 0.0639926719618973 0.10985175162914516
0 0.26201074122447704 0.5881523950916413 0.11811365165954048 0.17382059199695485
0 0.2879856075503652 0.513003661307635 0.07517185416184938 0.09577839860316573
0 0.38287938085029344 0.5318404855154699 0.09720278529021388 0.1444148799154449
0 0.4831730769230769 0.5588942307692307 0.09134615384615384 0.20432692307692307
0 0.5408653846153846 0.7115384615384616 0.02403846153846154 0.052884615384615384
0 0.5887379034261401 0.6742732105083836 0.0474694736156238 0.07337439064493569
0 0.5828112679346401 0.8172321118828104 0.06189255053870072 0.07379405932145279
0 0.6502234055258771 0.7516766521512703 0.047049449330984455 0.06616285218339722
0 0.6508997374593857 0.6988619815460744 0.049173279295071134 0.06142510465512448
0 0.6682048345979431 0.6695611866336938 0.04422557889249909 0.05888136894243933
0 0.8084668385150681 0.5274930699194669 0.03899786230016744 0.051529940922061875
0 0.7199823610691958 0.8312391332200347 0.06754029141567158 0.08835702580336885
0 0.870280895461575 0.8052679415114098 0.06966412137975826 0.0836192782750961
0 0.8428574095298788 0.699276014577129 0.041681724643773066 0.056407578009173745
0 0.8366140734620534 0.662261205920482 0.03899786230016744 0.051529940922061875
0 0.9164902962232809 0.7535281662510893 0.052277165923316105 0.0735142802037748
0 0.954566251636285 0.6972255054110449 0.04662942504634525 0.05895131372185876
0 0.9433752151658877 0.662754432467083 0.03885785420528757 0.04912609476821572
0 0.9855769230769231 0.8100961538461539 0.028846153846153848 0.08173076923076923