0 0.015625 0.15504807692307693 0.03125 0.06009615384615385
0 0.04916536210102896 0.2262763076994529 0.0412569693141989 0.07040428598887899
0 0.12259615384615384 0.24879807692307693 0.0673076923076923 0.06009615384615385
0 0.12511727121612692 0.192350652099661 0.03403144568484565 0.06745398212658821
0 0.15270556131409854 0.20406079126408372 0.038783197321278676 0.05820290265016677
0 0.18427722017383882 0.15114031312888265 0.031599629195369926 0.06246413724941432
0 0.21736546838633514 0.04422437281688392 0.033947534677956935 0.05303090520351129
0 0.2980769230769231 0.234375 0.0625 0.0889423076923077
0 0.3513724982017762 0.15899222440015984 0.05337409625813331 0.08814197191321
0 0.5649038461538461 0.05889423076923077 0.052884615384615384 0.0985576923076923
0 0.5757211538461539 0.027644230769230768 0.05048076923076923 0.055288461538461536
0 0.6358173076923077 0.027644230769230768 0.04567307692307692 0.055288461538461536
0 0.6454326923076923 0.01201923076923077 0.04567307692307692 0.02403846153846154
0 0.6758349869445983 0.12775589755062283 0.08973946225775105 0.143758875840049
0 0.6983173076923077 0.014423076923076924 0.036057692307692304 0.028846153846153848
0 0.796875 0.015625 0.05048076923076923 0.03125
1 0.434863795866911 0.691263414315878 0.082444012789324 0.12878934120852747
1 0.49158653846153844 0.6081730769230769 0.09375 0.125
1 0.5841346153846154 0.7716346153846154 0.09134615384615384 0.3076923076923077
1 0.8004807692307693 0.7223557692307693 0.39903846153846156 0.43028846153846156
1 0.7283653846153846 0.6237980769230769 0.3798076923076923 0.3918269230769231