0 0.06971153846153846 0.030048076923076924 0.11057692307692307 0.06009615384615385
0 0.2127403846153846 0.028846153846153848 0.12740384615384615 0.057692307692307696
0 0.28846153846153844 0.04567307692307692 0.1201923076923077 0.09134615384615384
0 0.3269230769230769 0.07932692307692307 0.14423076923076922 0.15865384615384615
0 0.4794386894243935 0.23739716402472466 0.12508844225167334 0.17316669201495324
0 0.8401442307692307 0.14903846153846154 0.27163461538461536 0.2980769230769231
0 0.9167730762119717 0.29659143123828646 0.0602103197514101 0.08888924293640835
0 0.05889423076923077 0.4807692307692308 0.11778846153846154 0.24519230769230768
0 0.15384615384615385 0.5180288461538461 0.3076923076923077 0.31971153846153844
0 0.2692307692307692 0.5516826923076923 0.25961538461538464 0.3870192307692308
0 0.3485576923076923 0.5985576923076923 0.10096153846153846 0.4807692307692308
0 0.42908653846153844 0.5420673076923077 0.06009615384615385 0.18509615384615385
0 0.47115384615384615 0.4182692307692308 0.09134615384615384 0.1201923076923077
0 0.41466346153846156 0.4543269230769231 0.03125 0.11057692307692307
0 0.5985576923076923 0.48197115384615385 0.17307692307692307 0.24759615384615385
0 0.9447115384615384 0.6526442307692307 0.11057692307692307 0.2956730769230769
0 0.9585328585782206 0.48231408324220315 0.08261432770964014 0.11621309365294603