1 0.015625 0.20673076923076922 0.03125 0.12980769230769232
1 0.025240384615384616 0.0625 0.05048076923076923 0.11057692307692307
1 0.613980490991733 0.1814817893211784 0.05632632583933081 0.09886536599961787
1 0.062435203536620174 0.6612728596985229 0.10144232807206749 0.15200171440489954
1 0.22280607537901367 0.6062423224094856 0.12822041239410353 0.16177093586624694
1 0.4467987556797086 0.6214703478370628 0.06378969677316568 0.1061188599646007
1 0.7426549881234918 0.6594206263182117 0.044055262597803915 0.09158390169900535
1 0.9176320924096686 0.6439766321446546 0.056242381681898865 0.09646151984577173
1 0.9759615384615384 0.6057692307692307 0.04807692307692308 0.08173076923076923
1 0.544406357382774 0.628115487002102 0.05126680105934238 0.09162585720244984
1 0.5931548337191538 0.6470665528765752 0.04662699706651425 0.09640557917451258
1 0.6338523300196742 0.6420211127160314 0.05434220047264523 0.11087061160103386
1 0.678308216659986 0.606899625296781 0.04380343012550766 0.08437236323746689
1 0.8003472958157996 0.6590849822906566 0.058562283678312795 0.09407165885974021
1 0.714968785275545 0.6583795326711588 0.03452382213985125 0.09393180718159236