0 0.46661412729334467 0.45841967825715213 0.03478203636526404 0.04563721417249124
0 0.49739814430889306 0.43552792626145853 0.031789517483873854 0.0382435231414712
0 0.5900689109750624 0.4152028222055233 0.032378190211418016 0.045455061603009654
0 0.6163395720466904 0.39628114457956204 0.03659720979156616 0.03860782828043437
0 0.6166337100443796 0.4591454497185253 0.0533749776248192 0.06854689754347759
0 0.6556349643558749 0.4332123175758 0.04017840140050037 0.05321305777299274
0 0.7157313165681116 0.3693999674305667 0.029189447087513025 0.03565752441814359
0 0.7053799918602556 0.39074342258566686 0.04218979906931718 0.04858751803478215
0 0.9759615384615384 0.22716346153846154 0.04807692307692308 0.11298076923076923
0 0.010817307692307692 0.6069711538461539 0.021634615384615384 0.10336538461538461
0 0.08089473335621146 0.6131600829836976 0.0711830219143156 0.08184119629907946
0 0.11876759909020589 0.6030341034104539 0.07594155897833779 0.11086950271471488
0 0.19949247112048385 0.6585943743948612 0.17523459628025287 0.2736769952160517
0 0.2733496930288312 0.5707614940864593 0.08516449510869305 0.10679042068494891
0 0.3329326923076923 0.6971153846153846 0.15144230769230768 0.34615384615384615
0 0.5685096153846154 0.5625 0.17548076923076922 0.125
0 0.6838942307692307 0.5685096153846154 0.10817307692307693 0.13701923076923078
0 0.96875 0.8245192307692307 0.0625 0.35096153846153844