1 0.24278846153846154 0.030048076923076924 0.1778846153846154 0.06009615384615385
1 0.11899038461538461 0.16466346153846154 0.23798076923076922 0.3293269230769231
0 0.6826923076923077 0.3629807692307692 0.07692307692307693 0.052884615384615384
0 0.7219444110785602 0.3271536880377398 0.08335222083675195 0.10399796443388627
0 0.8321459375774919 0.30457020292537185 0.09579207018062655 0.109295402866151
0 0.9391623134202983 0.28694133395806776 0.08335222083675202 0.10399796443388627
1 0.3329326923076923 0.96875 0.055288461538461536 0.0625
1 0.9735576923076923 0.4182692307692308 0.052884615384615384 0.057692307692307696
1 0.7067411196987883 0.4382897825689032 0.07070206220555533 0.09629667984777567
1 0.6478365384615384 0.4699519230769231 0.06009615384615385 0.09375
1 0.7718552751399564 0.4380489996500592 0.06568406061054113 0.09369693524410067
1 0.8262120555358254 0.45272103977886446 0.05982482186623915 0.08148180602504104
1 0.7427535900098282 0.4500906726537976 0.05501712955854684 0.08128590757521205
1 0.9032855090992157 0.4375184591999141 0.06724666961509976 0.08417949985363048
1 0.8683392958751417 0.46547897987839576 0.06003513115356103 0.08388565217888705
1 0.9555288461538461 0.4266826923076923 0.06009615384615385 0.07451923076923077