0 0.171875 0.06129807692307692 0.18028846153846154 0.12259615384615384
0 0.3269230769230769 0.10817307692307693 0.11538461538461539 0.21634615384615385
0 0.40865384615384615 0.4182692307692308 0.019230769230769232 0.038461538461538464
0 0.4557580805361342 0.4320738413321046 0.033350121423196516 0.036785044131303395
0 0.47596153846153844 0.4579326923076923 0.052884615384615384 0.040865384615384616
0 0.4981754084656413 0.43710432926185877 0.043805554607859745 0.05143192161549155
0 0.5372596153846154 0.4543269230769231 0.06009615384615385 0.04807692307692308
0 0.6129807692307693 0.46634615384615385 0.057692307692307696 0.02403846153846154
0 0.6514423076923077 0.46634615384615385 0.038461538461538464 0.02403846153846154
0 0.6610576923076923 0.4567307692307692 0.03365384615384615 0.04326923076923077
0 0.71875 0.4579326923076923 0.04807692307692308 0.040865384615384616
0 0.7824519230769231 0.4651442307692308 0.036057692307692304 0.026442307692307692
0 0.8810096153846154 0.46033653846153844 0.036057692307692304 0.036057692307692304
0 0.96875 0.46634615384615385 0.038461538461538464 0.02403846153846154
0 0.025240384615384616 0.9086538461538461 0.05048076923076923 0.10576923076923077
0 0.013221153846153846 0.8197115384615384 0.026442307692307692 0.038461538461538464
0 0.0720053314556879 0.8167721462188566 0.034190169992475136 0.05120812105438032
0 0.09879765938519504 0.8221663100604164 0.039277878489926914 0.056127713642628245
0 0.1448789063224662 0.8487754632345083 0.04196174083353267 0.06099135609059836
0 0.18236038811984628 0.8310533379131407 0.037154048525840366 0.06087945581004288
0 0.23120735571860812 0.843155488953739 0.054821020172042 0.07569418371506405
0 0.23197115384615385 0.9338942307692307 0.10336538461538461 0.13221153846153846
0 0.3364509953444245 0.8936622233765488 0.07022415375927735 0.09285680763365398
0 0.32283352575452146 0.8458370759308758 0.0518571416386769 0.06602284895940176
0 0.2621891937992936 0.8171597774446043 0.042381765118171884 0.06820289455213682
0 0.20916457031979843 0.8159868343768694 0.031646315743749244 0.04874832476025649
0 0.1234080075736207 0.8107615258951921 0.03150630764886951 0.04634447860641034
0 0.3209089752375398 0.7508012276435359 0.03150630764886951 0.04634447860641034
0 0.37620929104644646 0.7290537070393158 0.03150630764886951 0.04634447860641034
0 0.3954326923076923 0.8305288461538461 0.007211538461538462 0.06009615384615385
0 0.42908653846153844 0.9615384615384616 0.06009615384615385 0.07692307692307693
0 0.43854557441067665 0.9076737137599358 0.05185714163867683 0.06602284895940176
0 0.4873343922324435 0.8981132743457798 0.04140170845401359 0.051375971475213604
0 0.5035431331528527 0.8664436482936965 0.04140170845401359 0.051375971475213604
0 0.5444548132747872 0.9076157537415597 0.054400995887402784 0.06848264525352572
0 0.5818662910247273 0.888691705343269 0.04676943314122498 0.06110325637115384
0 0.6028008659349439 0.8761689233115383 0.03927787848992698 0.056127713642628245
0 0.6218916270708333 0.8733174760354699 0.03433017808735494 0.053611967208226474
0 0.5865932465897651 0.7838726220197114 0.033910153802715594 0.04640042874668801
0 0.7620192307692307 0.9627403846153846 0.07692307692307693 0.07451923076923077
0 0.7848275743889576 0.922481407091613 0.043945562702739485 0.053835767769337704
0 0.840127890197864 0.9007338864873927 0.03335012142319645 0.036785044131303395
0 0.8555310237850994 0.9172251087226491 0.0312262914591099 0.041536786298718036
0 0.8862091371351352 0.9273430396614846 0.046909441236104715 0.063507102525
0 0.9615384615384616 0.9891826923076923 0.07692307692307693 0.021634615384615384
0 0.9867788461538461 0.9651442307692307 0.026442307692307692 0.06971153846153846
0 0.9585226796223945 0.9497309720617516 0.03955789467968666 0.06093540595032055
0 0.9139352262222509 0.9074408687473821 0.036313999956561815 0.04645637888696596
0 0.9643459914055802 0.9050639927246256 0.03603398376680207 0.041648686579273515
0 0.9891826923076923 0.9146634615384616 0.021634615384615384 0.040865384615384616