0 0.4074519230769231 0.44471153846153844 0.016826923076923076 0.0625
0 0.010817307692307692 0.671875 0.021634615384615384 0.2091346153846154
0 0.07610074028168293 0.6700090844013645 0.11661329426129487 0.21516841165890005
0 0.22537027001164284 0.6857807566680433 0.15760044132095366 0.29503485221969694
0 0.19471153846153846 0.5372596153846154 0.0625 0.055288461538461536
0 0.21514423076923078 0.5240384615384616 0.055288461538461536 0.028846153846153848
0 0.31971153846153844 0.5600961538461539 0.07211538461538461 0.10096153846153846
0 0.3870192307692308 0.5492788461538461 0.02403846153846154 0.07932692307692307
0 0.45552884615384615 0.8834134615384616 0.11298076923076923 0.23317307692307693
0 0.5963881590141141 0.8428162487363507 0.11399452142431261 0.17430302704351527
0 0.6598557692307693 0.8858173076923077 0.1466346153846154 0.2283653846153846
0 0.7463942307692307 0.9350961538461539 0.18509615384615385 0.12980769230769232
0 0.7796034843115559 0.9032061438480278 0.14191640250447243 0.16223464103061447