1 0.3389423076923077 0.27283653846153844 0.08653846153846154 0.09375
1 0.9555288461538461 0.020432692307692308 0.07932692307692307 0.040865384615384616
0 0.026442307692307692 0.5240384615384616 0.052884615384615384 0.11538461538461539
0 0.064927357284833 0.5354079045723203 0.05121871351903929 0.08999936035861139
0 0.09936757225203631 0.5633805777299286 0.04456247567935962 0.060788901373494506
0 0.15571821050912812 0.5133013957969847 0.08400916812902892 0.11640580530033354
0 0.1814834551353029 0.5635641497076868 0.04067905613766106 0.07484767315760826
0 0.1997129288695789 0.5806463702635394 0.0526982869068917 0.07575843600501606
0 0.28768438167646193 0.5836891698188477 0.07137375551580227 0.105879657837541
0 0.364406831019109 0.5738019757575172 0.05602640582673173 0.09036366549757456
0 0.3900161877786287 0.5322631943983614 0.04425438475736161 0.05598120906580206
0 0.4363072889513575 0.6203140900268308 0.05633449674872947 0.09517135780526687
0 0.5276442307692307 0.5240384615384616 0.040865384615384616 0.19230769230769232
0 0.5965643133429865 0.5841181034175992 0.09229902481756004 0.13377918608570136
0 0.6677840233977897 0.49047853048590934 0.05843025198057775 0.09054581806705614
0 0.7403776859045337 0.5261733370629151 0.0561804512877306 0.0927675116514207
0 0.7658329972030544 0.48703840185760544 0.04850677644319527 0.0850095154814375
0 0.8221388957463714 0.5130446789097787 0.04185053860351546 0.055799056496320616
0 0.8396124412783588 0.48538251676525507 0.04215862952551346 0.06060674880401292
0 0.8297839723854943 0.6199068250958989 0.08524153181702054 0.13563657453110275
0 0.8902168153590585 0.5061257200860321 0.032235153988130844 0.05507044621839427
0 0.8846997769685085 0.4791369546852796 0.02711937075844066 0.049898448771738796
0 0.9627154712212843 0.41137530036215997 0.03975478337166731 0.060424596234531336
0 0.9531323696226244 0.48553022599242757 0.04456247567935962 0.060788901373494506
0 0.9819711538461539 0.5180288461538461 0.036057692307692304 0.07932692307692307
0 0.9927884615384616 0.5 0.014423076923076924 0.07211538461538461