0 0.20655388472742248 0.3461856729208267 0.08564767687826183 0.14033055674538303
0 0.2701637524620078 0.395195345811391 0.09794668676517058 0.15078640785047334
0 0.43990384615384615 0.5048076923076923 0.16826923076923078 0.16826923076923078
0 0.44496718446150013 0.3893532637582769 0.0854378425400034 0.13311901828384456
0 0.5698972396820807 0.40049796140506183 0.09986091946308005 0.1341275780714914
0 0.02283653846153846 0.44591346153846156 0.04567307692307692 0.14182692307692307
1 0.7151442307692307 0.2608173076923077 0.13221153846153846 0.18990384615384615
1 0.9651442307692307 0.17668269230769232 0.06971153846153846 0.29086538461538464
1 0.9411057692307693 0.24759615384615385 0.11778846153846154 0.21153846153846154
0 0.6814903846153846 0.7764423076923077 0.06490384615384616 0.1778846153846154
0 0.7067307692307693 0.6646634615384616 0.11538461538461539 0.15144230769230768