1 0.831901123120977 0.2620945464819133 0.08793702565734197 0.12069577373364027
1 0.907538363119998 0.25444247523420876 0.06853842873230703 0.10616081546804505
0 0.09375 0.6117788461538461 0.10096153846153846 0.08413461538461539
0 0.14183113340349326 0.7414388928443336 0.03675697436713253 0.060305931363375774
0 0.18869214776230445 0.739964258995022 0.05867130257552397 0.08447025941217053
0 0.23099721135482185 0.7601522108659554 0.08779716924545387 0.1086765429644095
0 0.28934684418300327 0.8163069514537848 0.12184261335258657 0.14252618146766294
0 0.23032590057775926 0.7024599031736477 0.04148075282769197 0.053122363237466885
0 0.27493691083580113 0.7142204083383047 0.04391257026391575 0.05554019455912783
0 0.3122804400675493 0.7212151766987139 0.04637235898251701 0.06036187203463492
0 0.31057503390782937 0.6779529385133904 0.03667306051999967 0.05309439290183731
0 0.3482122616045424 0.7101880914891843 0.03913284923860106 0.057916070377344406
0 0.3978687200704863 0.742353318625904 0.07812584206531402 0.10381290998545804
0 0.3837664708294378 0.6667090832027316 0.04385662769916051 0.05073250225143552
0 0.4345549241663607 0.6928577023709285 0.056183542574544956 0.07724473578281728
0 0.4795673076923077 0.8040865384615384 0.06009615384615385 0.1658653846153846
0 0.46651734980167564 0.650601594913121 0.039048935391468205 0.05070453191580594
0 0.5024038461538461 0.6430288461538461 0.014423076923076924 0.055288461538461536