0 0.14423076923076922 0.07572115384615384 0.12980769230769232 0.15144230769230768
0 0.2950081966289654 0.07064495371170829 0.08399116438227267 0.12716828816200484
0 0.09495192307692307 0.042067307692307696 0.07451923076923077 0.08413461538461539
0 0.4411057692307692 0.028846153846153848 0.06971153846153846 0.057692307692307696
0 0.4579326923076923 0.009615384615384616 0.055288461538461536 0.019230769230769232
0 0.4963942307692308 0.013221153846153846 0.04567307692307692 0.026442307692307692
0 0.4963942307692308 0.13581730769230768 0.04567307692307692 0.15144230769230768
0 0.5733173076923077 0.3137019230769231 0.10817307692307693 0.25240384615384615
0 0.6303942709915525 0.17020398349419213 0.11261930290835924 0.15678383458177322
0 0.7752403846153846 0.11298076923076923 0.15144230769230768 0.22596153846153846
0 0.9615384615384616 0.3004807692307692 0.07692307692307693 0.1971153846153846
0 0.051682692307692304 0.9074519230769231 0.10336538461538461 0.18509615384615385
0 0.039663461538461536 0.7584134615384616 0.07932692307692307 0.18509615384615385
0 0.16099164443962738 0.664941650120273 0.11851991063294107 0.17134680106368913
0 0.20757832302666535 0.8365939539552231 0.17242571593327446 0.24966877357515627
0 0.20859383530927705 0.5967688968059638 0.10912254133762371 0.14229081287927686
0 0.41432276540789764 0.5895629939898878 0.08898100925944655 0.12971202387469
0 0.4639423076923077 0.6382211538461539 0.11057692307692307 0.16105769230769232
0 0.47115384615384615 0.7536057692307693 0.09615384615384616 0.18990384615384615
0 0.836001939687953 0.6079652651396164 0.09083839770484795 0.12257043019257097
0 0.9247262320601934 0.6393294310448726 0.11484099649272395 0.15444993320734662