1 0.3894230769230769 0.25600961538461536 0.10096153846153846 0.25721153846153844
1 0.4755151637509038 0.26101991584923717 0.12905985396842448 0.1886633375965489
1 0.6002633312786075 0.25744550591751325 0.1459707212027797 0.1915567972063316
1 0.8810096153846154 0.14182692307692307 0.18509615384615385 0.28365384615384615
1 0.8269918048240665 0.21721525996236662 0.14191852631197605 0.21305152303210798
1 0.17548076923076922 0.4675480769230769 0.28365384615384615 0.07932692307692307
0 0.41782290700799585 0.9178330871752578 0.11055404774285965 0.14009680106368913
0 0.47503825462858484 0.8714698111941127 0.07083334691983996 0.10291999228528462
0 0.4546818474007038 0.6667581918303823 0.08103634063724918 0.12002669447988595
0 0.7189027230078213 0.8749634370744237 0.10342645343875335 0.14229081287927686
0 0.6774497292904121 0.8569474527473689 0.06602565461214766 0.10278010272644576
0 0.670795265519214 0.8039229478039146 0.0477716808588791 0.06142510465512448
0 0.663038090034367 0.788088113465656 0.06826161245112963 0.09804235519817303
0 0.8257211538461539 0.9122596153846154 0.13701923076923078 0.17548076923076922
0 0.8798306695405551 0.7727835006185063 0.05873017199317697 0.10016642223434093
0 0.911122641619271 0.774894705827883 0.07323719307368584 0.10298993706470419
0 0.9479778034225682 0.7987804159807141 0.07100123523470413 0.10772768459297694
0 0.9771634615384616 0.8197115384615384 0.04567307692307692 0.125
0 0.9891826923076923 0.7415865384615384 0.021634615384615384 0.0889423076923077