0 0.06129807692307692 0.09014423076923077 0.12259615384615384 0.18028846153846154
0 0.20432692307692307 0.12259615384615384 0.25961538461538464 0.24519230769230768
0 0.26322115384615385 0.13942307692307693 0.18990384615384615 0.27884615384615385
0 0.4098557692307692 0.15504807692307693 0.10336538461538461 0.24759615384615385
0 0.08066410931353502 0.7197401817844022 0.031529703356296 0.04880427490053417
0 0.06103556415519352 0.8574857594381948 0.053360111090318386 0.08296167231688018
0 0.1885722694032802 0.8832876553344557 0.07264682099234676 0.09302465805448726
0 0.29280393306803276 0.8280291787442314 0.04364683030023013 0.06591094867884614
0 0.3485576923076923 0.859375 0.019230769230769232 0.09375
0 0.006009615384615385 0.8713942307692307 0.01201923076923077 0.07451923076923077
0 0.016826923076923076 0.8497596153846154 0.03365384615384615 0.06009615384615385
0 0.36778846153846156 0.6370192307692307 0.019230769230769232 0.04326923076923077
0 0.39914495300737135 0.6728881321592952 0.0555961352303871 0.054171468611004275
0 0.414623108745316 0.648011423455716 0.031501733020666424 0.04399658259284186
0 0.5071851708362077 0.6525693500102568 0.04121501381075454 0.06104730623087617
0 0.5889439104026065 0.6592793470873937 0.10653841499904455 0.13467334463376077
0 0.8190496470557839 0.7571706624069985 0.07738458746096527 0.08111732756581211
0 0.6904298926571999 0.7517734837482911 0.0654352825308083 0.09285680763365398
0 0.777722751902511 0.6768925869453533 0.038741241817834456 0.04897212532136759
0 0.8162682013709384 0.6922108661128745 0.033933549510141874 0.04886022504081197
0 0.8607463478009995 0.6944478667849366 0.03876921215346403 0.05377981762905976
0 0.884875712930257 0.7106323681877144 0.04605067645407628 0.06596689881912396
0 0.9199902077656001 0.7559147990678959 0.05327620008342967 0.06853859539380353