0 0.84375 0.08173076923076923 0.23076923076923078 0.16346153846153846
0 0.8810096153846154 0.01201923076923077 0.13221153846153846 0.02403846153846154
1 0.47716346153846156 0.4362980769230769 0.08413461538461539 0.036057692307692304
1 0.328125 0.4362980769230769 0.055288461538461536 0.036057692307692304
0 0.5612980769230769 0.7307692307692307 0.06490384615384616 0.1778846153846154
0 0.5673076923076923 0.6862980769230769 0.07692307692307693 0.12740384615384615
0 0.6082906010327702 0.6543816281483379 0.07532240536488165 0.11008250367720152
0 0.6403961503460228 0.636105572294631 0.05150195914648738 0.07984994068205718
0 0.6600270874663411 0.6110496737513139 0.04042935397525008 0.06000298960729207
0 0.7294653970736571 0.6119112228895144 0.03711474497399614 0.047829713377062294
0 0.8096285186802634 0.5333222441008615 0.04800519757575172 0.06527281829798125
0 0.866359108215838 0.7295276550529586 0.07218994893310916 0.1003130736008179
0 0.8903782189707301 0.667674277508023 0.0402472014057685 0.05759914345344592
0 0.8686704586766668 0.6495379680126087 0.037843355251922346 0.05744509799244691
0 0.8785038586121187 0.6214620414714497 0.026588597511203595 0.035194300763835645
0 0.9202620746996182 0.6516480223471632 0.026770750080685184 0.037598146917681805
0 0.925471354305136 0.7046096604622781 0.05150195914648738 0.07984994068205718
0 0.9467775273013739 0.6700924227645753 0.03988289626680533 0.05279145114575347
0 0.9722359272368257 0.6430177917199095 0.027135055219648353 0.04240583922537411
0 0.9740395215563488 0.6826042305278714 0.04061150654473167 0.062406835761138084
0 0.984375 0.734375 0.03125 0.09375
0 0.9855769230769231 0.6646634615384616 0.028846153846153848 0.04567307692307692