0 0.061737895357030295 0.1897420902476904 0.05298252913978985 0.06261575861937697
0 0.24391486645513333 0.26630933009697777 0.07476421352324973 0.09487360052866628
0 0.6117788461538461 0.3557692307692308 0.0985576923076923 0.08653846153846154
0 0.6941948133047535 0.19655856556192808 0.07177169464185969 0.08753608182846666
0 0.729124513767111 0.09666274831936733 0.04817483683209754 0.06236379814205465
0 0.71875 0.021634615384615384 0.03365384615384615 0.04326923076923077
0 0.41274878742832183 0.12077276119281811 0.04336714452440523 0.06211183766473232
0 0.2942737394071418 0.047543997668051466 0.024381754779820717 0.03478766830179662
0 0.28075805083113303 0.10188760741655428 0.029581895572542375 0.03984732108681126
0 0.17251143940863387 0.08065648679613278 0.03497826060777871 0.047310820025672044
0 0.17479279418547053 0.035298360469708766 0.0219779086259747 0.03466168806313546
0 0.06490384615384616 0.009615384615384616 0.019230769230769232 0.019230769230769232
0 0.4647016352101168 0.024162651774731606 0.01878916550206984 0.02492032320908968
0 0.4266826923076923 0.010817307692307692 0.016826923076923076 0.021634615384615384
0 0.39172762075916834 0.053848120410751384 0.016189095105709008 0.022390496816582364
0 0.3649174422036664 0.03329455867403994 0.021781684383459884 0.032257841909289306
0 0.8040865384615384 0.02403846153846154 0.05048076923076923 0.04807692307692308
0 0.8918269230769231 0.06370192307692307 0.10096153846153846 0.12740384615384615
0 0.9711538461538461 0.12259615384615384 0.057692307692307696 0.22115384615384615
0 0.12980769230769232 0.9206730769230769 0.12980769230769232 0.15865384615384615
0 0.4342844972273483 0.9305692968712453 0.1115576475573307 0.1350988623314609
0 0.7620192307692307 0.7439903846153846 0.03365384615384615 0.05048076923076923
0 0.7716346153846154 0.7163461538461539 0.014423076923076924 0.038461538461538464
0 0.7081029503657916 0.7223182035608835 0.03517448485029352 0.049714666179518203
0 0.6490122969879633 0.7754701118517476 0.05916379114508503 0.07969464217362238
0 0.616241658291516 0.7258814259108906 0.03777455524665422 0.05224449257202538
0 0.541035444307401 0.7722048472658417 0.05656372074872406 0.07716481578111506
0 0.5461130937231131 0.731780393485771 0.03958972867295648 0.04515893434914808
0 0.5305126713449483 0.7166014351307273 0.03497826060777871 0.047310820025672044
0 0.3316308718147658 0.8019209807597139 0.06034113660017281 0.0941177190966993
0 0.33876907414296487 0.7280946413031195 0.03777455524665422 0.05224449257202552
0 0.23398096458630746 0.7345707415712593 0.05155980419851701 0.07450900914994658
0 0.2621157559618249 0.742029129700478 0.034193363637720006 0.03769543541028743
0 0.1393725331168265 0.7044801177674203 0.032378190211417884 0.04478099363316473
0 0.1022354091092206 0.7480115306332575 0.04518231795070736 0.05502627944185502
0 0.076406351766292 0.7394771996657769 0.031985741726388565 0.039973301325472284
0 0.04603936085760801 0.7486567642554895 0.044789869465678006 0.05021858713416272
0 0.8016826923076923 0.5204326923076923 0.04567307692307692 0.0889423076923077
0 0.8323913895290723 0.5348472080151105 0.06794512354674062 0.0993033521203751
0 0.8691604443074011 0.5307902863297431 0.06652239860546785 0.11119660265094457
0 0.9615860298534684 0.4901564189531125 0.0555334442924805 0.09386575861937697
0 0.9939903846153846 0.4519230769230769 0.01201923076923077 0.09134615384615384
0 0.9098557692307693 0.4411057692307692 0.06009615384615385 0.08413461538461539
0 0.8493657783370057 0.4495685488632606 0.046948336133339444 0.07666089482647041
0 0.8904028095730699 0.4684741458780927 0.04895973380215624 0.0719791827574394
0 0.8052884615384616 0.43509615384615385 0.052884615384615384 0.07211538461538461
0 0.9350961538461539 0.4182692307692308 0.04326923076923077 0.038461538461538464
0 0.9579326923076923 0.4074519230769231 0.03125 0.016826923076923076
0 0.9807692307692307 0.41225961538461536 0.038461538461538464 0.026442307692307692