1 0.08833037193008675 0.17076874535607922 0.04676943314122498 0.06135515987570491
1 0.22235576923076922 0.016826923076923076 0.05048076923076923 0.03365384615384615
1 0.29061532336080814 0.9578550893280124 0.07038787039504718 0.054843069208361545
1 0.03613506432465556 0.8882062694645645 0.03829782182576862 0.039510710152831106
1 0.14134426271436726 0.8755133145547215 0.03293009713855724 0.0297554359786075
1 0.27686969994647037 0.8872214069072288 0.020490842084687124 0.02219417361997149
1 0.03968268377842991 0.86643176452111 0.03038624288983135 0.027281645045341918
1 0.23877003599257635 0.8738824740651544 0.03038624288983135 0.027281645045341783
1 0.6310096153846154 0.5228365384615384 0.10817307692307693 0.0889423076923077
1 0.5348557692307693 0.5504807692307693 0.03125 0.1201923076923077
1 0.8658012749435634 0.6292127296636951 0.0689403723644692 0.11239548734183039