0 0.03365384615384615 0.1875 0.0673076923076923 0.04326923076923077
0 0.26670755354513587 0.15548321983563446 0.05533268266429822 0.08444228907654096
0 0.3629807692307692 0.1935096153846154 0.07211538461538461 0.03125
0 0.03365384615384615 0.31971153846153844 0.0673076923076923 0.22115384615384615
0 0.09375 0.4987980769230769 0.1875 0.30528846153846156
0 0.22716346153846154 0.3173076923076923 0.14182692307692307 0.21634615384615385
0 0.3340224720341571 0.3748905227229299 0.15864661997251708 0.24847721941848605
0 0.39903846153846156 0.2932692307692308 0.10576923076923077 0.16826923076923078
0 0.39663461538461536 0.7992788461538461 0.18269230769230768 0.4014423076923077
0 0.4579326923076923 0.6141826923076923 0.06009615384615385 0.33413461538461536
1 0.5559806831513276 0.3156326775905144 0.07794652496078669 0.11822200174072019
1 0.5036057692307693 0.3173076923076923 0.03125 0.10576923076923077