0 0.015625 0.28846153846153844 0.03125 0.08173076923076923
0 0.043204002691853614 0.2491419023751913 0.048513604445595875 0.07210516299610042
0 0.10158604510200463 0.2943587160340279 0.06872386592550966 0.09715146644385114
0 0.14151682193725984 0.2603167075449141 0.051211298274185454 0.07944268169630006
0 0.25498733729260137 0.2542185479927577 0.04630565674157858 0.07678687506513171
0 0.2732120818962764 0.2503557074750241 0.06651591822149236 0.10183317851288241
0 0.38783554571608375 0.5644339108643052 0.07210720432850036 0.12131590822097384
0 0.4940945226098866 0.5579578105961652 0.04620770751666415 0.07438302891128543
0 0.5880893956721729 0.556861424519335 0.04841565522068145 0.06970131684225442
0 0.6971440156194798 0.5408959198744716 0.04120411675914299 0.06932337612627079
0 0.7895451687051851 0.5493519282936954 0.03840847370563912 0.05958201127222514
0 0.8038478541688399 0.582622722921916 0.051211298274185316 0.07944268169630006
0 0.9089538825981772 0.5748817094575225 0.056508736706450034 0.09171387294285314