0 0.04807692307692308 0.1622596153846154 0.09615384615384616 0.3245192307692308
0 0.08971733591138473 0.16589853084508582 0.045507463710655054 0.07767834415554785
0 0.1831397225772055 0.19433117507648878 0.13136497492717536 0.22093188311602716
0 0.28918873246411436 0.20210035090138884 0.08153943236476448 0.15999654345601672
0 0.3357489809567265 0.19046483704057093 0.0542577873194227 0.13068883741224177
0 0.3768241999103697 0.1969630675603313 0.045927132387172165 0.09210142107862478
0 0.40157497106981777 0.17969557193113347 0.035962023874689865 0.07991435314662272
0 0.4160679927723141 0.18184766234082264 0.025717136244529717 0.05811190059923605
0 0.4256134326082793 0.17927597902420517 0.01801598432705485 0.04115909965023444
0 0.47475961538461536 0.03365384615384615 0.07451923076923077 0.0673076923076923
0 0.519678184115667 0.1884568743794925 0.030594773331641588 0.060599665334467846
0 0.6850961538461539 0.1622596153846154 0.27403846153846156 0.3245192307692308
0 0.7932692307692307 0.18389423076923078 0.3605769230769231 0.36778846153846156
0 0.019230769230769232 0.8112980769230769 0.038461538461538464 0.15625
0 0.07984991838670283 0.8402734621646725 0.12084030817933716 0.18951404595325586
0 0.18908502882786385 0.8335566221304564 0.1332792076250849 0.20414691932979695
0 0.28738866567146093 0.7404481780752037 0.18028123535713247 0.2506172227760377
0 0.4543269230769231 0.7103365384615384 0.1875 0.3245192307692308