1 0.16543351386915978 0.16466346153846154 0.16679012106447372 0.2860576923076923
1 0.5401834564583895 0.34975961538461536 0.07116604514517413 0.125
1 0.3990969302991588 0.31009615384615385 0.06113109129412537 0.0889423076923077
0 0.5865384615384616 0.17307692307692307 0.014423076923076924 0.052884615384615384
0 0.6285120800690179 0.17908653846153846 0.029405579493705966 0.04807692307692308
0 0.670621344684892 0.18269230769230768 0.03670103180237715 0.055288461538461536
0 0.698377460583633 0.19230769230769232 0.029349636928950727 0.04326923076923077
0 0.7127026380183884 0.18389423076923078 0.029377608211328485 0.04567307692307692
0 0.7548958164813953 0.19471153846153846 0.026861876927971852 0.036057692307692304
0 0.788661547764752 0.20432692307692307 0.024430059491748077 0.03365384615384615
0 0.8018127734049618 0.19831730769230768 0.01965033846643339 0.036057692307692304
0 0.8404421395607659 0.2127403846153846 0.02923775179944025 0.03365384615384615
0 0.8486458164813953 0.19471153846153846 0.019622367184055634 0.03365384615384615
0 0.8753538513562903 0.21754807692307693 0.024402088209370457 0.03125
0 0.9054438852029336 0.22115384615384615 0.029265723081818004 0.036057692307692304
0 0.9558407405865701 0.21394230769230768 0.02199824205552403 0.03125
0 0.9811790246902763 0.22235576923076922 0.022054184620279544 0.036057692307692304
1 0.4495192307692308 0.4855769230769231 0.14903846153846154 0.052884615384615384
1 0.3229998482715354 0.6670673076923077 0.15437929234195652 0.25240384615384615
1 0.5444711538461539 0.5336538461538461 0.06971153846153846 0.14903846153846154
0 0.7980769230769231 0.4891826923076923 0.09134615384615384 0.06009615384615385