0 0.026442307692307692 0.15985576923076922 0.052884615384615384 0.23798076923076922
0 0.14423076923076922 0.25 0.1875 0.25961538461538464
0 0.239516425739288 0.14983356904393966 0.18933859548349638 0.2736196343453413
0 0.18629807692307693 0.03125 0.15144230769230768 0.0625
0 0.46274038461538464 0.109375 0.17548076923076922 0.21875
0 0.9711538461538461 0.2620192307692308 0.057692307692307696 0.22115384615384615
0 0.6047801716948844 0.4989649436388748 0.05641206206712782 0.07007925755823777
0 0.6795513629414375 0.4902518639326866 0.056412062067127754 0.07007925755823777
0 0.8584489310449842 0.4844721053831997 0.0641275214833108 0.08007258288960574
0 0.8596406325026231 0.43886201857945334 0.04363694986593007 0.05502627944185502
0 0.9747596153846154 0.4266826923076923 0.05048076923076923 0.07932692307692307