0 0.5721153846153846 0.02403846153846154 0.08173076923076923 0.04807692307692308
0 0.6598557692307693 0.04447115384615385 0.06009615384615385 0.0889423076923077
0 0.640625 0.26322115384615385 0.0985576923076923 0.36778846153846156
0 0.5816951231620402 0.2266692228195592 0.16606623699628614 0.2403385766996537
0 0.449447809033007 0.07336316822831712 0.11029429774174819 0.13702585862392608
0 0.3543069155980923 0.08139139435244239 0.09258551299419711 0.11941520900893984
0 0.3016826923076923 0.056490384615384616 0.08413461538461539 0.11298076923076923
0 0.2555551421227661 0.06680700388304708 0.06653136763715696 0.07983406120731118
0 0.014423076923076924 0.10697115384615384 0.028846153846153848 0.10336538461538461
0 0.015625 0.21634615384615385 0.03125 0.11538461538461539
0 0.7644230769230769 0.140625 0.14903846153846154 0.28125
0 0.8269230769230769 0.11057692307692307 0.14423076923076922 0.22115384615384615
0 0.9122596153846154 0.13221153846153846 0.17548076923076922 0.2644230769230769
0 0.1588752713720815 0.7340521947584111 0.12761492015403172 0.19298608576644172
0 0.06327811467292635 0.6821522084373959 0.09334139442616401 0.13383828593201677
0 0.025240384615384616 0.6153846153846154 0.05048076923076923 0.09134615384615384
0 0.021634615384615384 0.5673076923076923 0.04326923076923077 0.038461538461538464
0 0.2644230769230769 0.5889423076923077 0.08173076923076923 0.08173076923076923
0 0.3233173076923077 0.5925480769230769 0.08413461538461539 0.0889423076923077
0 0.6334134615384616 0.8473557692307693 0.11298076923076923 0.25240384615384615
0 0.6682692307692307 0.6382211538461539 0.04326923076923077 0.18028846153846154
0 0.939680890130751 0.8353428100183291 0.08563615662926502 0.07832590252553719
0 0.9477691794532753 0.795399446144845 0.06767541140439175 0.05590756060285866
0 0.8597342874798061 0.8966178675989251 0.04831866193496108 0.05260802697694034
0 0.8542864723595239 0.863299904247106 0.04768876074165554 0.040588796207709714
0 0.7139423076923077 0.90625 0.04807692307692308 0.07692307692307693