0 0.008413461538461538 0.0673076923076923 0.016826923076923076 0.09134615384615384
0 0.021634615384615384 0.019230769230769232 0.038461538461538464 0.038461538461538464
0 0.15998043928812528 0.04048768685633993 0.043336244101831164 0.07105464498045186
0 0.16706730769230768 0.020432692307692308 0.036057692307692304 0.040865384615384616
0 0.23502921994251466 0.03351654320006599 0.03819236519825663 0.06607906435789537
0 0.27524038461538464 0.025240384615384616 0.03125 0.05048076923076923
0 0.3125 0.025240384615384616 0.038461538461538464 0.05048076923076923
0 0.3605769230769231 0.04326923076923077 0.04807692307692308 0.08653846153846154
0 0.39302884615384615 0.018028846153846152 0.036057692307692304 0.036057692307692304
0 0.46244482142788795 0.04505503530816736 0.048480123005405704 0.07603022560300833
0 0.5793269230769231 0.13942307692307693 0.019230769230769232 0.1201923076923077
0 0.5697115384615384 0.06129807692307692 0.038461538461538464 0.0985576923076923
0 0.5673076923076923 0.015625 0.03365384615384615 0.03125
0 0.2736846816597693 0.5109738092895398 0.1190991412892504 0.16002748708444392
0 0.42908653846153844 0.9519230769230769 0.24759615384615385 0.09615384615384616
0 0.15625 0.8858173076923077 0.1778846153846154 0.2283653846153846
0 0.05896836084391652 0.7324824778683673 0.10092747182879827 0.14020910875165007
0 0.018028846153846152 0.7127403846153846 0.036057692307692304 0.09375
0 0.09518590977458488 0.6845887103121506 0.04864821630334695 0.07843407175685449
0 0.13845514054381566 0.6860997051459281 0.05602784806282653 0.0810897503829969
0 0.5372596153846154 0.8942307692307693 0.10336538461538461 0.1971153846153846
0 0.5160605866619032 0.7364546090899489 0.0692237319176451 0.09833639424708042
0 0.5473611266445736 0.7039759811401519 0.06564323267821127 0.08142552701272511
0 0.9326923076923077 0.6382211538461539 0.1346153846153846 0.25240384615384615
0 0.9831730769230769 0.5408653846153846 0.03365384615384615 0.07692307692307693
0 0.8413285605633438 0.49181932513858173 0.040091931458279446 0.05895147005378899
0 0.8186601153997466 0.49342570179682316 0.03975574486239722 0.05414377774609669
0 0.6907267193607418 0.4985500739895911 0.05037968926542858 0.06890263129890196
0 0.6253268299880373 0.5406288193489306 0.053119722015156995 0.07379426776402635