0 0.1880549075945473 0.2575872736419343 0.21484107891884024 0.3317907391272437
0 0.0669097028006594 0.44715340907601536 0.03984619505440193 0.08022212532136759
0 0.36778846153846156 0.4963942307692308 0.057692307692307696 0.11778846153846154
0 0.3702139110922031 0.41773971431469026 0.04191436688270538 0.06104730623087617
0 0.44129520979343595 0.4097748588375001 0.03677100024947045 0.04170463671955132
0 0.45982756743559605 0.38134833104342963 0.027029737762007337 0.03426929769690176
0 0.5008398095684056 0.3738860218896904 0.026987778471314446 0.03186545154305547
0 0.5033756168865077 0.435268024023184 0.05410143481470749 0.07094244154764968
0 0.4897619330709493 0.5263344271679489 0.09593188311602721 0.12718205547083328
0 0.5440731643391209 0.4458345610232908 0.041872407592012544 0.058643460077030016
0 0.5861404720314286 0.4468136884781519 0.04166261113854844 0.04662422930779924
0 0.612073184943245 0.4077377034126072 0.029475543206546242 0.036729093991025724
0 0.5822139248282857 0.3962210189668272 0.02226400474500785 0.03656124357019244
0 0.555666718909246 0.401615182808387 0.02943358391585349 0.03432524783717957
0 0.6489402703584558 0.4999790595032054 0.05658919954993936 0.07580608399561967
0 0.6582138973561205 0.45089603884033147 0.04174652971993408 0.05143192161549155
0 0.6578301804477076 0.4039930637701926 0.02458393231746843 0.0318095014027778
0 0.6985067482549744 0.41576152384722254 0.029475543206546242 0.036729093991025724
0 0.7179682935845543 0.402987971123291 0.019818199300468874 0.03410144727606834
0 0.7356675487050351 0.4911759568608978 0.05667311813132487 0.08061377630331197
0 0.7692307692307693 0.5528846153846154 0.10096153846153846 0.11057692307692307
0 0.778301306821696 0.45970316123883587 0.03710667457501306 0.06093540595032055
0 0.7436972933350838 0.44446880728173116 0.03689687812154902 0.04891617518108978
0 0.7647174157124758 0.4112905373202461 0.027113656343393116 0.039076990004593935
0 0.8834411482305343 0.4982226597187505 0.04419233516447299 0.053891717909615375
0 0.9153895598191434 0.5278241404586544 0.07354200049894097 0.08340927343910264
0 0.9747596153846154 0.5697115384615384 0.05048076923076923 0.07692307692307693
0 0.9855769230769231 0.484375 0.028846153846153848 0.06009615384615385
0 0.984375 0.42908653846153844 0.03125 0.04567307692307692
0 0.9506798183100101 0.4348574424225433 0.03672904095877746 0.039300790565705165
0 0.9205268431602011 0.4401676810536864 0.02470981018954669 0.039021039864316265
0 0.9038887368913956 0.4289587223794343 0.024667850898854073 0.03661719371047011
0 0.8725338386646636 0.43424098594043853 0.02462589160816118 0.03421334755662396
0 0.8273013342938614 0.4079375486597761 0.02707169705270009 0.03667314385074792
0 0.8426745785497045 0.42272430149465856 0.02458393231746829 0.0318095014027778
0 0.8647078071959017 0.4003913142956201 0.029559461787932024 0.041536786298718036
0 0.2512019230769231 0.6682692307692307 0.17548076923076922 0.1201923076923077
0 0.3652742576202549 0.7040262318787397 0.051991303695711096 0.08771341448429495
0 0.4168520517012151 0.7112387752793273 0.04191436688270537 0.06104730623087617
0 0.4771370223554868 0.7018202210939641 0.06169060689248149 0.09274490735309836
0 0.5251300268510242 0.7077469162072119 0.05203326298640398 0.09011726063814098
0 0.7445574587942867 0.7429144309657058 0.0346189098397814 0.056071763502350574
0 0.7889866533497478 0.7463533547146908 0.03440911338631709 0.04405253273311967
0 0.8373992507522134 0.7282415882894772 0.039678357891630774 0.07060674070598284
0 0.8729744112169382 0.7567250711628747 0.03221506368593525 0.056015813362072626
0 0.9028336713318976 0.7682417556086546 0.0497552947046365 0.09727284895940176
0 0.9589674019763931 0.7899892762128748 0.059286760738635064 0.09268895721282054
0 0.9269770310970912 0.762791641626817 0.034660869130474156 0.05847560965619673