0 0.07932692307692307 0.042067307692307696 0.15865384615384615 0.08413461538461539
0 0.6442307692307693 0.14783653846153846 0.12980769230769232 0.25240384615384615
0 0.8121022240724277 0.14028597215109417 0.09711882273306707 0.16754375624309786
0 0.9328819088129569 0.24334547514727417 0.0631433177194807 0.11166786463493672
0 0.9867788461538461 0.23076923076923078 0.026442307692307692 0.09615384615384616
0 0.5060096153846154 0.6418269230769231 0.11778846153846154 0.16826923076923078
0 0.21763978186902252 0.6677739085873594 0.031515718188481076 0.046218547702083675
0 0.2006100738587849 0.6326244243217404 0.021858378069652098 0.038839172077773924
0 0.15393086620819205 0.6654600643070764 0.029153827538079415 0.05338812687292938
0 0.11287668182730769 0.6322948332883751 0.019454531915805946 0.038797212787081106
0 0.0902079653795468 0.6607423738729471 0.019454531915805946 0.038797212787081106
0 0.03721146865241305 0.6405885002469355 0.021886348405281808 0.043646864385466236
0 0.11658653846153846 0.9579326923076923 0.16105769230769232 0.08413461538461539
0 0.6887019230769231 0.8954326923076923 0.13701923076923078 0.2091346153846154
0 0.8689903846153846 0.9038461538461539 0.12740384615384615 0.19230769230769232
0 0.9579326923076923 0.8605769230769231 0.08413461538461539 0.27884615384615385