1 0.6526442307692307 0.33774038461538464 0.05048076923076923 0.14182692307692307
1 0.42212178102926995 0.38444011057159766 0.08916316182892814 0.1348911925206578
1 0.2946806527165615 0.44045037488996697 0.06738225662541684 0.10000498267882002
1 0.028846153846153848 0.5204326923076923 0.057692307692307696 0.0889423076923077
1 0.124516751343067 0.492021919044779 0.04614780913035032 0.07233031129852072
1 0.1555666673982926 0.4768751969361382 0.06184595403979827 0.09008150714143753
1 0.2354400481836604 0.4645801582616342 0.05925995531647053 0.08752361552659238
1 0.35734487391075026 0.4184933694806474 0.059259955316470596 0.08752361552659238
1 0.4683771784113772 0.4053976628900801 0.06017071816387839 0.09954284629582315
1 0.06129807692307692 0.7403846153846154 0.12259615384615384 0.21634615384615385
1 0.7524038461538461 0.6646634615384616 0.14423076923076922 0.13221153846153846