1 0.2602658458019234 0.17622804256800878 0.22496046557083352 0.2770153680717431
1 0.057692307692307696 0.09375 0.11538461538461539 0.1875
0 0.6971153846153846 0.15985576923076922 0.014423076923076924 0.12740384615384615
0 0.8640478416522439 0.0950209811043657 0.06484990589166675 0.10387252274577272
0 0.9891826923076923 0.06850961538461539 0.021634615384615384 0.10817307692307693
0 0.11201068622735076 0.5514784758548076 0.05696696574679495 0.07469048609759181
0 0.16824929521148538 0.5380300862132881 0.04494773497756418 0.07413068142754671
0 0.1951941492272439 0.5066944585491076 0.04483583469700857 0.06932298911985454
0 0.22513133080881445 0.5522259273409994 0.04723968085085472 0.06943495005386342
0 0.24992411430197684 0.5318195683031356 0.04243198854316248 0.06921102818584551
0 0.2768689683177354 0.500483940638955 0.04964352700470087 0.06954691098787244
0 0.3177623280032588 0.49978252783772487 0.04746348141196595 0.07905033466924803
0 0.3455464341231841 0.5045045924812366 0.042543888823718026 0.07401872049353783
0 0.37788645691955164 0.4981854275644227 0.04746348141196595 0.07905033466924817
0 0.41964603884033147 0.4830049573731111 0.03510854980106833 0.06406745307612614
0 0.4459484711819447 0.47576377171439665 0.037456445814636814 0.061775567856289015
0 0.468589184152511 0.4662866813028495 0.04751943155224362 0.08145418082309433
0 0.5009571820190174 0.46116943946295863 0.04477988455673089 0.06691914296600839
0 0.5295795353040601 0.45021052363946584 0.04483583469700857 0.06932298911985454
0 0.531844511046261 0.4958276200955382 0.04472393441645295 0.06451529681216209
0 0.5775165830302887 0.44196168957467025 0.05221522357938031 0.07687041038342006
0 0.6459153030733978 0.4857017834224179 0.04494773497756418 0.07413068142754671
0 0.6778846153846154 0.4639423076923077 0.02403846153846154 0.07692307692307693
0 0.6730769230769231 0.6153846153846154 0.03365384615384615 0.08173076923076923
0 0.6162618919494128 0.659144236498544 0.05215927343910264 0.07446656422957378
0 0.5788344261439641 0.6536680925141454 0.042264138122329126 0.06199948972430706
0 0.5102408855489321 0.6532532099026328 0.04964352700470087 0.06954691098787258
0 0.4709970500625539 0.6731294114676276 0.052271173719658254 0.07927425653726608
0 0.3944096739811437 0.6911352382789929 0.05199142301826935 0.06725502576803531
0 0.33940096314407103 0.7057295705304311 0.05199142301826935 0.06725502576803531
0 0.7740384615384616 0.9567307692307693 0.08653846153846154 0.08653846153846154
0 0.9278846153846154 0.9771634615384616 0.13942307692307693 0.04567307692307692
0 0.8607008826260689 0.889554565123267 0.06004221358397439 0.10364860087775468
0 0.7055288461538461 0.90625 0.03125 0.0673076923076923