0 0.3848477425946276 0.12700128401580402 0.055805912747609036 0.0921624938745423
0 0.45604090748938503 0.17094796829377396 0.06546325286643814 0.09993406471559983
0 0.5516826923076923 0.22235576923076922 0.07451923076923077 0.12259615384615384
0 0.42788461538461536 0.3389423076923077 0.125 0.10096153846153846
0 0.3240950872163278 0.22432149043523802 0.08965555125086219 0.1277764533567053
0 0.22905226054860853 0.2142268101829889 0.0727447171670504 0.11237331976946995
0 0.18314143577268002 0.17602157937031987 0.06795101002717288 0.11449714973355664
0 0.13507150527966433 0.18002366434483827 0.05329018525124445 0.07279171654889346
0 0.9290865384615384 0.08413461538461539 0.14182692307692307 0.16826923076923078
0 0.020432692307692308 0.9338942307692307 0.040865384615384616 0.13221153846153846
0 0.28846153846153844 0.9399038461538461 0.10096153846153846 0.1201923076923077
0 0.5305531456747085 0.7879308224990615 0.05333214075468881 0.08000325501043179
0 0.5074229186890593 0.7387801301696502 0.03154368852411092 0.052300874464206205
0 0.4223451058320945 0.7882215713840358 0.05091430943302801 0.0774594007617059
0 0.43412658874847376 0.7466561462942524 0.036295440160543806 0.042965506038581194
0 0.4220164543884468 0.7317311867686512 0.031501733020666424 0.04508933600266774
0 0.20732674157319694 0.8223869112603903 0.053402066593762884 0.0920224857796627
0 0.22733288626253795 0.7478795347616047 0.03154368852411078 0.052300874464206205
0 0.12037571758419888 0.7565137411376005 0.04609263195752078 0.07477553841810028
0 0.14687396594776578 0.7645890367093077 0.029055931363375774 0.037737789446249545
0 0.030035694465560973 0.7281101985417456 0.029097886866820202 0.04494932790778801
0 0.7406021868408941 0.47971068051287874 0.08500169578913266 0.15393874485925338
0 0.8717796242392871 0.5009263931880852 0.12620272443207242 0.21401119016451714
0 0.9819711538461539 0.47716346153846156 0.036057692307692304 0.1658653846153846