0 0.5504807692307693 0.35697115384615385 0.08173076923076923 0.11298076923076923
0 0.546875 0.2824519230769231 0.07451923076923077 0.10817307692307693
0 0.5793269230769231 0.44471153846153844 0.13942307692307693 0.14903846153846154
0 0.6294029296271749 0.4288503831956144 0.09303219571098417 0.14496871351903942
0 0.6127373200965702 0.32986099511599376 0.09269631290895711 0.13775717505750096
0 0.6464471467174209 0.32890628173893144 0.06765020296441453 0.11458210506289582
0 0.7556278720465789 0.34360885137859387 0.09431643252474012 0.12108429744157675
0 0.8235843106158444 0.4308728005082753 0.12059411274338207 0.17070167512848947
0 0.88317332633161 0.3643676185223025 0.07692970477777222 0.10798674844535323
0 0.9169984278138172 0.4176534890677776 0.08207327988749132 0.11550637782888956
0 0.9639423076923077 0.4519230769230769 0.07211538461538461 0.1346153846153846
0 0.9711538461538461 0.13822115384615385 0.057692307692307696 0.12259615384615384
0 0.009615384615384616 0.8954326923076923 0.019230769230769232 0.07451923076923077
0 0.3287442772133494 0.9359401592128785 0.04880798307532922 0.07023455606667256
0 0.3511626191360279 0.951380673140811 0.05372763631703055 0.07294649314251658
0 0.40865384615384615 0.9591346153846154 0.07211538461538461 0.08173076923076923
0 0.4362980769230769 0.9747596153846154 0.07451923076923077 0.05048076923076923
0 0.4675480769230769 0.9759615384615384 0.08413461538461539 0.04807692307692308
1 0.6574519230769231 0.5420673076923077 0.12740384615384615 0.04567307692307692