0 0.3173076923076923 0.2704326923076923 0.02403846153846154 0.05048076923076923
0 0.21573712037655882 0.32746178040692797 0.07569409090863005 0.06817480206139812
0 0.2258620997724347 0.2876724480977672 0.06333918581385671 0.048804176418740915
0 0.13484553695964616 0.3764897270846897 0.04406645729239445 0.04617656000587381
0 0.1306523376591773 0.3428778378544099 0.041494773975777284 0.03653320410811171
0 0.9615384615384616 0.04567307692307692 0.07692307692307693 0.09134615384615384
0 0.6985508135599325 0.0448576994075561 0.032047226523163684 0.046036703593985845
0 0.6802884615384616 0.015625 0.02403846153846154 0.03125
0 0.6348698701283558 0.04680086146748576 0.029769258241396066 0.053220270773146686
0 0.5925480769230769 0.016826923076923076 0.021634615384615384 0.03365384615384615
0 0.57112598776074 0.045138254296646224 0.022305964035700673 0.0387132800029369
0 0.5167037749736588 0.02653683891937316 0.024793728770932468 0.04354894359300683
0 0.44011637237612455 0.04666268918622581 0.027197574924778624 0.04357691487538445
0 0.36700886113728093 0.05953504406797361 0.022389882617086316 0.04352097231062921
0 0.3401442307692308 0.07091346153846154 0.021634615384615384 0.05048076923076923
0 0.38822115384615385 0.38341346153846156 0.11778846153846154 0.17067307692307693
0 0.37431313124119675 0.2025079476570646 0.08167664335572158 0.13553843693384565
0 0.6081730769230769 0.40384615384615385 0.16826923076923078 0.21153846153846154
0 0.14903846153846154 0.5673076923076923 0.1875 0.11538461538461539
0 0.5240384615384616 0.9026442307692307 0.2644230769230769 0.19471153846153846
0 0.9314903846153846 0.8762019230769231 0.13701923076923078 0.24759615384615385