1 0.5769230769230769 0.14543269230769232 0.21634615384615385 0.29086538461538464
1 0.42427884615384615 0.6442307692307693 0.0889423076923077 0.25
1 0.5276226273693354 0.7766933469464075 0.059286760738635265 0.09571781551371163
1 0.9227345417046541 0.7973010947821983 0.05953851648279213 0.11014089243678854
1 0.9771634615384616 0.8209134615384616 0.04567307692307692 0.09375
1 0.47836538461538464 0.78125 0.019230769230769232 0.09615384615384616
1 0.8614364647815772 0.8019459853039785 0.06169060689248149 0.0958999680831932
1 0.6087869461757514 0.7380482365071107 0.05924480144794245 0.09331396935986547
1 0.6755850437029522 0.772702502384829 0.06173256618317424 0.09830381423703936
1 0.7420264872592642 0.7869240759548549 0.04705773351594025 0.08278782189707293
1 0.7986637293920738 0.7910569521104994 0.06173256618317424 0.09830381423703936