0 0.036057692307692304 0.26322115384615385 0.07211538461538461 0.1466346153846154
0 0.09883499159853998 0.27703855082299894 0.063115347383851 0.10686017232724442
0 0.1455421695847624 0.306702910837663 0.053360111090318456 0.08265387362601159
0 0.217832368797832 0.27791361263537095 0.094505199061999 0.1314441046447127
0 0.27198883309844446 0.2668384659067289 0.06549122320206771 0.10209443931024499
0 0.3199468822489417 0.28811034402827784 0.06305940671259186 0.09724478771185979
0 0.36190230859873107 0.3080754008461716 0.07516254848871148 0.1118776610884009
0 0.4446749728317026 0.13041547826818933 0.058251714404899686 0.09716086913047416
0 0.43008327253969875 0.36576162524630185 0.10909609799885349 0.16054201423502362
0 0.5012019230769231 0.30528846153846156 0.016826923076923076 0.09615384615384616
0 0.5264423076923077 0.38221153846153844 0.03365384615384615 0.07692307692307693
0 0.5216346153846154 0.5252403846153846 0.02403846153846154 0.1466346153846154
0 0.6009615384615384 0.5889423076923077 0.10096153846153846 0.13942307692307693
0 0.9074519230769231 0.6334134615384616 0.08413461538461539 0.05048076923076923
0 0.9639423076923077 0.6009615384615384 0.07211538461538461 0.11538461538461539
0 0.9852117060034395 0.4107748963480993 0.026708025880788765 0.04613462912069803
0 0.9781120488844195 0.3914182492452516 0.026694040712974116 0.04373078296685188
0 0.9383926466746988 0.4003413055642045 0.03400347534921622 0.06068358391585349
0 0.8976181656501102 0.38400299762242646 0.026694040712974116 0.04373078296685188
0 0.9001618634821044 0.3600064953746577 0.024234253887868817 0.03407343906077451
0 0.8532239302269378 0.37000559689845514 0.029125857202449843 0.04858043456523694
0 0.8232038236394904 0.36467341345710247 0.029139842370264766 0.05098428071908309
0 0.8087667615485987 0.3668255038667917 0.031529703356296 0.048622393855929966
0 0.7606478829682313 0.3731978565144735 0.026708025880788765 0.04613462912069803
0 0.7149748060451544 0.37240062999130974 0.029139842370264627 0.05098428071908309
0 0.656122530779368 0.3641610889077969 0.033989490181401294 0.05827973776200734
0 0.5827422898318937 0.3736986382339733 0.04370277097148955 0.0752744980017017
0 0.03365384615384615 0.7584134615384616 0.0673076923076923 0.11298076923076923
0 0.1377238790335792 0.7483419842630842 0.07526044466341499 0.12870458416532385
0 0.2620192307692308 0.7163461538461539 0.08173076923076923 0.11538461538461539
0 0.3564668864496718 0.7533622027930549 0.07765030564944635 0.12634269730217057
0 0.4675480769230769 0.7295673076923077 0.08413461538461539 0.14182692307692307
0 0.5865384615384616 0.6935096153846154 0.15384615384615385 0.06971153846153846
0 0.7091346153846154 0.6754807692307693 0.08173076923076923 0.03365384615384615
0 0.7884615384615384 0.6923076923076923 0.14903846153846154 0.0673076923076923
0 0.9266826923076923 0.7079326923076923 0.1466346153846154 0.0985576923076923