0 0.49158653846153844 0.15384615384615385 0.026442307692307692 0.10096153846153846
0 0.5500097802176075 0.24278337446403592 0.10841266608287917 0.1582203079762617
0 0.6935096153846154 0.29086538461538464 0.15625 0.1778846153846154
0 0.638727395103282 0.15527590044580583 0.0862325799192569 0.1255838988272711
0 0.5784694873865343 0.08092501424028026 0.06392661588355622 0.08573595121674207
0 0.6593969468019623 0.0986010297583537 0.0860647427564856 0.1159685142118865
0 0.7107859240748048 0.07846212926995307 0.06164864760178874 0.09279344421728156
0 0.7804913792441659 0.14258144901609823 0.11819588786103506 0.1684518744356422
0 0.8724520260975432 0.10299685261379227 0.07910496003910393 0.12992945475196654
0 0.8966346153846154 0.03365384615384615 0.0673076923076923 0.0673076923076923
0 0.8934572521217661 0.06555275115710937 0.06890214535401995 0.09565942675412459
0 0.042067307692307696 0.9555288461538461 0.08413461538461539 0.0889423076923077
0 0.09375 0.9507211538461539 0.07211538461538461 0.0985576923076923
0 0.06964189247877285 0.9033249786466759 0.05414339410540032 0.07550438475736161
0 0.08210777909245573 0.8592084978419509 0.036980796702934596 0.05519529729959976
0 0.02403846153846154 0.9026442307692307 0.04807692307692308 0.06490384615384616
0 0.006009615384615385 0.8810096153846154 0.01201923076923077 0.06971153846153846
0 0.004807692307692308 0.8533653846153846 0.009615384615384616 0.04807692307692308
0 0.12312002122526525 0.8650031865434301 0.04697381493455467 0.07744609452821088
0 0.14945743069084086 0.8572990710878263 0.03706471528432024 0.06000298960729207
0 0.13077821553125582 0.8211947966607032 0.03693883741224177 0.05279145114575347
0 0.21134293768361742 0.8870247579861992 0.06426229020909886 0.10496672044751133
0 0.23521356205930763 0.875868918760825 0.049461579669786544 0.0824078322969022
0 0.19081143044137044 0.81373789090496 0.034576950549088444 0.05504125183860076
0 0.265876131989608 0.8402124816139924 0.04191436688270537 0.0627149266831361
0 0.26031317244944474 0.7972513417667595 0.03440911338631709 0.04542586722321614
0 0.3304652834632579 0.8180244080131744 0.12110324550319508 0.1974520737427949
0 0.4375 0.6382211538461539 0.08173076923076923 0.19471153846153846
0 0.41272054382768747 0.8428349392622868 0.049461579669786405 0.08240783229690206
0 0.44879921578072624 0.8417261804242255 0.03731647102847724 0.074426066530369
0 0.43113310688994655 0.7947275755742952 0.04436017232724428 0.06527281829798125
0 0.44971350711497693 0.7562355965016881 0.02972729895070331 0.052329314762756735
0 0.39452994380324746 0.7657882574892796 0.03221506368593511 0.05729105253144805
0 0.5487652740954426 0.8877216473720068 0.06906998251679124 0.10527481136950947
0 0.6067722764679465 0.9020534024618778 0.05688291458478918 0.09488919944912985
0 0.7076079370574065 0.8883719546383831 0.061774525473867 0.10000498267882016
0 0.7563413124322458 0.8539640226879046 0.05924480144794258 0.0926393987562827
0 0.8280431874328796 0.7567175592043596 0.04452800949001556 0.07488820291336587
0 0.8201271540905547 0.8546895102791248 0.04701577422524777 0.0798499406820569
0 0.879935676194036 0.7654248125621129 0.04216612262686244 0.07713800360621302
0 0.9022267438765676 0.7327113806826228 0.04444409090863006 0.07008051060567357
0 0.9366419405550622 0.7052373368827533 0.04212416333616941 0.07473415745236686
0 0.9417704108351281 0.6543714539994867 0.04688989635316924 0.07263840222051858
0 0.9252852453759252 0.6060939033421338 0.03689687812154902 0.050387604991907316
0 0.9282196659556091 0.5674012966890968 0.02972729895070331 0.052329314762756735
0 0.9156549644073716 0.5369215239940917 0.029643380369317532 0.04752162245506442
0 0.8919582604866301 0.4891061097197355 0.02972729895070331 0.052329314762756735
0 0.8140281605869253 0.43634325677939445 0.024835688061625224 0.047213531533066413
0 0.7981723844881146 0.4241233984297338 0.019944077172547408 0.04209774830337624
0 0.9855769230769231 0.7512019230769231 0.028846153846153848 0.0985576923076923