0 0.04921550248491695 0.05973000097930285 0.06872386592550966 0.09450522462419532
0 0.12139423076923077 0.18629807692307693 0.17067307692307693 0.2860576923076923
0 0.21167101631936125 0.06264963172650664 0.06401412284273178 0.09685312821328637
0 0.28365384615384615 0.07932692307692307 0.09134615384615384 0.15865384615384615
0 0.44591346153846156 0.18389423076923078 0.04567307692307692 0.15144230769230768
0 0.6225961538461539 0.0673076923076923 0.11057692307692307 0.1346153846153846
0 0.6862980769230769 0.030048076923076924 0.06490384615384616 0.06009615384615385
0 0.9074519230769231 0.14302884615384615 0.18509615384615385 0.2860576923076923
0 0.3583505161729917 0.8279923927067885 0.0409102690843997 0.06054369436419549
0 0.38425410312826985 0.814463554754481 0.03821257525581027 0.05330418462027954
0 0.30993077080886794 0.820138356815879 0.028009495290939084 0.03876922256769214
0 0.292707960688845 0.8696409732287461 0.046011809066835295 0.06781117539048918
0 0.225132953084359 0.834352491186438 0.028303342965682095 0.045980761029230606
0 0.2437270523531843 0.8185037209274171 0.027911546066024383 0.03636537641384599
0 0.1496076976880341 0.8400412788890249 0.023103853758332075 0.03630943384909075
0 0.14271653927918862 0.8184765917103536 0.022810006083588793 0.029097895387552287
0 0.11489885229463653 0.8440526317142694 0.023005904533417647 0.03390558769524459
0 0.08938706223901605 0.8671968542819616 0.033013086048459976 0.043632857440139686
0 0.04579745141709232 0.8893489383905628 0.035514881427220556 0.04606467487636333
0 0.024852570750320196 0.8475054009572758 0.025605649137092658 0.03874125128531439
0 0.040944874640384925 0.8292807558267865 0.020406159929742637 0.029069924105174803
0 0.007211538461538462 0.8257211538461539 0.014423076923076924 0.026442307692307692
0 0.007211538461538462 0.8461538461538461 0.014423076923076924 0.03365384615384615
0 0.010817307692307692 0.8954326923076923 0.021634615384615384 0.05048076923076923
0 0.5036057692307693 0.6887019230769231 0.06971153846153846 0.10817307692307693
0 0.49399038461538464 0.8221153846153846 0.05048076923076923 0.16346153846153846
0 0.6461406720077522 0.8095053886549679 0.10482644270221705 0.15499297642363585
0 0.6701199871295754 0.6011950840351779 0.07151950897901352 0.10414858052195769
0 0.661024971160155 0.5255438583949681 0.05871668441046719 0.08477795487930037
0 0.6378721427893657 0.4885359845517512 0.053321296753288186 0.0702989353914682
0 0.5781147210869702 0.5565709302012612 0.06852796747568081 0.08969753231650301
0 0.5590349658370148 0.501478267639443 0.04831770599576702 0.06543530051902079
0 0.8721716357989586 0.513467000930354 0.06700566434606478 0.11130417641874092
0 0.871267650540221 0.4617703229814729 0.05871668441046733 0.08477795487930037
0 0.9400364009347458 0.614889223485809 0.08922797508016672 0.1259789948832163
0 0.9747596153846154 0.7283653846153846 0.05048076923076923 0.16346153846153846
0 0.9795673076923077 0.5060096153846154 0.040865384615384616 0.11298076923076923
0 0.9604813636727646 0.4378848614307742 0.0636223259430738 0.08723774359790162