0 0.9567307692307693 0.018028846153846152 0.028846153846153848 0.036057692307692304
0 0.8822115384615384 0.019230769230769232 0.02403846153846154 0.038461538461538464
0 0.8509615384615384 0.025240384615384616 0.03365384615384615 0.05048076923076923
0 0.7788461538461539 0.031233007167448187 0.04326923076923077 0.05755610583436234
0 0.734375 0.0912559492749873 0.06971153846153846 0.10461496538271199
0 0.7115384615384616 0.026442307692307692 0.057692307692307696 0.052884615384615384
0 0.671875 0.07572115384615384 0.026442307692307692 0.08413461538461539
0 0.6682692307692307 0.039663461538461536 0.019230769230769232 0.07451923076923077
0 0.8605769230769231 0.1579592944375843 0.08413461538461539 0.14383238527621736
0 0.03245192307692308 0.5406491998055569 0.055288461538461536 0.0822244685661297
0 0.07692307692307693 0.5238954884672486 0.04567307692307692 0.06729747068840812
0 0.12980769230769232 0.6292970001397801 0.09134615384615384 0.16103724906912392
0 0.15384615384615385 0.5511141208300916 0.06971153846153846 0.12144188845963501
0 0.22355769230769232 0.5883260785243026 0.055288461538461536 0.08943600702766802
0 0.23677884615384615 0.5347485718270509 0.040865384615384616 0.059833971749547334
0 0.27283653846153844 0.5701184836317489 0.07692307692307693 0.1218198291756185
0 0.37259615384615385 0.5576787652657724 0.05048076923076923 0.07476096962726878
0 0.4182692307692308 0.6201889868850566 0.0673076923076923 0.10689283129789692
0 0.42908653846153844 0.5667374604264661 0.040865384615384616 0.06944935636493195
0 0.4831730769230769 0.5819317512104362 0.055288461538461536 0.0822244685661297
0 0.5276442307692307 0.5856107321798202 0.04326923076923077 0.0599599519882085
0 0.53125 0.4640275310525977 0.03125 0.05211851233336422
0 0.5420673076923077 0.8665865384615384 0.23317307692307693 0.2668269230769231
0 0.6334134615384616 0.7331730769230769 0.05048076923076923 0.16346153846153846