0 0.007211538461538462 0.3894230769230769 0.014423076923076924 0.0673076923076923
0 0.11057692307692307 0.42908653846153844 0.04807692307692308 0.040865384615384616
0 0.06008509941221714 0.3361502318464312 0.0426207659085102 0.06535138667188779
0 0.1569321501405586 0.3480863908338432 0.04308290229150708 0.07256292513342626
0 0.1450831063406891 0.31311873647356353 0.03750498267882003 0.06048775179944039
0 0.21995192307692307 0.4074519230769231 0.05048076923076923 0.08413461538461539
0 0.2473844718317873 0.35394300623069574 0.0426207659085102 0.06535138667188779
0 0.33259740544339533 0.3717489241908351 0.04277481136950921 0.06775523282573395
0 0.3557692307692308 0.4230769230769231 0.0673076923076923 0.052884615384615384
0 0.4054059946332753 0.38340537035447103 0.05571831490473373 0.08231816616069897
0 0.47836538461538464 0.43028846153846156 0.0673076923076923 0.038461538461538464
0 0.5637019230769231 0.41346153846153844 0.06971153846153846 0.07211538461538461
0 0.6286057692307693 0.39663461538461536 0.040865384615384616 0.10096153846153846
0 0.6705743854672469 0.19716239393083526 0.03673475537382514 0.04846852103020961
0 0.6177884615384616 0.21394230769230768 0.019230769230769232 0.04326923076923077
0 0.7194358349518708 0.2661894780394364 0.046966321833205774 0.058195790775104575
0 0.7539207896328489 0.3170338739411145 0.05510213306073771 0.07270278154531436
0 0.8314743475026278 0.3839927672844008 0.06727540929096748 0.0752464841110486
0 0.8978365384615384 0.42908653846153844 0.0889423076923077 0.040865384615384616
0 0.8775057822784459 0.18395690985649835 0.03898455606667229 0.046092646158741084
0 0.9891826923076923 0.23317307692307693 0.021634615384615384 0.0673076923076923
0 0.06054907820087012 0.6567411815722362 0.06881586390095719 0.09928494564951015
0 0.2372944941363557 0.6035505662120951 0.07470187443564218 0.11616781129118846
0 0.40061628623960144 0.6594971949517446 0.0772597660504872 0.1185996287274121
0 0.34877586365959795 0.8438521098148919 0.13236189911122517 0.19130241027272632
0 0.49278846153846156 0.9266826923076923 0.20192307692307693 0.1466346153846154
0 0.5276170348269318 0.7858817734294361 0.09097349689070675 0.14518179283160776
0 0.5829326923076923 0.65625 0.05048076923076923 0.11538461538461539
0 0.5949519230769231 0.8112980769230769 0.026442307692307692 0.17548076923076922
1 0.684132228440811 0.8361502318464312 0.08385512266802991 0.10906815795916049