0 0.5120192307692307 0.21634615384615385 0.16826923076923078 0.16346153846153846
0 0.41225961538461536 0.203125 0.0889423076923077 0.15625
0 0.6471735218776189 0.20772493911475773 0.07772947678004244 0.152565908220974
0 0.8112980769230769 0.22596153846153846 0.0889423076923077 0.14423076923076922
0 0.019230769230769232 0.34975961538461536 0.038461538461538464 0.10336538461538461
0 0.055272548154971284 0.34701181417988936 0.044680990485360346 0.09095799151088617
0 0.07932692307692307 0.3329326923076923 0.03365384615384615 0.06971153846153846
0 0.09491073970209768 0.33220057492154476 0.023265008381356367 0.058700149601597
0 0.10477826426439396 0.32909872664542017 0.017280662988076127 0.0416212660473516
0 0.19819207766851174 0.3388196482608976 0.028072700689048675 0.058952110078919255
0 0.2605492543619057 0.36138889381618744 0.049824869388934885 0.0960176442959008
0 0.2692307692307692 0.3293269230769231 0.04807692307692308 0.0625
0 0.3161057692307692 0.34375 0.06971153846153846 0.09134615384615384
0 0.396325378679388 0.8089265560307088 0.04232768431418448 0.057304145357040155
0 0.46687738363063214 0.8005607521826517 0.0421595910162433 0.054900299203193996
0 0.5024055260531659 0.7927720810278538 0.03153564661321194 0.03997330132547242
0 0.5484988362210956 0.7891560901778003 0.028795613863483557 0.03503962877911895
0 0.5905408739220681 0.7744708311581169 0.026223674411696287 0.032509802386611636
0 0.6243122733911851 0.7400508819530197 0.02398792155579125 0.03478766830179662
0 0.753447592507113 0.7564691994561067 0.02141598210400398 0.032257841909289306
0 0.8089881939924861 0.7557609757145441 0.02398792155579125 0.03478766830179662
0 0.9110576923076923 0.9615384615384616 0.0673076923076923 0.07692307692307693
0 0.93158490780508 0.9346908690795689 0.0682151721299984 0.08500625543595948
0 0.9667263236490611 0.897930063839956 0.04747156321775902 0.06236379814205479
0 0.9466045479459159 0.8751616263073903 0.04713537662187679 0.05755610583436248
0 0.9794261642850214 0.8370729177521932 0.032208019804976666 0.04958868594085704
0 0.9592203419329057 0.8155064032965504 0.02946798705524801 0.04465501339450357