1 0.33428580899993865 0.4064272186631332 0.04310460329556475 0.04831467092977458
1 0.39186615575823736 0.4091667088445345 0.05545971686682258 0.0555961352303871
0 0.4879807692307692 0.3786057692307692 0.07692307692307693 0.13701923076923078
0 0.5117918168249129 0.30238974463748897 0.06149897944861411 0.08206641325832437
0 0.5852210854512296 0.3004124461019941 0.06686647642635138 0.09411361436318472
0 0.630196063500424 0.28985386401426017 0.057139130876957885 0.09165382753807941
0 0.6919353563048418 0.383988456129167 0.08906089648101201 0.1062587116427487
0 0.5072115384615384 0.5252403846153846 0.11538461538461539 0.18509615384615385
0 0.6298076923076923 0.5829326923076923 0.25961538461538464 0.06971153846153846
0 0.7962490949319554 0.41585380351301815 0.11444288922758152 0.1352447171670504
0 0.9314903846153846 0.5264423076923077 0.13701923076923078 0.18269230769230768
0 0.9384218425929483 0.25437735752603136 0.06127505758059607 0.07725872095063206
1 0.28365384615384615 0.7199519230769231 0.16826923076923078 0.20432692307692307
1 0.6550480769230769 0.7091346153846154 0.29086538461538464 0.18269230769230768