0 0.5432692307692307 0.30408653846153844 0.1875 0.28125
0 0.006009615384615385 0.7307692307692307 0.01201923076923077 0.08173076923076923
0 0.03125 0.7391826923076923 0.0625 0.09375
0 0.04165728064571006 0.7713061621538869 0.07393164713064729 0.10610796291298914
0 0.15983085583666898 0.7604970347484634 0.08927899681971824 0.12111873518555277
0 0.18683030655649147 0.8816729248333578 0.09797010866910884 0.1070874551621337
0 0.3196884674730943 0.8474885382293665 0.12780141650339352 0.16104951202080792
0 0.4074519230769231 0.8942307692307693 0.08413461538461539 0.16826923076923078
0 0.43990384615384615 0.7163461538461539 0.019230769230769232 0.038461538461538464
0 0.43509615384615385 0.6850961538461539 0.028846153846153848 0.04807692307692308
0 0.3938046006758093 0.7197949345442191 0.02619509799244705 0.03463333840299064
0 0.39383504128687785 0.7006131399259072 0.02363720637760189 0.032131543024230054
0 0.36289313220887576 0.6970787875421027 0.023791251838600893 0.034535389178076144
0 0.34939432805179255 0.6832434059685124 0.023329115455603882 0.02732385071653768
0 0.3280373629781065 0.6984990513033622 0.02588700707044904 0.02982564609529833
0 0.28845092417014445 0.6989132904375275 0.023329115455603882 0.02732385071653768
0 0.30880659374733727 0.6992826451026778 0.027982762302297185 0.025115903012520518
0 0.24974217600874524 0.6669245811072269 0.02046313291876099 0.02001436303008479
0 0.23074247496947436 0.6641024056757734 0.023329115455603882 0.02732385071653768
0 0.21573365681347026 0.6551236910223326 0.023175069994604877 0.024920004562691524
0 0.18146362881562822 0.6661103647865195 0.02363720637760189 0.032131543024230054
0 0.15113790158162196 0.6529606277873304 0.018521423147911574 0.027127952266708825
0 0.12027301523411947 0.6482243523266029 0.025578916148451033 0.02501795378760602
0 0.12199795591617638 0.6026002500159832 0.026041052531448044 0.03222949224914448
0 0.08933110615611735 0.6446899999427984 0.018213332225913568 0.022320259959016518
0 0.07649506596246088 0.6392191052952125 0.018213332225913703 0.022320259959016518
0 0.08943856949768539 0.6243062822475633 0.013251594457222527 0.019720515355341472
0 0.08248853983871392 0.6018125660732254 0.01867546860891058 0.029531798420554978
0 0.05675557822926381 0.6292343660146776 0.015347349689070673 0.015010772272563627
0 0.002403846153846154 0.6033653846153846 0.004807692307692308 0.02403846153846154