0 0.007211538461538462 0.25721153846153844 0.014423076923076924 0.07692307692307693
0 0.037259615384615384 0.3293269230769231 0.07451923076923077 0.12980769230769232
0 0.19899775382708373 0.2826493181366291 0.07675723638034199 0.09658738635610493
0 0.11863575315502176 0.237716653752587 0.05210332329882483 0.07000522698564911
0 0.07234722468888923 0.21100862787179808 0.04187248714038461 0.04350697862208227
0 0.008413461538461538 0.20192307692307693 0.016826923076923076 0.052884615384615384
0 0.009615384615384616 0.16346153846153846 0.019230769230769232 0.03365384615384615
0 0.040425823005555875 0.1819806668440519 0.024765813362072626 0.03138985167814786
0 0.016974837940011048 0.20708119978128858 0.02493366378290605 0.038601390139686456
0 0.002403846153846154 0.15264423076923078 0.004807692307692308 0.026442307692307692
0 0.023151298806410543 0.16265200143857916 0.017442374619978687 0.026540203867011333
0 0.03508660436522467 0.15911615804688387 0.01733047433942307 0.021732511559319025
0 0.05423344838557726 0.15562227015863306 0.01744237461997855 0.026540203867011333
0 0.0749738664647973 0.16896229793121265 0.01761022504081211 0.03375174232854979
0 0.08727284793541698 0.18105145453951735 0.020014071194658128 0.033765727496364445
0 0.09180078954172038 0.16906019410591616 0.017274524199145266 0.01932866540547287
0 0.11634280234268199 0.19083466116867953 0.024877713642628245 0.036197543985840304
0 0.1411086157047547 0.22222451284682754 0.03471689881912409 0.04586886927248406
0 0.17864798179075897 0.23446051371718762 0.04455608399561966 0.05554019455912783
0 0.25355886354193413 0.2517209769963694 0.039748391687927355 0.055512224223498254
0 0.22971522255539567 0.2083188871328981 0.024821763502350436 0.03379369783199401
0 0.21040052811420978 0.20460123655961043 0.029797306230876168 0.04103320662916218
0 0.20740920548744693 0.17934686677641104 0.019790270633547033 0.024150342880979964
0 0.17750100391506438 0.18518166756334148 0.024765813362072626 0.031389851678148
0 0.1597798835327461 0.19829793265088436 0.019846220773824703 0.026554189034826117
0 0.14756482727254308 0.18981454527334882 0.024877713642628245 0.036197543985840304
0 0.13384012216388924 0.16810301146575204 0.022306017067948804 0.028972020356487056
0 0.23032966915940203 0.1830854951014208 0.017442374619978687 0.026540203867011333
0 0.2423488999286328 0.1831554209404949 0.01738642447970088 0.024136357713165177
0 0.2632571684286862 0.20370698717461294 0.027337509936752068 0.03861537530750125
0 0.30828782367761787 0.22800417431764816 0.03471689881912409 0.04586886927248406
0 0.32452827522067346 0.254537385600752 0.039748391687927355 0.055512224223498254
0 0.33814208498782095 0.32311692682444143 0.0693778474979701 0.08933389239112198
0 0.293081444790652 0.19426641715691323 0.01492662818557692 0.021718526391504102
0 0.3134861620282055 0.1931833680064159 0.014870678045299112 0.019314680237657946
0 0.3232693970644234 0.20045084713921363 0.014982578325854727 0.024122372545350254
0 0.3344224055983978 0.2149368573174571 0.022361967208226474 0.03137586651033321
0 0.34006834507120764 0.19934682023699407 0.019846220773824703 0.02655418903482598
0 0.358544792347276 0.21868247822637427 0.02482176350235057 0.03379369783199401
0 0.35929911430197686 0.19945870157951248 0.01744237461997855 0.026540203867011333
0 0.3848472246888892 0.21282669968772167 0.019958121054380322 0.031361881342518286
0 0.39144431654642137 0.2381020472226433 0.03471689881912381 0.0458688692724842
0 0.4276988392841351 0.2984009860021116 0.05199142301826935 0.0651975346779568
0 0.5090659326030986 0.2832514817078148 0.054451219312393176 0.06761536599961787
0 0.559266951132479 0.2715259394626947 0.02985325637115384 0.04343705278300834
0 0.5841156847659192 0.254845860647827 0.02482176350235057 0.03379369783199401
0 0.5913461538461539 0.234375 0.014423076923076924 0.03125
0 0.4853901420373935 0.24706093030588192 0.024877713642628245 0.03619754398584017
0 0.446453027383494 0.22640447531315283 0.027393460077030012 0.0410192214613474
0 0.41777472395817344 0.23344819176091372 0.02498961392318386 0.041005236293532615
0 0.4146994761209939 0.20458805274694508 0.019902170914102377 0.028958035188672272
0 0.4329800979060901 0.2155102491978638 0.017498324760256496 0.028944050020857485
0 0.38322567555988296 0.19479086094996811 0.014926628185576782 0.021718526391504102
0 0.4617143514716883 0.210870378903949 0.019958121054380322 0.031361881342518425
0 0.4774792268223828 0.21697089787936055 0.01481472790502144 0.016910834083811794
0 0.49307625175224395 0.2158598783932336 0.017498324760256496 0.028944050020857485
0 0.5099591249694448 0.2183616207217834 0.017442374619978825 0.026540203867011333
0 0.5332992146934833 0.2401290952006393 0.017554274900534166 0.03134789617470364
0 0.5474984910554491 0.23059762159214353 0.019958121054380322 0.031361881342518286
1 0.6286057692307693 0.21634615384615385 0.06009615384615385 0.12980769230769232
1 0.7959298772495729 0.19628486984070306 0.07262094575598302 0.12540556986662907
1 0.7219701478831199 0.21988979117690588 0.06250200987809834 0.10371501381075454
1 0.9130479420437503 0.21979968894125912 0.0603779144256411 0.11572025941217053
1 0.8308146264895302 0.2493652775747256 0.03516449994134628 0.0650996385032533
1 0.8739999320483443 0.2460112413646227 0.03728859539380353 0.05309439290183731
1 0.9831730769230769 0.2824519230769231 0.03365384615384615 0.0889423076923077
1 0.9629702148107909 0.2477306156506933 0.0330963546291667 0.07950873025851543
1 0.484375 0.5961538461538461 0.2091346153846154 0.17307692307692307
0 0.7608173076923077 0.5432692307692307 0.055288461538461536 0.0673076923076923
0 0.8159749383315175 0.5730539935692748 0.0670859016246797 0.0941275995309995
0 0.8733315451821585 0.558966560673753 0.04723968085085472 0.06757341049617338
0 0.9627403846153846 0.6550480769230769 0.07451923076923077 0.14182692307692307
0 0.9795673076923077 0.6033653846153846 0.040865384615384616 0.08173076923076923