0 0.007211538461538462 0.3701923076923077 0.014423076923076924 0.0673076923076923
0 0.014423076923076924 0.41586538461538464 0.028846153846153848 0.07211538461538461
0 0.0544781512028227 0.33818420795225285 0.041988985144050764 0.0699971850747504
0 0.10408216957260595 0.3814616753964487 0.041737024666728434 0.06518949276705809
0 0.1423496268665105 0.364836352283767 0.041611044428067276 0.06278564661321194
0 0.17354174755682208 0.39114407334443385 0.044392831297896916 0.07016527837269151
0 0.2052429000114202 0.430756994900225 0.04882258288960573 0.06328992650703541
0 0.2558445386712086 0.4089625228926336 0.049326503844250386 0.07290531112242003
0 0.21482084855568478 0.5472342167214578 0.05210829071408003 0.0802849428818996
0 0.14396526632691165 0.5181529562447623 0.04882258288960573 0.06328992650703541
0 0.0757076114196186 0.5085546049457478 0.04616677625843725 0.058314140901401856
0 0.6153846153846154 0.1310096153846154 0.17307692307692307 0.2620192307692308
0 0.6884466417923497 0.372897713842856 0.08625583620328672 0.1377586172935959
0 0.9362980769230769 0.25961538461538464 0.12740384615384615 0.35096153846153844
0 0.18990384615384615 0.9290865384615384 0.2932692307692308 0.14182692307692307
0 0.7451923076923077 0.8125 0.28365384615384615 0.14903846153846154
0 0.8954326923076923 0.8100961538461539 0.10817307692307693 0.14423076923076922