0 0.12383762836107302 0.16088381225256385 0.07766429081726113 0.12919425064273518
0 0.1375412704968374 0.07764339417334373 0.0461066171253357 0.07558228343450857
0 0.20855262821000245 0.05916594195822615 0.0509842352721018 0.08771341448429495
0 0.24879807692307693 0.040865384615384616 0.040865384615384616 0.08173076923076923
0 0.3329326923076923 0.1141826923076923 0.06971153846153846 0.09375
0 0.15865384615384615 0.3233173076923077 0.14423076923076922 0.2091346153846154
0 0.30528846153846156 0.36177884615384615 0.125 0.13221153846153846
1 0.23677884615384615 0.6213942307692307 0.23317307692307693 0.3870192307692308
1 0.03125 0.671875 0.0625 0.21875
1 0.6574519230769231 0.484375 0.07451923076923077 0.11298076923076923
1 0.5223804177972587 0.5882059114172539 0.04609263195752078 0.07317843728066241