0 0.046875 0.49038461538461536 0.054086538461538464 0.08052884615384616
0 0.12139423076923077 0.4891826923076923 0.038461538461538464 0.056490384615384616
0 0.15745192307692307 0.46875 0.03245192307692308 0.04807692307692308
0 0.31490384615384615 0.609375 0.07451923076923077 0.125
0 0.33052884615384615 0.5276442307692307 0.04447115384615385 0.07451923076923077
0 0.4014423076923077 0.5120192307692307 0.04807692307692308 0.08533653846153846
0 0.44350961538461536 0.49278846153846156 0.038461538461538464 0.08533653846153846
0 0.5264423076923077 0.5721153846153846 0.06850961538461539 0.09375
0 0.34975961538461536 0.7788461538461539 0.13942307692307693 0.2127403846153846
0 0.5384615384615384 0.875 0.20793269230769232 0.22956730769230768
0 0.6358173076923077 0.5829326923076923 0.08774038461538461 0.1201923076923077
0 0.8064903846153846 0.6706730769230769 0.1141826923076923 0.17908653846153846
0 0.7367788461538461 0.39783653846153844 0.04567307692307692 0.06971153846153846