0 0.2932692307692308 0.3088942307692308 0.028846153846153848 0.04567307692307692
0 0.2783387612615502 0.2673484000190702 0.022977721903528776 0.038965089724038324
0 0.29577999831337176 0.2501018508900636 0.01783425296610812 0.029237804828098363
0 0.2619582638446615 0.24607746054626028 0.01534646265482988 0.026778008533974402
0 0.25782212479642586 0.265420130057585 0.0228098335886646 0.03415739741634628
0 0.25477725979480736 0.3160127995689099 0.03301282730607383 0.05120812105438032
0 0.23016645636016334 0.3346291221956727 0.03301282730607369 0.05120812105438032
0 0.20018705638867637 0.30284860080208303 0.028037246683517345 0.04628852846613267
0 0.20917285982332035 0.2845959540871256 0.022725889431232514 0.03175355126249986
0 0.23342118175536208 0.2900460680689632 0.02057387574968262 0.038909139583760924
0 0.2379198023061999 0.24663696194903814 0.020238099119954275 0.029293754968376034
0 0.1656517965817933 0.27839151815058716 0.027785414211221084 0.039076990004594206
0 0.1782433692472065 0.2600549462252133 0.017918197123540206 0.03164165098194452
0 0.19125466269978014 0.25373760506907017 0.017918197123540206 0.03164165098194452
0 0.1515072570038865 0.2522569362298074 0.012690784028687464 0.019510519932158132
0 0.14391796983390365 0.241607478958333 0.01783425296610812 0.029237804828098228
0 0.0692995277013986 0.20605434285218996 0.01783425296610812 0.029237804828098363
0 0.13907213498630575 0.34396676598776676 0.03815629624349434 0.06093540595032055
0 0.10010693158017475 0.33043889130913434 0.04005647745274798 0.0465682791675213
0 0.12529007691100122 0.2937657474583864 0.025549456372239102 0.04382873217200857
0 0.10637981710411815 0.26894498889508517 0.01783425296610812 0.029237804828098363
0 0.08428350885362629 0.2562273863114313 0.01783425296610812 0.029237804828098363
0 0.08492835724020911 0.30913997676618565 0.028037246683517345 0.0462885284661324
0 0.04393705638867637 0.30648535992013876 0.020238099119954275 0.029293754968376308
0 0.05030915327589396 0.2822790479608438 0.020154154962522187 0.02688990881452988
0 0.02743064273563946 0.2816086512165597 0.02512973558507867 0.0318095014027778
0 0.018906532166871975 0.3130824517776708 0.030441092837363497 0.04634447860641034
0 0.025240384615384616 0.42908653846153844 0.05048076923076923 0.08413461538461539
0 0.3605769230769231 0.4098557692307692 0.10576923076923077 0.25721153846153844
0 0.34375 0.23677884615384615 0.07211538461538461 0.2283653846153846
0 0.5182196607521734 0.2042359632931621 0.08693530699155862 0.15094076630790604
0 0.6489507387916187 0.22765696341046968 0.12732756107403495 0.2071244300908121
0 0.7805326960724165 0.2065508595413456 0.0777396431633343 0.16273619651602572
0 0.33653846153846156 0.9927884615384616 0.038461538461538464 0.014423076923076924
0 0.3870192307692308 0.9795673076923077 0.04807692307692308 0.040865384615384616
0 0.5794795951353447 0.873817007541773 0.043299765180915134 0.07066269084626078
0 0.5997596153846154 0.9879807692307693 0.06490384615384616 0.02403846153846154
0 0.796092848659637 0.9108767776792195 0.03600428256194459 0.0680909942715812
0 0.9172352469565715 0.9008397571336532 0.043383709338347225 0.07306653700010693