0 0.11778846153846154 0.515625 0.056490384615384616 0.11899038461538461
0 0.20673076923076922 0.4519230769230769 0.04927884615384615 0.09735576923076923
0 0.19951923076923078 0.2608173076923077 0.03365384615384615 0.07091346153846154
0 0.1466346153846154 0.3125 0.038461538461538464 0.07572115384615384
0 0.30408653846153844 0.43149038461538464 0.056490384615384616 0.10216346153846154
0 0.265625 0.26802884615384615 0.038461538461538464 0.06610576923076923
0 0.22956730769230768 0.3293269230769231 0.04447115384615385 0.09254807692307693
0 0.3245192307692308 0.2848557692307692 0.028846153846153848 0.06610576923076923
0 0.39302884615384615 0.25240384615384615 0.03365384615384615 0.0625
0 0.43509615384615385 0.28125 0.03125 0.06610576923076923
0 0.4206730769230769 0.4266826923076923 0.040865384615384616 0.08413461538461539
0 0.35096153846153844 0.6153846153846154 0.04447115384615385 0.0889423076923077
0 0.23076923076923078 0.6177884615384616 0.06610576923076923 0.12860576923076922
0 0.484375 0.6045673076923077 0.06129807692307692 0.10216346153846154
0 0.546875 0.5216346153846154 0.05889423076923077 0.12379807692307693
0 0.45072115384615385 0.13221153846153846 0.028846153846153848 0.0625
0 0.29927884615384615 0.10216346153846154 0.03125 0.0625
0 0.7019230769230769 0.27163461538461536 0.028846153846153848 0.07572115384615384
0 0.7632211538461539 0.2848557692307692 0.03365384615384615 0.06610576923076923
0 0.7992788461538461 0.3293269230769231 0.036057692307692304 0.06610576923076923
0 0.84375 0.28966346153846156 0.038461538461538464 0.07572115384615384
0 0.859375 0.3389423076923077 0.036057692307692304 0.06610576923076923