0 0.06490384615384616 0.5012019230769231 0.12980769230769232 0.18028846153846154
0 0.04906504421682319 0.38698524510412724 0.07659382197574516 0.09993325331368091
0 0.0718422882840095 0.3327778372135697 0.04332852516358279 0.05502627944185502
0 0.12738100496031757 0.3093846092973402 0.03292941401013517 0.0376954354102873
0 0.14258780842145757 0.3254556509422963 0.030749489724307057 0.042377147479318575
0 0.17313970954757502 0.33469820565133956 0.04618021505346503 0.0647676442959008
0 0.25241728001218877 0.43295627979130524 0.0836933995032746 0.09790734787581826
0 0.29190948622228924 0.3754631640762734 0.06127505758059607 0.07994660265094457
0 0.2451727804261266 0.355020250149297 0.03885671565791755 0.06198585742607116
0 0.20109017592165684 0.31395567355663645 0.03578110390001727 0.04743680026433307
0 0.25151496468542145 0.31010816546782904 0.03555718203199923 0.042629107956640766
0 0.2833247693554665 0.32048965313446476 0.03315333587815307 0.04250312771797974
0 0.32628776451984637 0.3375157681886638 0.04880798307532922 0.06970131684225428
0 0.5192307692307693 0.6033653846153846 0.1201923076923077 0.09134615384615384
0 0.5144230769230769 0.5396634615384616 0.12980769230769232 0.18028846153846154
0 0.5504807692307693 0.47475961538461536 0.057692307692307696 0.10817307692307693
0 0.4227577880605863 0.4686088169311781 0.09716812241462236 0.12978724906912392
0 0.43144452407937517 0.3705601563877725 0.06664255455833348 0.09221779389749767
0 0.37811206495872374 0.3637163370229333 0.0561314824708767 0.07248310371208391
0 0.49453066201924867 0.35400052621709804 0.055795599668849644 0.06527156525054546
0 0.46037299166236206 0.3449469418660466 0.03360117961418915 0.052118512333364356
0 0.537296068585439 0.34091557422888946 0.040588796207709575 0.04768876074165554
0 0.5576923076923077 0.3762019230769231 0.04326923076923077 0.07932692307692307
0 0.609375 0.09735576923076923 0.06009615384615385 0.19471153846153846
0 0.6294489683121367 0.21205605451840695 0.07793735318385313 0.12877940715983463
0 0.7463942307692307 0.09495192307692307 0.11778846153846154 0.18990384615384615
0 0.8521634615384616 0.0625 0.15625 0.125
0 0.13822115384615385 0.8413461538461539 0.2764423076923077 0.3173076923076923
0 0.3269230769230769 0.8245192307692307 0.21634615384615385 0.35096153846153844
0 0.6814903846153846 0.6610576923076923 0.07932692307692307 0.02403846153846154
0 0.8257211538461539 0.6742788461538461 0.06971153846153846 0.05048076923076923
0 0.9086538461538461 0.6598557692307693 0.0673076923076923 0.021634615384615384