0 0.17908653846153846 0.06009615384615385 0.17067307692307693 0.1201923076923077
0 0.025240384615384616 0.025240384615384616 0.05048076923076923 0.05048076923076923
0 0.06850961538461539 0.28966346153846156 0.13701923076923078 0.3485576923076923
0 0.35336538461538464 0.078125 0.04807692307692308 0.12740384615384615
0 0.4898380149662387 0.351629211232785 0.0697135483396368 0.10571582102348305
0 0.5471386716766019 0.36644147453133813 0.057414566869017136 0.09327686946709199
0 0.6483240106992514 0.3533004353038059 0.06233415945726506 0.0982524500896482
0 0.6983302086767088 0.320329580076448 0.05981841302286329 0.09336081362452393
0 0.7726556238330656 0.22285933227656246 0.04735158113141033 0.07371032360659441
0 0.7619761816133541 0.3205089060583439 0.0498673275658121 0.07860196007171866
0 0.8240585654393691 0.2330737636610033 0.0425998389639957 0.07594628144557611
0 0.8464485077177345 0.19986634316719146 0.04483583469700857 0.06881868714146987
0 0.8818917534214203 0.17340876826904156 0.042543888823718026 0.07354243529173009
0 0.887902373745085 0.12155818764648516 0.04975542728525649 0.07379426776402635
0 0.8733963765506405 0.07402690159287058 0.037176695113247914 0.049336085438404384
0 0.8766954249489312 0.03548141897390003 0.03242495294583328 0.05157204327738636
0 0.8641826923076923 0.014423076923076924 0.03125 0.028846153846153848
0 0.9456206466294331 0.22162304524914453 0.06233415945726506 0.0982524500896482
0 0.03839352905267045 0.6084324665741948 0.042320088262606796 0.06392705067634534
0 0.13341346153846154 0.5889423076923077 0.04567307692307692 0.0625
0 0.21514423076923078 0.5877403846153846 0.05048076923076923 0.06009615384615385
0 0.3137019230769231 0.5745192307692307 0.03125 0.03365384615384615
0 0.05943664820817236 0.8394802346885957 0.07480099134871801 0.11790294010757799
0 0.13222242956784122 0.8597564763484554 0.08603692015406003 0.08466881474089241
0 0.18896659969257412 0.7436850404985412 0.05719076630790618 0.08366148485170737
0 0.2595163853192301 0.7568336878542946 0.06183060819476493 0.0766178347050328
0 0.25221991670822586 0.8123320097863366 0.08150897854775635 0.09652015719525874
0 0.31009615384615385 0.8100961538461539 0.038461538461538464 0.1201923076923077
0 0.3125 0.7247596153846154 0.03365384615384615 0.08413461538461539
0 0.35096153846153844 0.7560096153846154 0.04326923076923077 0.13701923076923078
0 0.3425480769230769 0.6454326923076923 0.026442307692307692 0.10336538461538461
0 0.5272405205186961 0.6985156794694565 0.0916279144256411 0.11849054920960246
0 0.5384615384615384 0.5805288461538461 0.0625 0.04567307692307692
0 0.7223557692307693 0.5685096153846154 0.06490384615384616 0.021634615384615384