1 0.009615384615384616 0.3942307692307692 0.019230769230769232 0.1201923076923077
0 0.5216346153846154 0.3473557692307692 0.04326923076923077 0.38221153846153844
0 0.5504807692307693 0.5300480769230769 0.052884615384615384 0.016826923076923076
0 0.6033653846153846 0.5264423076923077 0.052884615384615384 0.02403846153846154
0 0.7379807692307693 0.5120192307692307 0.038461538461538464 0.052884615384615384
0 0.7956730769230769 0.5192307692307693 0.03365384615384615 0.038461538461538464
0 0.8269230769230769 0.5288461538461539 0.052884615384615384 0.019230769230769232
0 0.8341346153846154 0.515625 0.038461538461538464 0.04567307692307692
0 0.8163812991196071 0.5055544084817003 0.029242469589902953 0.049771423147911574
0 0.8680639914272994 0.5088663858931779 0.028822445305263747 0.04255988468637311
0 0.8810096153846154 0.5180288461538461 0.04567307692307692 0.040865384615384616
0 0.820944538048875 0.43998779836442736 0.02896245340014348 0.04496373084021927
0 0.8548202506154858 0.42539453447198916 0.03391015380271566 0.04767566791606343
0 0.8892441412911707 0.44077232477212835 0.03136629955398963 0.04511777630121827
0 0.934601639213153 0.4999585049549947 0.029102461495023355 0.04736757699406542
0 0.9320233437283224 0.4351316815316481 0.02896245340014348 0.04496373084021927
0 0.9591346153846154 0.5108173076923077 0.03365384615384615 0.055288461538461536
0 0.965397173692409 0.43248062567794116 0.029102461495023355 0.04736757699406542
0 0.9879807692307693 0.4423076923076923 0.02403846153846154 0.04807692307692308
0 0.9951923076923077 0.41947115384615385 0.009615384615384616 0.040865384615384616
0 0.03999826277952467 0.8418673290456318 0.056944850136128676 0.07310053860351545
0 0.09727054618719305 0.8383528816480682 0.04266178130793149 0.07458011199136785
0 0.12570853001915264 0.8126342191413243 0.044645603177138365 0.0675226189908284
0 0.1525471534552095 0.862251596828237 0.047049449330984455 0.0676766644518274
0 0.1792113275602819 0.847196196552802 0.03983791086944599 0.0672145280688304
0 0.20764931139224146 0.821477534046058 0.04959330357971034 0.07023455606667242
0 0.24752278507302267 0.82762505338331 0.04520563555665738 0.07713800360621302
0 0.2755870401268928 0.8366081146463364 0.040257935154085336 0.074426066530369
0 0.3078989551089361 0.8362838822159764 0.04520563555665738 0.07713800360621302
0 0.3506081534986478 0.8294413158985728 0.03489021046687395 0.06450259099298651
0 0.3767704450011959 0.8263281236618691 0.034750202371994075 0.06209874483914021
0 0.39925696322553494 0.8217819401567438 0.04534564365153725 0.07954184976005917
0 0.4315688782075783 0.8214577077263836 0.04450559508225856 0.06511877283698225
0 0.4612669348934558 0.8173736606042551 0.044645603177138435 0.0675226189908284
0 0.4626551615718084 0.8617677917199095 0.04196174083353267 0.06256088122213709
0 0.49158653846153844 0.8161057692307693 0.016826923076923076 0.07451923076923077
0 0.4338942307692308 0.9891826923076923 0.05048076923076923 0.021634615384615384
0 0.5120192307692307 0.5841346153846154 0.02403846153846154 0.0625
0 0.5504062788824077 0.5961197207314654 0.04224175702329221 0.0673685735298294
0 0.5850520359708573 0.594747610685181 0.037154048525840366 0.06225279030013922
0 0.558341566359235 0.5678897487293073 0.03192633193350872 0.05473316091660289
0 0.5841346153846154 0.5492788461538461 0.03365384615384615 0.021634615384615384
0 0.6314370076387781 0.589338035636199 0.034610194277114474 0.0596948986852942
0 0.6646634615384616 0.5637019230769231 0.040865384615384616 0.05048076923076923
0 0.7103365384615384 0.5625 0.040865384615384616 0.04807692307692308
0 0.7632211538461539 0.5552884615384616 0.03125 0.03365384615384615
0 0.7896634615384616 0.5588942307692307 0.036057692307692304 0.040865384615384616
0 0.7927391533248949 0.6655337825623999 0.03503021856175369 0.06690643714683266
0 0.8514352262222509 0.6453464575489123 0.04210174892841241 0.06496472737598324
0 0.9076455946478761 0.6441588335746953 0.0372940566207201 0.06465663645398537
0 0.9581845136556401 0.6689513809097895 0.03433017808735473 0.054887206377601756
0 0.9831730769230769 0.6622596153846154 0.03365384615384615 0.06009615384615385
0 0.8954326923076923 0.5625 0.03125 0.04807692307692308
0 0.8629807692307693 0.5540865384615384 0.04326923076923077 0.03125
0 0.8197115384615384 0.5516826923076923 0.028846153846153848 0.026442307692307692
0 0.9338942307692307 0.5625 0.03125 0.04807692307692308
0 0.9675480769230769 0.5528846153846154 0.036057692307692304 0.028846153846153848