0 0.07156041045728032 0.12150269962693994 0.05040904372959787 0.06462725774617126
0 0.1233700418002991 0.1490316555348141 0.049098112992641225 0.07893837373523915
0 0.17649202328855113 0.11182470668985559 0.043197505268059405 0.06429137494414405
0 0.1926620615887193 0.18293244289915916 0.05150195914648738 0.07905033466924803
0 0.24773250780711356 0.151623148504807 0.045601351421905564 0.06440333587815307
0 0.3099026460104595 0.2637049163361566 0.060352870733359834 0.10102083285589061
0 0.34068075261973935 0.1736429993037588 0.046329961699831904 0.07401872049353783
0 0.29559141556396934 0.12064973691248196 0.0352573565285946 0.05434010752673251
0 0.3497869616855415 0.13249771235335162 0.03693259240451469 0.04483668384535692
0 0.36464748865702934 0.11024731183168669 0.034528746250668534 0.044724722911347894
0 0.4195716450565279 0.11247990265717174 0.038207660390885516 0.06166360692228
0 0.43068011297835085 0.12393932875635741 0.02935674880401306 0.03969310873563769
0 0.42721921415820086 0.1696124056794344 0.03802550782140393 0.05925976076843384
0 0.453125 0.21033653846153846 0.05048076923076923 0.07932692307692307
0 0.4699519230769231 0.13701923076923078 0.016826923076923076 0.0625
0 0.5324519230769231 0.15144230769230768 0.10817307692307693 0.2644230769230769
0 0.7235576923076923 0.1346153846153846 0.16826923076923078 0.2692307692307692
0 0.890625 0.07572115384615384 0.15144230769230768 0.15144230769230768
0 0.009615384615384616 0.9675480769230769 0.019230769230769232 0.055288461538461536
0 0.06490384615384616 0.9903846153846154 0.04326923076923077 0.019230769230769232
0 0.06901311330109144 0.9733665534152457 0.03471089882014985 0.047128569065194054
0 0.05438995243324009 0.9608731456401503 0.030085359081939263 0.049308493351022165
0 0.12860576923076922 0.9819711538461539 0.040865384615384616 0.036057692307692304
0 0.12688757356288072 0.9682756448451832 0.03988289626680533 0.0521601832409044
0 0.18669256717951935 0.9535133711927316 0.03543950909807619 0.05674395368057867
0 0.27884615384615385 0.9915865384615384 0.038461538461538464 0.016826923076923076
0 0.3161057692307692 0.9903846153846154 0.04567307692307692 0.019230769230769232
0 0.3401442307692308 0.9795673076923077 0.036057692307692304 0.040865384615384616
0 0.38100961538461536 0.9879807692307693 0.04567307692307692 0.02403846153846154
0 0.4182692307692308 0.9795673076923077 0.03365384615384615 0.040865384615384616
0 0.5036057692307693 0.7271634615384616 0.05048076923076923 0.10817307692307693
0 0.5602863019329921 0.760514207865852 0.09397085413662044 0.13372632499800774
0 0.5048076923076923 0.6586538461538461 0.04326923076923077 0.038461538461538464
0 0.49158653846153844 0.6814903846153846 0.026442307692307692 0.06971153846153846
0 0.6622596153846154 0.65625 0.04567307692307692 0.03365384615384615
0 0.6959134615384616 0.6622596153846154 0.040865384615384616 0.04567307692307692
0 0.7319711538461539 0.6634615384615384 0.055288461538461536 0.04807692307692308
0 0.7704326923076923 0.6706730769230769 0.05048076923076923 0.0625
0 0.8396251193617121 0.6936081424602817 0.07514025279540007 0.10650029076763691
0 0.9134615384615384 0.7007211538461539 0.07692307692307693 0.12259615384615384
0 0.9711538461538461 0.7788461538461539 0.057692307692307696 0.19230769230769232
0 0.9903846153846154 0.6706730769230769 0.019230769230769232 0.0625
0 0.9471153846153846 0.6634615384615384 0.038461538461538464 0.04807692307692308
0 0.9735576923076923 0.6610576923076923 0.038461538461538464 0.04326923076923077
0 0.9290865384615384 0.6502403846153846 0.040865384615384616 0.021634615384615384
0 0.8557692307692307 0.6574519230769231 0.04326923076923077 0.036057692307692304
0 0.7932692307692307 0.6550480769230769 0.038461538461538464 0.03125