0 0.05889423076923077 0.421875 0.08052884615384616 0.125
0 0.14903846153846154 0.4098557692307692 0.10096153846153846 0.14783653846153846
0 0.265625 0.421875 0.07091346153846154 0.10576923076923077
0 0.31850961538461536 0.42427884615384615 0.039663461538461536 0.0829326923076923
0 0.35697115384615385 0.44711538461538464 0.037259615384615384 0.055288461538461536
0 0.4050480769230769 0.3894230769230769 0.07091346153846154 0.10576923076923077
0 0.4375 0.43509615384615385 0.03125 0.06971153846153846
0 0.4579326923076923 0.4495192307692308 0.04326923076923077 0.06971153846153846
0 0.5456730769230769 0.43990384615384615 0.05889423076923077 0.09735576923076923
0 0.6201923076923077 0.41947115384615385 0.04567307692307692 0.0829326923076923
0 0.6394230769230769 0.375 0.037259615384615384 0.05048076923076923
0 0.6971153846153846 0.4543269230769231 0.04567307692307692 0.08774038461538461
0 0.8185096153846154 0.34134615384615385 0.1045673076923077 0.17548076923076922
0 0.921875 0.3713942307692308 0.07091346153846154 0.125