0 0.4987980769230769 0.4266826923076923 0.040865384615384616 0.10336538461538461
0 0.4621149267102049 0.39589579894546606 0.06007043019257097 0.08408155062871604
0 0.33058072547994316 0.3725287200337825 0.06515790161794126 0.09389283369392952
0 0.22864920884265855 0.4175957495163073 0.08515806342232515 0.12111873518555263
0 0.16892850254718506 0.34553342965682216 0.06268411068467568 0.09139103831516894
0 0.03069809996490423 0.2570666061414635 0.03236911647071221 0.039734878385426296
0 0.014001817710693242 0.17835391079197677 0.01759631565053774 0.02712795226670896
0 0.048822614551752755 0.17857225147631323 0.017526370871118174 0.02472410611286267
0 0.01512093418140545 0.21681544925351523 0.02515757800917375 0.039441030710683014
0 0.03680338378252199 0.17808250535174103 0.012718678563425866 0.024528207663033676
0 0.07547475658231893 0.1868612314119106 0.020000161804383892 0.027225901491623253
0 0.10731928720738483 0.20856726364349074 0.020000161804383892 0.027225901491623253
0 0.1164450583668329 0.19213213746622546 0.015262414276111148 0.02943384919564055
0 0.12928151592617942 0.1794497043571011 0.01773620520937673 0.03193564457440113
0 0.1468078867972976 0.20417381046996377 0.020209996142642312 0.034437439953161716
0 0.15111310382226192 0.228359195845797 0.02007010658380332 0.029629747645469544
0 0.16246785918700737 0.20601240350883077 0.017526370871118174 0.02472410611286267
0 0.19297057717631105 0.22286176882026132 0.02247395273764961 0.02972769687038397
0 0.19587689861288518 0.19897023111917148 0.017526370871118174 0.02472410611286267
0 0.21256393213096927 0.19484818338588036 0.01278862334284543 0.026932053816879832
0 0.20873546673515003 0.22830613108989753 0.022613842296488464 0.034535389178076276
0 0.2171360664468203 0.2694653633800256 0.022753731855327593 0.03934308148576859
0 0.24002043912485982 0.23078139409070852 0.017736205209376594 0.03193564457440113
0 0.24533060671528012 0.20698780561453312 0.020140051363222746 0.032033593799315696
0 0.26461845889867747 0.25099165557062225 0.02515757800917375 0.039441030710683014
0 0.2678966147952675 0.2811376817186136 0.022473952737649475 0.029727696870383832
0 0.29006867785232066 0.2592316608937624 0.017666260429957302 0.029531798420554978
0 0.28558859887880755 0.22903666013331375 0.020140051363222746 0.032033593799315696
0 0.28499406825374163 0.20860396782562146 0.015262414276111148 0.02943384919564055
0 0.3338054115145696 0.23580333693929503 0.020209996142642312 0.03443743995316185
0 0.34245081795420806 0.2853760307678846 0.02501768845033462 0.0346333384029907
0 0.3618693109603174 0.25135282994888813 0.01759631565053774 0.027127952266708825
0 0.3766770841702016 0.2651616791445287 0.02261384229648874 0.034535389178076276
0 0.39587288101126106 0.26474334986692116 0.01759631565053774 0.027127952266708825
0 0.4149287882934817 0.25951732828162133 0.030175104655124477 0.04684846762205033
0 0.417800137340346 0.23442386750360844 0.015262414276111148 0.02943384919564055
0 0.4419306542211453 0.2798255389864496 0.015052579937852455 0.022222310734102087
0 0.4673459007850787 0.2868636212326666 0.02268378707590803 0.036939235331922296
0 0.4378702439241493 0.2640536151490779 0.01512252471727202 0.024626156887948242
0 0.5360576923076923 0.3449519230769231 0.03365384615384615 0.06971153846153846
0 0.5444711538461539 0.4014423076923077 0.05048076923076923 0.08653846153846154
0 0.5703173403775291 0.3569629735592695 0.03986043404992866 0.049644110675554194
0 0.609080768519664 0.4101638788531358 0.08756190957617137 0.12121668441046733
0 0.6470655553520572 0.35408773337191646 0.05491301398778111 0.07186642140965642
0 0.6651514844585316 0.39804260871554836 0.047491641187984164 0.0643610352733744
0 0.6947670308783 0.42566030710682945 0.05738680492104683 0.074368216788417
0 0.7047228906546551 0.3552365916929402 0.04494790547529895 0.059455393740767665
0 0.7476423975267885 0.3449804469721695 0.03993037882934822 0.052047956829400346
0 0.7536057692307693 0.46153846153846156 0.07932692307692307 0.03365384615384615
0 0.8211566777305633 0.395995846796526 0.05264905739277408 0.07657616449243417
0 0.848381239823277 0.38269918595996527 0.04268394888029192 0.06416513682354555
0 0.8445877468171675 0.41735905674090557 0.03505274174223635 0.04944821222572534
0 0.8533653846153846 0.453125 0.07211538461538461 0.05048076923076923
0 0.9290865384615384 0.4543269230769231 0.04567307692307692 0.04807692307692308
0 0.917660247781507 0.4119330465623347 0.04473807113704053 0.05224385527922934
0 0.6908501232308074 0.7635088127513096 0.04522768459297693 0.06907077835615229
0 0.7429175118253071 0.778835874933124 0.04296372799796991 0.07378052143893016
0 0.7852645986352929 0.7901653709845115 0.050105321680088806 0.07167052295982743
0 0.8137960009740589 0.7805234539911772 0.03024504943454404 0.049252313775896485
0 0.8331537979368757 0.8269311501011125 0.053208615628130056 0.0958069337232034
0 0.8658633895685585 0.7958505161729916 0.042614004100872356 0.06176129066969939
0 0.934338032563464 0.7974401460061304 0.03257895080897063 0.04694641684696476
0 0.9655530601737544 0.7975115628530952 0.03512268652165591 0.05185205837957149
0 0.9879807692307693 0.8305288461538461 0.02403846153846154 0.06490384615384616