0 0.4723557692307692 0.25721153846153844 0.01201923076923077 0.052884615384615384
0 0.44711538461538464 0.39343201195502703 0.0625 0.08690207590164625
0 0.36778846153846156 0.3999031378775308 0.06490384615384616 0.07970452260792243
0 0.4026442307692308 0.3828734298672931 0.04807692307692308 0.06518354951014188
0 0.2704326923076923 0.3872483833278761 0.057692307692307696 0.06764333633524745
0 0.296875 0.37026762340499025 0.04567307692307692 0.05315033357309646
0 0.21754807692307693 0.3671233647121092 0.055288461538461536 0.0532062742443556
0 0.18269230769230768 0.3468934573377315 0.04326923076923077 0.050732502251435656
0 0.020432692307692308 0.375 0.040865384615384616 0.14423076923076922
0 0.038461538461538464 0.3549441058681577 0.06490384615384616 0.0869160610694609
0 0.5877403846153846 0.29548347580242773 0.12980769230769232 0.1666205836773836
0 0.8461538461538461 0.386528147185414 0.13942307692307693 0.217157293579412
0 0.1346153846153846 0.7019230769230769 0.2692307692307692 0.38461538461538464
0 0.30649038461538464 0.6165865384615384 0.18028846153846154 0.21394230769230768
0 0.515625 0.5841346153846154 0.07451923076923077 0.14903846153846154
0 0.6586538461538461 0.5805288461538461 0.13942307692307693 0.14182692307692307
0 0.8305288461538461 0.5625 0.11298076923076923 0.10576923076923077
0 0.9314903846153846 0.5432692307692307 0.09375 0.0673076923076923