0 0.09112692057714909 0.14453337238618844 0.07134795079855885 0.09781023475151329
0 0.17938571303401668 0.2481313561095524 0.13282876123757617 0.18063736020043059
0 0.19712692744519045 0.16391488240705201 0.05667311813132493 0.08254710925915767
0 0.22713304507757454 0.16326113743920304 0.05186542582363263 0.08226709306939821
0 0.25787345029708314 0.20467470016366163 0.08134096903017894 0.12000488251564762
0 0.2884521016459979 0.16803326693556014 0.07872732642286867 0.10784564365153725
0 0.42301336038633486 0.310349096769332 0.150201155093506 0.21286741686458902
0 0.5024038461538461 0.24639423076923078 0.07211538461538461 0.14182692307692307
0 0.4776785158565814 0.2090719793066989 0.07412943056864062 0.11958485823100841
0 0.9470098626341036 0.12315057834952083 0.03689687812154902 0.05017704450011952
0 0.8904565390826797 0.11625461888907705 0.041830448301319725 0.057668599151417595
0 0.8745797833385226 0.10092148934928165 0.03449303196770273 0.050037036405239925
0 0.8142738330389048 0.08540205620805666 0.03440911338631709 0.04522934409754748
0 0.7902983104364825 0.0876077444900282 0.03208918581385657 0.04989702831036005
0 0.7874119324396687 0.05982350562591769 0.03196330794177818 0.04268548984882159
0 0.7553376429789811 0.07956801172965616 0.04191436688270537 0.0624762914591099
0 0.6904547764704814 0.07698971624482556 0.049209823925629476 0.06770400805144156
0 0.6720841726989152 0.12514849763963357 0.05911892357586391 0.08509096350788371
0 0.5783971116349544 0.12329395117009187 0.06405249375563475 0.09258251815918164
0 0.6300439279441312 0.055460667718985196 0.04929374250701512 0.07251170035913386
0 0.5540865384615384 0.028846153846153848 0.03125 0.057692307692307696
0 0.6201923076923077 0.009615384615384616 0.028846153846153848 0.019230769230769232
0 0.6535369187035861 0.025610748667782894 0.029559461787932024 0.042545481753941856
0 0.671875 0.021634615384615384 0.026442307692307692 0.04326923076923077
1 0.4252825156071109 0.7664831492340165 0.1698515172312036 0.23802594316208855
1 0.49399038461538464 0.7944711538461539 0.0889423076923077 0.23317307692307693
0 0.5685096153846154 0.6286057692307693 0.06009615384615385 0.15625
0 0.5845359584150115 0.5410838863024581 0.04954549825117219 0.08693477728221079
0 0.6396714791438707 0.6043302222834067 0.07387767482448354 0.1051617813079315
0 0.7285088886094463 0.6035009064093427 0.08155076548364312 0.13202411328487854
0 0.8502238973510506 0.5601605500174416 0.11604379745134598 0.1820611496901183
0 0.9711538461538461 0.6742788461538461 0.057692307692307696 0.16105769230769232