0 0.0889423076923077 0.41346153846153844 0.1778846153846154 0.12980769230769232
0 0.17668269230769232 0.4014423076923077 0.15625 0.15384615384615385
0 0.2848557692307692 0.390625 0.11778846153846154 0.17548076923076922
0 0.33178091782790464 0.34265182392077875 0.09601580169741279 0.1347209216154774
0 0.2744364510454945 0.2219658168931105 0.06401053446494186 0.08981394774365165
0 0.4639423076923077 0.4206730769230769 0.028846153846153848 0.11538461538461539
0 0.4579326923076923 0.3245192307692308 0.016826923076923076 0.08653846153846154
0 0.4734311906810648 0.2914288452833433 0.04212416333616954 0.07425704867262439
0 0.4723192694777048 0.2277269222064202 0.025003525224396646 0.05654826392507317
0 0.5104241539683543 0.2093099137173064 0.022641638361243385 0.05882612984025816
0 0.5920080656816986 0.20517978029332412 0.029811217532088954 0.0568002244023955
0 0.621189893853395 0.22592231238802732 0.027281493506164402 0.049462705702195874
0 0.6194844592881581 0.19701316842254288 0.022389882617086316 0.04440305291718124
0 0.7001331000219052 0.2768916701445149 0.029811217532088954 0.0568002244023955
0 0.7380911269951298 0.2500612001169395 0.02483568806162536 0.046932879309688556
0 0.7073507217756211 0.20882298559521353 0.022473801198472095 0.04921074522487355
0 0.6882485601857447 0.4215684810202403 0.05232697802125381 0.10841481578111492
0 0.5877403846153846 0.46274038461538464 0.055288461538461536 0.03125
0 0.5821916976738414 0.33075180217694145 0.037358430319170126 0.07640893434914808
0 0.9432484228249179 0.17075126987256822 0.029769258241396066 0.05439637824854934
0 0.037259615384615384 0.6826923076923077 0.07451923076923077 0.11057692307692307
0 0.1327712818391653 0.8001435853931569 0.16226234515342952 0.21504546498240545
0 0.14246177197494403 0.6673600250480012 0.10571510489418319 0.14003253487781436
0 0.17717676698046575 0.5923266517048416 0.05692487387548194 0.09664754548920662
0 0.2830089366857358 0.6014755514367017 0.07130599150786583 0.09499958076732745
0 0.3581730769230769 0.7223557692307693 0.18269230769230768 0.27163461538461536
0 0.41947115384615385 0.6165865384615384 0.06009615384615385 0.11298076923076923
0 0.7575824650310475 0.9570813658961512 0.05899304570378551 0.07754275649709842