1 0.20432692307692307 0.14302884615384615 0.2692307692307692 0.2860576923076923
0 0.39903846153846156 0.013221153846153846 0.08173076923076923 0.026442307692307692
0 0.5288461538461539 0.040865384615384616 0.07692307692307693 0.08173076923076923
0 0.008413461538461538 0.5793269230769231 0.016826923076923076 0.04807692307692308
0 0.07957388949177108 0.6713039980123217 0.10655373100712359 0.1335656645938044
0 0.05048076923076923 0.8497596153846154 0.10096153846153846 0.23317307692307693
0 0.20197381909541023 0.6658515256552211 0.07917945734591268 0.09115982536843029
0 0.14396239905141264 0.600222191910155 0.06637532960662348 0.08077421344805079
0 0.15929286432155776 0.5442405257971982 0.05597504802118017 0.07054264698867044
0 0.18620115499831705 0.5221903561490168 0.05038245874342916 0.06061917145128788
0 0.26054873914686816 0.5341648472044728 0.0663753296066232 0.08077421344805079
0 0.4960035675789475 0.5951294796689088 0.03718588251911019 0.04542586722321614
0 0.5223477631499979 0.5946369026748434 0.032378190211417884 0.04511777630121827
0 0.5362802794667881 0.5997222452934651 0.03816700373168357 0.05744509799244691
0 0.5709152468332076 0.5855463780702489 0.04297469603937588 0.05775318891444478
0 0.6208808778358551 0.5739749845813088 0.03218196596890321 0.04271393014737212
0 0.6352058426376748 0.5742526348922381 0.03296686293896191 0.052329314762756735
0 0.6517138517289907 0.5624340317034372 0.04356336876691977 0.06496472737598324
0 0.6830130069726609 0.5891235490956057 0.04856728531712689 0.0676766644518274
0 0.7395523484656328 0.5556094493000523 0.06416770769529173 0.08302401414089808
0 0.7786517148983852 0.5746252918476854 0.059360015387599566 0.08271592321890008
0 0.836957272940072 0.5780627165147495 0.06897540000298417 0.08333210506289582
0 0.890626785294746 0.5650583317573878 0.06897540000298417 0.08333210506289596
0 0.8747318281867262 0.5254253108299949 0.05577882377866535 0.06813880083482414
0 0.8224604631514899 0.5359488267030108 0.04498609370819268 0.05309954206775148
0 0.8015861671150982 0.5133737970440394 0.029385671330027698 0.037752192378680806
0 0.8183885125701861 0.49794942462446923 0.027178049418696358 0.04000199307152796
0 0.8637426755076559 0.4842822759036809 0.03718588251911005 0.04542586722321614
0 0.9025966624542239 0.47700985622000525 0.0273742736612109 0.04240583922537411
0 0.8911906820343721 0.4849145992560391 0.029974344057571593 0.04496373084021927
0 0.9440263405414003 0.51141963057614 0.042386023311831986 0.050541650452906324
0 0.9409600887945049 0.4757470519209451 0.0347820363652639 0.04527182176221727
0 0.9612459104694355 0.5641197598886879 0.07236036736940357 0.0955053812931256
0 0.984375 0.5 0.03125 0.07211538461538461
0 0.96428718786233 0.46827400465683966 0.02418553053730604 0.032636409148990624