0 0.05889423076923077 0.18870192307692307 0.11778846153846154 0.17067307692307693
0 0.3626314525703996 0.1636827855727507 0.10700742889802502 0.13333334691983995
0 0.27403846153846156 0.04447115384615385 0.057692307692307696 0.0889423076923077
0 0.18509615384615385 0.009615384615384616 0.04807692307692308 0.019230769230769232
0 0.05048076923076923 0.018028846153846152 0.04326923076923077 0.036057692307692304
0 0.025240384615384616 0.010817307692307692 0.03125 0.021634615384615384
0 0.007211538461538462 0.019230769230769232 0.014423076923076924 0.038461538461538464
0 0.42788461538461536 0.15985576923076922 0.019230769230769232 0.055288461538461536
0 0.4423076923076923 0.2860576923076923 0.04807692307692308 0.08653846153846154
0 0.46623401476319254 0.20496789097529577 0.03690071324010747 0.07088675666558768
0 0.4745388292949927 0.1554791844278694 0.034049023350225235 0.06118742789277098
0 0.5191712966874649 0.253517944585127 0.06547027867858642 0.11748321932041755
0 0.5492786680048939 0.1996679713900426 0.04696394159152817 0.08083791791070064
0 0.6069446424273731 0.17245489907500403 0.03393706241621622 0.058783581738924826
0 0.6174524005874822 0.20448710136476667 0.04204428834982684 0.07826618344199031
0 0.5931669978385218 0.13333707455985105 0.028569565438478807 0.046596462654829744
0 0.6486234007779969 0.1278005897081438 0.02387383406479552 0.04883242049381186
0 0.6630168305038977 0.15369726037714296 0.03360117961418915 0.05157204327738636
0 0.6857940745710841 0.20570046210872142 0.04456009543768202 0.08075397375326855
0 0.7115384615384616 0.27403846153846156 0.0673076923076923 0.11057692307692307
0 0.6550480769230769 0.28966346153846156 0.08413461538461539 0.07932692307692307
0 0.6982348158065224 0.1704669441695078 0.0361169867020446 0.054059833588664605
0 0.698768287206739 0.13324930086360845 0.028569565438478807 0.046596462654829876
0 0.7266364398439878 0.12747625074544716 0.025941797416614613 0.04170482618970549
0 0.7374241003391195 0.15349883765059447 0.03142125532836104 0.05629579142764658
0 0.7571586937729293 0.1420099766988301 0.026613563020668734 0.05612790311278241
0 0.7858105729482412 0.1194100035037457 0.025941797416614613 0.04170482618970549
0 0.8355635961079517 0.13327217619767187 0.02616571928463265 0.04651251849739779
0 0.8059007545992112 0.22910551292763187 0.049703670547401387 0.0881334005296712
0 0.7761885604781613 0.2229432764339945 0.03645286950407139 0.06127137205020306
0 0.8882211538461539 0.2800480769230769 0.07932692307692307 0.0985576923076923
0 0.8703040904773645 0.186057580219013 0.044672056371691034 0.08315781990711471
0 0.8918563921251468 0.1613055933423788 0.04148448367978174 0.06624695267275954
0 0.9160924422617979 0.13046004692369698 0.031085372526334254 0.04908425296610812
0 0.9373022332528582 0.21611709480912167 0.0450079391737181 0.09036935836865317
0 0.9701196863289844 0.18137197460865837 0.039528481261971664 0.07577839313071208
0 0.856108249349653 0.130154804705653 0.023873834064795794 0.04883242049381186
0 0.12143346345054505 0.8148694822033513 0.14837995164379783 0.19717645343875306
0 0.18058457721231752 0.7300060742747211 0.0945403543927583 0.12329824151729477
0 0.3125688798784903 0.7817955860739089 0.13009753642475766 0.1653388443367286
0 0.3894230769230769 0.6790865384615384 0.057692307692307696 0.11778846153846154
0 0.4074519230769231 0.6274038461538461 0.021634615384615384 0.0625
0 0.4026442307692308 0.6009615384615384 0.03125 0.04807692307692308
0 0.39112533212674067 0.5894573593545323 0.03555718203199936 0.04204060281943383
0 0.3608829805328218 0.568914018016534 0.023090107526732514 0.03200549741688864
0 0.3580576239127681 0.6038117593260193 0.0283456435704609 0.04178877034713743
0 0.3108763883079171 0.5862598732438917 0.023537951262768593 0.0416208820322734
0 0.32524348476398945 0.5869581313762222 0.020686261372886358 0.0319215532594567
0 0.28890257619392706 0.6458256572725791 0.06127505758059607 0.078937736701447
0 0.3195367910568775 0.657955537072116 0.04422421263565495 0.07354243529173009
0 0.2923996984180349 0.5965048390400169 0.018506337087058247 0.03664530140971692
0 0.26780143220952823 0.6093635113835686 0.025605914614587687 0.034493287728167024
0 0.26537125278585366 0.5842490430043321 0.018058493351022165 0.027029916794332302
0 0.20997083031338312 0.5885836047791163 0.0209101832409044 0.036729245567149
0 0.2016100353145785 0.6392742344034658 0.041148600877754675 0.059035414211221084
0 0.18330460075305738 0.5943146828185615 0.023649912196777614 0.04402472818611955
0 0.15812019660467727 0.5939941733946753 0.023090107526732514 0.03200549741688878
0 0.16035278743016232 0.6491147466182727 0.03656483043808041 0.06367521820404921
0 0.13318273366679606 0.6656631323500256 0.0665305936243244 0.0887210096316958
0 0.10724756410487651 0.6041704622392107 0.028569565438478908 0.046596462654829876
0 0.04194854075465123 0.6664491641785987 0.06401478653646923 0.08623321932041741
0 0.04899545174252377 0.6182043527868115 0.038296910987872544 0.049336085438404245
0 0.07853970446256013 0.6279723585112181 0.033713140548198246 0.053975889431232514
0 0.09014073869293092 0.6107676867258507 0.023090107526732514 0.03200549741688878
0 0.02764073869293091 0.6129502348190848 0.02800976076843386 0.034577231885598976
0 0.46274038461538464 0.8497596153846154 0.0889423076923077 0.17067307692307693
0 0.5526769068554308 0.8403044600064741 0.10963519691988921 0.13822498338496422
0 0.6054792085032132 0.8144611990832226 0.0770416657117811 0.10828755549219338
0 0.7944711538461539 0.8918269230769231 0.21394230769230768 0.21634615384615385
0 0.8896895453997569 0.8441353058872659 0.14642394922598767 0.20670789389670574