0 0.027644230769230768 0.08653846153846154 0.055288461538461536 0.125
0 0.038461538461538464 0.03245192307692308 0.04326923076923077 0.06490384615384616
0 0.013221153846153846 0.014423076923076924 0.026442307692307692 0.028846153846153848
0 0.10216346153846154 0.028846153846153848 0.040865384615384616 0.057692307692307696
0 0.14783653846153846 0.055288461538461536 0.055288461538461536 0.11057692307692307
0 0.1778846153846154 0.026442307692307692 0.04326923076923077 0.052884615384615384
0 0.24759615384615385 0.009615384615384616 0.04326923076923077 0.019230769230769232
0 0.30649038461538464 0.37740384615384615 0.1466346153846154 0.08173076923076923
0 0.3827001788615391 0.2509582727195152 0.09576621492809832 0.19096675488419543
0 0.4375 0.140625 0.04326923076923077 0.14182692307692307
0 0.43149038461538464 0.052884615384615384 0.055288461538461536 0.09615384615384616
0 0.44350961538461536 0.025240384615384616 0.03125 0.05048076923076923
0 0.4855769230769231 0.0889423076923077 0.052884615384615384 0.1778846153846154
0 0.8559441157634086 0.19002382246734714 0.16743600829935937 0.27591253745776123
0 0.796875 0.037259615384615384 0.06971153846153846 0.07451923076923077
0 0.8629807692307693 0.015625 0.052884615384615384 0.03125
0 0.057692307692307696 0.8689903846153846 0.11538461538461539 0.2620192307692308
0 0.07932692307692307 0.7307692307692307 0.15865384615384615 0.23557692307692307
0 0.30154884659129305 0.7159363599251083 0.17643594137168825 0.24958211489496393
0 0.4423076923076923 0.7788461538461539 0.03365384615384615 0.23557692307692307
0 0.611285344281838 0.8214004327841276 0.1020266010049146 0.1501852841159434
0 0.5024038461538461 0.7884615384615384 0.08653846153846154 0.10096153846153846
0 0.5103197860641028 0.6157885148484626 0.039916242108760776 0.06294754051804165
0 0.5687114705098828 0.6451652809944769 0.04975542728525649 0.07267481026293673
0 0.6435933722518699 0.60822649329189 0.0373445455340812 0.05570803077412563
0 0.6717981093629277 0.6836399630318901 0.04500368511784185 0.07502271385202765
0 0.7095882461411327 0.6543462686676946 0.0373445455340812 0.0557080307741257
0 0.701173779663622 0.6027474902071351 0.03002110679198726 0.05081642461930053
0 0.7785444577089213 0.621083178401821 0.03236900280555561 0.048440549747832
0 0.7810622140214213 0.7292562553248979 0.08195657966997881 0.11390382154923027
0 0.8035060965619661 0.6604669271165063 0.039804341828205164 0.058139848210349336
0 0.803505091622917 0.6087702491676252 0.024821763502350436 0.033933558977622215
0 0.8753976806162396 0.6500124040297935 0.03242495294583328 0.05084439590167815
0 0.8783879983039533 0.6235281394139195 0.027225609656196588 0.03396153025999983
0 0.9372552589420943 0.6733375978676261 0.05942676204091891 0.07519054154629337
0 0.9591346153846154 0.7800480769230769 0.08173076923076923 0.12259615384615384
0 0.9783653846153846 0.6514423076923077 0.04326923076923077 0.0625
0 0.9660444577089211 0.6189014183763675 0.037176695113247914 0.048496492312587236