0 0.013221153846153846 0.26322115384615385 0.026442307692307692 0.09375
0 0.020432692307692308 0.12860576923076922 0.040865384615384616 0.08413461538461539
0 0.060848373132479386 0.21421365336290782 0.04964457070108585 0.08766665174987942
0 0.1120563332328983 0.13989084520227463 0.05113765400752421 0.07584364522316332
0 0.11440780466914259 0.26668144100674174 0.06257456431772454 0.10066700373168357
0 0.12954297990312955 0.3706600759715054 0.06053502330284156 0.1052784717968612
0 0.051682692307692304 0.47716346153846156 0.06971153846153846 0.12259615384615384
0 0.20673076923076922 0.5036057692307693 0.08173076923076923 0.06971153846153846
0 0.2550894376115742 0.367667953822281 0.07769038876814213 0.14251350955964157
0 0.30802784712206804 0.31618168412318626 0.06071717587232301 0.10768231795070736
0 0.30108811810647546 0.24055864239828978 0.04669426683879507 0.08025888904582636
0 0.32721991478569845 0.1864231470591641 0.044836878393393405 0.08727420326485014
0 0.19599086467273927 0.14634226268167236 0.044108268115467336 0.07765881864946553
0 0.15425199936880907 0.18603010347588608 0.046329961699831904 0.07545119673813397
0 0.4121935675165504 0.2544669778254108 0.055363025856185945 0.10007833100413954
0 0.4273646055011231 0.32699938854765975 0.0644319527631258 0.09365168951265979
0 0.4395674082481121 0.4082395971721423 0.06902162975075098 0.12269406760132831
0 0.4879807692307692 0.5144230769230769 0.08653846153846154 0.04807692307692308
0 0.6081730769230769 0.23197115384615385 0.13942307692307693 0.30528846153846156
0 0.5961538461538461 0.06009615384615385 0.11538461538461539 0.1201923076923077
0 0.78125 0.1045673076923077 0.17307692307692307 0.2091346153846154
0 0.9254807692307693 0.38100961538461536 0.14903846153846154 0.29086538461538464
0 0.6141826923076923 0.8617788461538461 0.15144230769230768 0.2764423076923077
0 0.7083097721211449 0.826286835880526 0.15472389275952927 0.21330408298892786
0 0.8250053182427168 0.8022487710742303 0.11629821704857662 0.1791107193512076
0 0.8808940316155017 0.7577778155941594 0.09360654899765727 0.13186784848801353
0 0.8506251005558044 0.6296380293478416 0.06406764762416263 0.08884399720496748
0 0.9711538461538461 0.8978365384615384 0.057692307692307696 0.20432692307692307