0 0.09615384615384616 0.5793269230769231 0.08533653846153846 0.14302884615384615
0 0.040865384615384616 0.45913461538461536 0.04567307692307692 0.078125
0 0.16706730769230768 0.5036057692307693 0.06971153846153846 0.1141826923076923
0 0.19951923076923078 0.4543269230769231 0.04326923076923077 0.08653846153846154
0 0.17427884615384615 0.40024038461538464 0.028846153846153848 0.046875
0 0.23557692307692307 0.3918269230769231 0.03125 0.06610576923076923
0 0.3701923076923077 0.4266826923076923 0.03485576923076923 0.06971153846153846
0 0.38100961538461536 0.39903846153846156 0.028846153846153848 0.057692307692307696
0 0.44591346153846156 0.41947115384615385 0.03245192307692308 0.06370192307692307
0 0.49038461538461536 0.4074519230769231 0.025240384615384616 0.06129807692307692
0 0.5264423076923077 0.40625 0.03245192307692308 0.06129807692307692
0 0.5721153846153846 0.42908653846153844 0.038461538461538464 0.08413461538461539
0 0.609375 0.390625 0.028846153846153848 0.06370192307692307
0 0.6730769230769231 0.43149038461538464 0.039663461538461536 0.07211538461538461
0 0.8100961538461539 0.5276442307692307 0.0625 0.11658653846153846
0 0.9254807692307693 0.5961538461538461 0.0985576923076923 0.18389423076923078
0 0.7944711538461539 0.4495192307692308 0.054086538461538464 0.09615384615384616
0 0.7836538461538461 0.3894230769230769 0.030048076923076924 0.057692307692307696
0 0.8810096153846154 0.4110576923076923 0.028846153846153848 0.05889423076923077
0 0.9086538461538461 0.43149038461538464 0.04927884615384615 0.07932692307692307