0 0.20552884615384615 0.8076923076923077 0.27884615384615385 0.3798076923076923
0 0.056490384615384616 0.7367788461538461 0.11057692307692307 0.3401442307692308
0 0.14903846153846154 0.5060096153846154 0.07451923076923077 0.09975961538461539
0 0.1466346153846154 0.41947115384615385 0.046875 0.06490384615384616
0 0.203125 0.4723557692307692 0.06370192307692307 0.1045673076923077
0 0.27524038461538464 0.5060096153846154 0.09375 0.14423076923076922
0 0.28125 0.43509615384615385 0.06971153846153846 0.09735576923076923
0 0.3545673076923077 0.5228365384615384 0.09615384615384616 0.15384615384615385
0 0.3713942307692308 0.421875 0.056490384615384616 0.09375
0 0.45552884615384615 0.4338942307692308 0.05048076923076923 0.07572115384615384
0 0.5096153846153846 0.5072115384615384 0.11298076923076923 0.1935096153846154
0 0.5877403846153846 0.515625 0.07692307692307693 0.14182692307692307
0 0.5997596153846154 0.43509615384615385 0.051682692307692304 0.07572115384615384
0 0.5889423076923077 0.39903846153846156 0.04447115384615385 0.06490384615384616
0 0.6454326923076923 0.4639423076923077 0.05889423076923077 0.0889423076923077
0 0.6502403846153846 0.4182692307692308 0.06009615384615385 0.08413461538461539
0 0.7391826923076923 0.41586538461538464 0.051682692307692304 0.08413461538461539
0 0.7884615384615384 0.3942307692307692 0.05048076923076923 0.08173076923076923
0 0.7752403846153846 0.49158653846153844 0.09014423076923077 0.1201923076923077
0 0.8894230769230769 0.4639423076923077 0.078125 0.11057692307692307
0 0.9483173076923077 0.43509615384615385 0.06610576923076923 0.10697115384615384
0 0.9651442307692307 0.40384615384615385 0.046875 0.0733173076923077