0 0.03125 0.33413461538461536 0.0625 0.1346153846153846
0 0.061667521232869775 0.30904114069326954 0.06911194180748399 0.10493198854316241
0 0.11322433566848361 0.31745560717078025 0.06898606393540546 0.09772045008162394
0 0.15756961164255892 0.3257022232274577 0.07889516358563989 0.11477117371965798
0 0.19101639111175517 0.13169006151939142 0.061774525473867 0.09755259966079066
0 0.2398938942352052 0.3624882722978103 0.11579204170718892 0.16368734890074804
0 0.31347785402483896 0.2800321611215283 0.05932872002932809 0.09509280336666684
0 0.36778846153846156 0.2668269230769231 0.0625 0.11057692307692307
0 0.38461538461538464 0.2512019230769231 0.028846153846153848 0.0985576923076923
1 0.7127403846153846 0.07692307692307693 0.16105769230769232 0.15384615384615385
0 0.03365384615384615 0.9675480769230769 0.0673076923076923 0.06490384615384616
0 0.03560893044897496 0.9168755019575323 0.04456996878070852 0.07552633329423077
0 0.037587100403715414 0.8724323231815172 0.03208918581385657 0.04880427490053417
0 0.06508447365552127 0.8814892113331733 0.037022755993627414 0.056127713642628245
0 0.1935096153846154 0.9627403846153846 0.06490384615384616 0.07451923076923077
0 0.17604511364085723 0.93096589285609 0.061480810439017174 0.08072567658386759
0 0.13757749188714136 0.8615331001568912 0.027197574924778624 0.04388468231228625
0 0.16882749188714136 0.8622604519805024 0.03453499125839562 0.05126407119465813
0 0.21539661026793672 0.7431032218833337 0.056715077422017895 0.08301762245715813
0 0.26904865946937784 0.8381400751097225 0.029601421078624776 0.04394063245256419
0 0.3414848220571361 0.8903273236189642 0.05178150724224705 0.07569418371506405
0 0.3362724331956845 0.8445143713451928 0.031921348651085285 0.039188890285149554
0 0.3475932523763062 0.8159199931302888 0.032047226523163684 0.04640042874668801
0 0.3858173076923077 0.8509615384615384 0.026442307692307692 0.04326923076923077
0 0.3942307692307692 0.8064903846153846 0.009615384615384616 0.040865384615384616
1 0.6478365384615384 0.7127403846153846 0.16105769230769232 0.18990384615384615
1 0.5865384615384616 0.9254807692307693 0.16826923076923078 0.14903846153846154
1 0.7956974100917866 0.7448127159789535 0.15095642232597692 0.2510091124030984