0 0.013221153846153846 0.22596153846153846 0.026442307692307692 0.14903846153846154
0 0.10385812724858322 0.07059593611543477 0.03914812494425682 0.07005483170289778
0 0.16851659391624452 0.03905179811774563 0.03517448485029339 0.05062783822961373
0 0.20989711675975092 0.04403133541220047 0.037970779489168896 0.055631754779820713
0 0.27759725755247255 0.03372936431409744 0.03998217715798583 0.051020286714643086
0 0.3054133333084658 0.07324575685371434 0.0615676372989309 0.08143623450091433
0 0.3762019230769231 0.3473557692307692 0.07451923076923077 0.1466346153846154
0 0.4603381253902016 0.3459590104739118 0.04616343916328074 0.06823965827659552
0 0.49602794683469964 0.36214830394570363 0.037970779489168896 0.055631754779820713
0 0.5488388293538099 0.3148564762049221 0.03198574172638867 0.04081622937171458
0 0.57866630277862 0.35898433680971675 0.033163087181476585 0.0552393062947915
0 0.5956894500980577 0.35520692095826784 0.029974344057571864 0.045427697436892074
0 0.6904451489324661 0.3498599095327846 0.0785907846183688 0.08521365035236309
0 0.6225961538461539 0.43028846153846156 0.057692307692307696 0.019230769230769232
0 0.7497318281867262 0.3402447232834829 0.03797077948916876 0.055631754779820713
0 0.782993225855543 0.3423052761959698 0.032378190211417746 0.04562392167940688
0 0.8545673076923077 0.3894230769230769 0.0985576923076923 0.10096153846153846
0 0.849270641706992 0.32018029857115066 0.04596721492076593 0.06583581212274936
0 0.9096857095387527 0.32599388807933427 0.06917162424549872 0.08683259953615054
0 0.9659063354122005 0.3393133524128284 0.053178753382304385 0.06642448485029338
0 0.05048076923076923 0.6778846153846154 0.10096153846153846 0.11538461538461539
0 0.17128712073678762 0.6030734286446073 0.10400281585443293 0.10400281585443293
0 0.2905962209716964 0.5455777419269802 0.08001350955964143 0.07339064382564707
0 0.47571754753793394 0.6446002270226268 0.07554911049330844 0.10645581725194926
0 0.5422896964853205 0.7358730447354412 0.10351205688206336 0.15649498275401896
0 0.6600040284261112 0.5662795978783607 0.0815341482560888 0.12127134266005554
0 0.9266351239926854 0.6639061176814813 0.12225206714046302 0.2105569435937224