0 0.018028846153846152 0.18389423076923078 0.036057692307692304 0.0889423076923077
0 0.05170156593877341 0.23995298498741272 0.05945459790140662 0.10364860087775468
0 0.014423076923076924 0.12620192307692307 0.028846153846153848 0.05048076923076923
0 0.01210985639734283 0.10008537825564737 0.02226400474500778 0.037065340713773494
0 0.047259340662961884 0.08163502163559364 0.02226400474500778 0.037065340713773494
0 0.10487381306606135 0.1522092864446805 0.03714863386570609 0.06417941401013517
0 0.07767015484910517 0.12825645257039958 0.029643380369317532 0.04701660813118503
0 0.09850146041837946 0.1044682461697845 0.027197574924778624 0.04450080104332986
0 0.14765442870014722 0.10938458548413826 0.029685339660010558 0.04942045428503132
0 0.14903635552419642 0.23662049023697088 0.061942362636638285 0.108568254119456
0 0.21805556568930307 0.2730370846891711 0.0840804895095678 0.13842205637169103
0 0.18584931506435964 0.19167184545760493 0.03963639860093775 0.06909906725183636
0 0.16623482892517755 0.14574851339668154 0.03221506368593525 0.05674395368057867
0 0.17650058254630105 0.10804105427603009 0.029643380369317532 0.04701660813118503
0 0.21823221591306605 0.12531250716164166 0.02972729895070331 0.05182430043887747
0 0.2696631524766013 0.1373284240035248 0.027197574924778624 0.04450080104332999
0 0.294651781347829 0.15057591111950713 0.0346189098397814 0.05685591461458769
0 0.25174528784166456 0.20061215054158793 0.039426602147473705 0.05707983648260587
0 0.3240555725573444 0.25488964974662076 0.062068240508716815 0.11577979258099447
0 0.3055381112683532 0.21491995260330818 0.056715077422017895 0.08430587071297643
0 0.3737980769230769 0.21394230769230768 0.05048076923076923 0.09134615384615384
0 0.38221153846153844 0.15504807692307693 0.03365384615384615 0.06490384615384616
0 0.3417995167373323 0.13276767290633137 0.03221506368593525 0.0567439536805788
0 0.7860576923076923 0.4855769230769231 0.04807692307692308 0.0673076923076923
0 0.013221153846153846 0.5817307692307693 0.026442307692307692 0.07692307692307693
0 0.02283653846153846 0.5432692307692307 0.03125 0.04807692307692308
0 0.08413461538461539 0.9098557692307693 0.11538461538461539 0.18028846153846154
0 0.09907064061154686 0.7587491661915363 0.07433922702210466 0.1307626741741165
0 0.10580846029110938 0.6479483212465952 0.05439514984955725 0.08900160208665978
0 0.09209869130981065 0.6077547022352646 0.0396783578916305 0.07150291340568266
0 0.11533384303293094 0.5838545349006405 0.039510520728859216 0.06188752879029803
0 0.1325803590167824 0.559032346824116 0.029853176822781845 0.05903583890041583
0 0.11057692307692307 0.5360576923076923 0.03365384615384615 0.03365384615384615
0 0.25240384615384615 0.5456730769230769 0.028846153846153848 0.052884615384615384
0 0.2764544742766625 0.5727473830912676 0.032382900848706396 0.06635933829596331
0 0.2988084808952334 0.5993279849874127 0.03478674700255269 0.0664712992299723
0 0.3413853833680325 0.6369761497137122 0.051907385114325584 0.08408194884495845
0 0.3499396191317415 0.5597171899886081 0.029937095404167353 0.06384353120810814
0 0.32091346153846156 0.5420673076923077 0.026442307692307692 0.04567307692307692
0 0.38221153846153844 0.6117788461538461 0.03365384615384615 0.07451923076923077
0 0.38221153846153844 0.6790865384615384 0.03365384615384615 0.10817307692307693
0 0.5513564547976902 0.7842331780900722 0.17115225524268127 0.31060991983123726
0 0.7632211538461539 0.8545673076923077 0.19471153846153846 0.29086538461538464