1 0.5743193492848084 0.13829920368591894 0.09383976893803017 0.12641175971612958
1 0.1266387115544447 0.15402360375193985 0.040518472184741854 0.053170261997827324
1 0.7740384615384616 0.4387019230769231 0.09134615384615384 0.06009615384615385
1 0.061028770108986594 0.7577669183044721 0.10242259654837091 0.16056988576379908
1 0.006009615384615385 0.7307692307692307 0.01201923076923077 0.07692307692307693
1 0.3757816022820189 0.6806263280336636 0.046697453641236564 0.08716029474755577
1 0.5347823608665079 0.719844846302377 0.06161027668888563 0.1001880853044333
1 0.31328569242546106 0.7437228912514227 0.0361025767767074 0.06244946001732971
1 0.49288850938952145 0.7479428169827609 0.03590667832687854 0.0576417677096374
1 0.6267917170525552 0.7265944081777973 0.03590667832687854 0.0576417677096374
1 0.42595017174697947 0.7729980749838343 0.0409102690843997 0.06278564661321194