0 0.019230769230769232 0.4206730769230769 0.038461538461538464 0.09615384615384616
0 0.03204936093888095 0.3974651362811923 0.054821020172042 0.07834443472834379
0 0.0998470815786524 0.3839514027972466 0.06768029951055145 0.09367827449882864
0 0.13664037717207875 0.43022473155464674 0.08618731972603164 0.12379949633135358
0 0.1462772271778926 0.22367611489335917 0.03885785420528771 0.05080921161914672
0 0.19889480221842393 0.36806968591004047 0.07559187844648872 0.10624396297650417
0 0.31009615384615385 0.5600961538461539 0.13942307692307693 0.038461538461538464
0 0.3418773528657202 0.39911676314871297 0.09127502822348368 0.1289714937780088
0 0.32543489126210134 0.33215544460469093 0.06980412947463813 0.08905273476061791
0 0.29098729204552637 0.3072435023776838 0.0596287124797343 0.07870873986730696
0 0.3754137778903463 0.31640208616108784 0.0672602752259121 0.08646673603729017
0 0.3646427657045885 0.2753366176009288 0.05934869628997483 0.07390104755961466
0 0.517438858839144 0.2817076993079542 0.06259259101309968 0.08850627705217316
0 0.5697115384615384 0.36538461538461536 0.09615384615384616 0.12980769230769232
0 0.6478365384615384 0.4963942307692308 0.06009615384615385 0.1658653846153846
0 0.6466346153846154 0.21514423076923078 0.057692307692307696 0.09375
0 0.752362036948218 0.3861372336310255 0.09353886628244996 0.12674980019364449
0 0.8906650491122569 0.3948031538318634 0.10075040474398843 0.12729625790208912
0 0.8049299517565084 0.2026611021266365 0.06032875295413312 0.09072797063653773
0 0.040181684712352506 0.7913193466308119 0.07475182987721009 0.09182088605342724
0 0.07664866860946948 0.8842855228187306 0.1261889472312476 0.15315624513536635
0 0.14024502482761753 0.8196355547355373 0.09426261529773888 0.09808579891697224
0 0.17909102476246014 0.748484727093439 0.056944850136128676 0.07371889499013307
0 0.46948896801142526 0.6522893405559008 0.06485642907206596 0.0862845834678086
0 0.5297369842229039 0.6656732961879668 0.08025956265930116 0.10420442196162118
0 0.5833097858114731 0.6293050928671899 0.056944850136128676 0.07371889499013307
1 0.6740366359258826 0.6326017704931511 0.07517185416184938 0.0990324245149657