0 0.3449519230769231 0.17548076923076922 0.15144230769230768 0.35096153846153844
0 0.4495192307692308 0.21875 0.32211538461538464 0.4375
0 0.5995755549336467 0.2630506163275632 0.3093916270708333 0.507779263539743
0 0.7848557692307693 0.2704326923076923 0.36778846153846156 0.5168269230769231
0 0.84375 0.296875 0.3125 0.4639423076923077
0 0.028846153846153848 0.8317307692307693 0.057692307692307696 0.2644230769230769
0 0.036057692307692304 0.5997596153846154 0.07211538461538461 0.14182692307692307
0 0.2223935751925653 0.6134231787870357 0.09169505250812303 0.13716851736395996
0 0.23798076923076922 0.6682692307692307 0.0625 0.17307692307692307
0 0.23317307692307693 0.7824519230769231 0.07211538461538461 0.19951923076923078
0 0.6730769230769231 0.8966346153846154 0.19230769230769232 0.20673076923076922
0 0.6237980769230769 0.9170673076923077 0.1466346153846154 0.1658653846153846
0 0.6419714174727246 0.7829259340250702 0.1677995462523505 0.3351545604293445
0 0.7512182636482898 0.8154366997034175 0.11608241270855348 0.2684483746829059
0 0.8119444539214025 0.809877124194158 0.1280779349368943 0.31015499644757816
0 0.8634871381342152 0.8168026200254257 0.14814875273694164 0.3262605476692305
0 0.8966346153846154 0.890625 0.14903846153846154 0.21875
0 0.9362980769230769 0.9038461538461539 0.12740384615384615 0.19230769230769232
0 0.9903846153846154 0.7776442307692307 0.019230769230769232 0.18028846153846154
0 0.9543269230769231 0.7632211538461539 0.09134615384615384 0.20432692307692307
0 0.9675480769230769 0.5889423076923077 0.06490384615384616 0.1201923076923077
0 0.9298017979320736 0.6945513514109669 0.08009584602353133 0.14332850938888875
0 0.7681840732448623 0.6900760137757822 0.08263970027225735 0.14594266483005677
0 0.7154750287664619 0.7446589041549133 0.0795358136440121 0.13371312477350414