0 0.09254807692307693 0.41225961538461536 0.18509615384615385 0.2860576923076923
0 0.3840146646054678 0.48373668026802885 0.19610937625987537 0.2768804738410786
0 0.46272228395064674 0.39332191911724695 0.16275925483667864 0.2399134994009328
0 0.658843514480967 0.19168946058384156 0.04945329548483061 0.06623279696281678
0 0.7149020205412673 0.18007703666433642 0.03701404043096063 0.05867153460418077
0 0.7329308666951134 0.18060162250998274 0.026558607246297328 0.043968678563425866
0 0.7860254942220485 0.17853463842644277 0.03955789467968639 0.06114532553744649
0 0.7660828302464353 0.16952664626291541 0.02641859915141759 0.04156483240957971
0 0.8583508909797526 0.17702721257825876 0.03433017808735487 0.0537938975170689
0 0.9521816277224071 0.07501288933476317 0.057784898705407366 0.08567340053184457
0 0.9891826923076923 0.25240384615384615 0.021634615384615384 0.10576923076923077
0 0.9759615384615384 0.40625 0.04807692307692308 0.10096153846153846
0 0.6616781176146671 0.08100762033778922 0.028822445305263747 0.04163477718899928
0 0.7389049192683935 0.11937349036632534 0.026138582961657983 0.0367571401018874
0 0.6987395751274078 0.10616519834696293 0.026278591056537855 0.03916098625573356
0 0.6900223888582967 0.06979275453188283 0.01822700402572071 0.024528074994398078
0 0.7446808139697993 0.08221879215083924 0.016243182156513897 0.03166966867651704
0 0.7247500042646311 0.09367846468471394 0.015963165966754424 0.026861976368824737
0 0.8152442552710613 0.09029177852833013 0.025998574866778385 0.03435329394804125
0 0.7847061500159053 0.09783093032404783 0.01836701212060058 0.026931921148244234
0 0.7683111054940664 0.11059744310397485 0.01822700402572071 0.024528074994398078
0 0.8353969313889942 0.0956940014610883 0.023174704428292888 0.027071810707083224
0 0.8955630892825878 0.09624069786965296 0.01836701212060058 0.026931921148244234
0 0.867918858513357 0.09543633290632858 0.01836701212060058 0.026931921148244234
0 0.8825175063426489 0.15485514952120566 0.01864702831036005 0.03173961345593654
0 0.8579771622016631 0.14210149856807003 0.018086995930840972 0.022124228840551926
0 0.609375 0.11177884615384616 0.021634615384615384 0.036057692307692304
0 0.6099954253069748 0.07950380758026979 0.015963165966754424 0.026861976368824737
0 0.6240566277224071 0.06546542694400016 0.015823157871874553 0.02445813021497858
0 0.6406035346095708 0.07076273270762903 0.0134193117180284 0.02438818543555909
1 0.5006000814917759 0.853785485310833 0.05440099588740265 0.06877653267550207