0 0.048332874944891774 0.3363320451818857 0.09260486155314605 0.10923598565342593
0 0.03785038057580136 0.2617009292831444 0.07561011078195753 0.0946171097537058
0 0.015625 0.10216346153846154 0.03125 0.06971153846153846
0 0.09767912310873977 0.03286087493265452 0.04385662769916051 0.05098425231356611
0 0.07417295800076683 0.1816056380061512 0.04637235898251714 0.06062760821132835
0 0.1982655754541227 0.3116379426381784 0.10470800616950982 0.11658738052685248
0 0.16652523594720048 0.16585560930076598 0.04148075282769197 0.053360127185034786
0 0.2402472851686695 0.09821310366985644 0.04148075282769197 0.05336012718503472
0 0.185308464659928 0.12761784109824842 0.03421327180139828 0.04846852103020961
0 0.29623502876657126 0.15895259701069525 0.05363984000881098 0.06551921436615352
0 0.33641595902901855 0.2038852770160796 0.06345102360083879 0.08245802257258707
0 0.42116594262594115 0.25774888728391127 0.07549822565244704 0.08500172513832119
0 0.4567307692307692 0.33653846153846156 0.02403846153846154 0.14423076923076922
0 0.44158296516181667 0.05008192215880625 0.04385662769916037 0.05098425231356618
0 0.5492788461538461 0.03365384615384615 0.08413461538461539 0.0673076923076923
0 0.9098557692307693 0.04326923076923077 0.10336538461538461 0.08653846153846154
0 0.9771634615384616 0.028846153846153848 0.04567307692307692 0.057692307692307696
1 0.3317307692307692 0.43509615384615385 0.14903846153846154 0.052884615384615384
1 0.6129807692307693 0.46033653846153844 0.28846153846153844 0.10336538461538461
1 0.4987980769230769 0.8605769230769231 0.06009615384615385 0.10576923076923077