0 0.9663461538461539 0.31971153846153844 0.0673076923076923 0.13942307692307693
0 0.5204326923076923 0.9459134615384616 0.0985576923076923 0.10817307692307693
0 0.26064598945673595 0.6946090537683758 0.1226707181638784 0.09682513420895643
0 0.5931454899408469 0.4605059631856149 0.024549056496320613 0.0385874049718716
0 0.5960764430195684 0.5170383033044439 0.02990320651245754 0.045826913769039704
0 0.5817307692307693 0.5685096153846154 0.02403846153846154 0.06009615384615385
0 0.6175812805523042 0.6458258797168054 0.06370334248519974 0.07966256710447822
0 0.5853365384615384 0.8185096153846154 0.03125 0.13701923076923078
0 0.6792781059566533 0.7520006803526653 0.09120270284381113 0.125475495705703
0 0.7013336594226636 0.6354910603141082 0.055763193745734935 0.07000522698564911
0 0.7238252435288083 0.5767017183034885 0.0352573565285946 0.05306642256620774
0 0.7180529942478295 0.5417970009853674 0.027317207789129938 0.04340908244737877
0 0.6695206897472026 0.5475269130136868 0.0402472014057685 0.05549823905568347
0 0.6256870698942342 0.5388547258706515 0.03285351037474845 0.05305243739839295
0 0.6454463654581554 0.5161230761677241 0.024731209065802062 0.04099125112571776
0 0.6860758033781799 0.47186869242269963 0.024184751357357443 0.03377971266417937
0 0.7576074481262575 0.5275976867473273 0.024731209065802198 0.040991251125717824
0 0.7700447781603299 0.5697558980304311 0.0402472014057685 0.05549823905568347
0 0.8048826160158064 0.5543266903798383 0.02990320651245754 0.045826913769039704
0 0.8391919275381308 0.5617410137746913 0.03212490009682211 0.04343705278300834
0 0.820470333856944 0.6025154947992797 0.0481873501452333 0.06515557917451244
0 0.7660539335987515 0.717634391995414 0.07273640664155377 0.10374298414638411
0 0.8563265228115853 0.6688590118829005 0.056491804023661 0.07962061160103372
0 0.877233947326551 0.5992383770121582 0.042833200129096236 0.057916070377344545
0 0.918445705705606 0.57903643997341 0.0380255078214042 0.05788810004171484
0 0.9653013549220366 0.6430390441583513 0.04410826811546706 0.07474299345426762