0 0.052884615384615384 0.4699519230769231 0.10576923076923077 0.15625
0 0.10755180800465544 0.37502295037489297 0.1684195914189175 0.19354060527190187
0 0.18028846153846154 0.41466346153846156 0.22596153846153846 0.2668269230769231
0 0.29888864542692306 0.3669691449920402 0.17002092725104406 0.25598465513162405
0 0.38822115384615385 0.09254807692307693 0.1658653846153846 0.18509615384615385
0 0.48725203697077973 0.3865875454485572 0.16173107056251312 0.23898988163386756
0 0.5252403846153846 0.47596153846153844 0.2091346153846154 0.14423076923076922
0 0.5901442307692307 0.46274038461538464 0.13701923076923078 0.17067307692307693
0 0.5865384615384616 0.39903846153846156 0.14423076923076922 0.1971153846153846
0 0.5535100092568919 0.28903494578776656 0.100990136666951 0.11516282470160277
0 0.598735248899678 0.23877697217905924 0.11035831158247497 0.1489845212762822
0 0.6826923076923077 0.1502403846153846 0.04807692307692308 0.12259615384615384
0 0.7975898732998261 0.17245745177767077 0.07346951074765055 0.09772045008162394
0 0.9316195166822834 0.15973683437686934 0.05843025198057775 0.08776936462457276
0 0.9891826923076923 0.1622596153846154 0.021634615384615384 0.06971153846153846
0 0.7391826923076923 0.009615384615384616 0.05048076923076923 0.019230769230769232
0 0.724207999574069 0.02534927007879261 0.028598944146293066 0.03426929769690169
0 0.706657431311582 0.055761022913675115 0.036118573529829466 0.039244840425427356
0 0.6694711538461539 0.025240384615384616 0.021634615384615384 0.04567307692307692
0 0.7848557692307693 0.006009615384615385 0.026442307692307692 0.01201923076923077
0 0.7759372740011922 0.04214721314652758 0.02844489868529413 0.03186545154305561
0 0.7850439401141489 0.031134079963247692 0.020771223840758794 0.024486062660683795
0 0.828125 0.01201923076923077 0.026442307692307692 0.02403846153846154
0 0.860041448774739 0.05939175239743566 0.02875298960729207 0.03667314385074792
0 0.8268963211233206 0.07096438698349337 0.03131088122213716 0.039132940144871814
0 0.8103166077462584 0.10495393397900621 0.031773017605133964 0.04634447860641027
0 0.9211854802368169 0.060368869974198436 0.04456247567935962 0.058643460077029946
0 0.8872235431609728 0.06595986424577968 0.02813680776329619 0.027057759235363302
0 0.8990384615384616 0.01201923076923077 0.028846153846153848 0.02403846153846154
0 0.8596401936138792 0.028197702537713434 0.018213332225913703 0.022026266366559834
0 0.966503884118465 0.04611263853290566 0.018521423147911574 0.026833958674252142
0 0.9826071620098242 0.07574108940389923 0.028598944146293066 0.03426929769690176
0 0.9915865384615384 0.042067307692307696 0.016826923076923076 0.026442307692307692
0 0.6370192307692307 0.7692307692307693 0.04326923076923077 0.1778846153846154
0 0.02283653846153846 0.9591346153846154 0.04567307692307692 0.08173076923076923
0 0.7235576923076923 0.6646634615384616 0.12980769230769232 0.23317307692307693