0 0.06129807692307692 0.0733173076923077 0.11778846153846154 0.1466346153846154
0 0.29447115384615385 0.31850961538461536 0.18028846153846154 0.28125
0 0.41225961538461536 0.15985576923076922 0.09375 0.18990384615384615
0 0.6333290643963841 0.39663461538461536 0.0480511994233402 0.08173076923076923
0 0.7379807692307693 0.43509615384615385 0.0625 0.04807692307692308
0 0.03203991260066637 0.703125 0.027491479383600338 0.036057692307692304
0 0.06714048855940387 0.7115384615384616 0.02501768845033462 0.03365384615384615
0 0.07894988499037608 0.7043269230769231 0.020209996142642312 0.03365384615384615
0 0.11896307042593517 0.7163461538461539 0.029755435978607636 0.03125
0 0.12565002304182743 0.6983173076923077 0.020209996142642586 0.03365384615384615
0 0.1526868613592009 0.71875 0.02247395273764961 0.028846153846153848
0 0.18404177852833023 0.7223557692307693 0.027421534604181046 0.03365384615384615
0 0.2342077962517117 0.7115384615384616 0.022543897517069176 0.03125
0 0.25965801520535475 0.71875 0.020209996142642312 0.03365384615384615
0 0.29475859116409214 0.7271634615384616 0.02756142416301963 0.038461538461538464
0 0.35457496589256804 0.7175480769230769 0.022613842296488464 0.03365384615384615
0 0.39317639391294545 0.7223557692307693 0.02989532553744649 0.036057692307692304
0 0.4292690586103477 0.7235576923076923 0.022543897517069176 0.03125
0 0.44609598168727066 0.7235576923076923 0.01512252471727202 0.02403846153846154
0 0.3006632893795783 0.7235576923076923 0.017526370871118174 0.02403846153846154