0 0.004807692307692308 0.1778846153846154 0.009615384615384616 0.02403846153846154
0 0.031929972852851214 0.23454988499417764 0.02214521034247446 0.038909139583760646
0 0.007211538461538462 0.4026442307692308 0.014423076923076924 0.06009615384615385
0 0.05305257387133093 0.35303772328611144 0.04079365911421325 0.0633392521041667
0 0.06294260674921451 0.27018895618883576 0.02250951548143763 0.04371683189145323
0 0.0850505349328267 0.2803358671368593 0.03212490009682211 0.04394063245256419
0 0.09129751642107878 0.24556402311650677 0.02214521034247432 0.038909139583760646
0 0.12966797859787646 0.24766114843787435 0.021416600064548118 0.029293754968376034
0 0.1274477044217885 0.16573455371613285 0.016791060326337395 0.03158570084166657
0 0.1494437861288138 0.3203640095261756 0.027681512928092972 0.04863642447970088
0 0.18025633608040273 0.34275395180454105 0.03285351037474845 0.053556017067948804
0 0.20637162079260946 0.30001624736794924 0.029721053942975955 0.04388468231228652
0 0.1939522221338299 0.2732382388339747 0.024549056496320613 0.038965089724038324
0 0.18302732618976522 0.17906861278189148 0.016244602617892775 0.02437416238012811
0 0.2096338550762616 0.16162724310096196 0.018830601341220516 0.026833958674252208
0 0.24689347046087698 0.1624944702752676 0.023820446218394273 0.029349705108653843
0 0.26956578772822676 0.18108281783189148 0.01642675518737436 0.026778008533974267
0 0.26776219340870383 0.22077425444049198 0.021780905203511287 0.03410144727606834
0 0.2855178107083276 0.22479964972334443 0.016426755187374225 0.026778008533974267
0 0.29422243247630436 0.23704268105368642 0.01660890775685581 0.02918185468782042
0 0.2938939900879269 0.27315632350165653 0.02695290265016677 0.039021039864316265
0 0.29247263228265996 0.32369304287270356 0.027317207789129938 0.04382873217200857
0 0.2804340507298597 0.38722711552879335 0.05150195914648738 0.07798612958835459
0 0.3346848103855869 0.37042917246105816 0.0383898129603671 0.06328330196388904
0 0.38063253557116283 0.28841965746794923 0.02454905649632075 0.038965089724038324
0 0.38901013435903853 0.25730953281864377 0.02159875263402984 0.03169760112222219
0 0.42657884134846213 0.2858769409024579 0.02935674880401306 0.039076990004593935
0 0.41878498242789325 0.26161467880288514 0.024549056496320477 0.038965089724038324
0 0.49732808169273485 0.3055842912646375 0.043197505268059405 0.06339520224444438
0 0.6081730769230769 0.01201923076923077 0.019230769230769232 0.02403846153846154
0 0.6222068202905149 0.03676611351260725 0.030085359081939125 0.04869237461997869
0 0.6538461538461539 0.027644230769230768 0.038461538461538464 0.055288461538461536
0 0.6768398164604981 0.03081345320731885 0.03285351037474845 0.053556017067948804
0 0.7198358183755065 0.03542632496308807 0.033399968083193204 0.06076755552948727
0 0.741761593989637 0.04797708206495781 0.03248920523578542 0.04874832476025649
0 0.7536057692307693 0.02283653846153846 0.03125 0.04567307692307692
0 0.7731758151838258 0.03064761266458391 0.03285351037474845 0.053556017067948804
0 0.8106355145132156 0.044763968755182196 0.032671357805266865 0.05115217091410265
0 0.8424319722216603 0.0382797821172549 0.032671357805267136 0.05115217091410265
0 0.8303948100771368 0.02234705634572709 0.026588597511203734 0.03421334755662396
0 0.8913465132365433 0.044234452300641644 0.03543950909807619 0.056015813362072626
0 0.9198104305684413 0.03406057122152847 0.02877442834498276 0.0630595014027778
0 0.9472725087681904 0.037107843988569 0.0332178155137119 0.05836370937564111
0 0.9903846153846154 0.051682692307692304 0.019230769230769232 0.04567307692307692
0 0.03365384615384615 0.8137019230769231 0.0673076923076923 0.20432692307692307
0 0.05227300828407932 0.8041764933062503 0.09910698883269024 0.1678795896653846
0 0.14234835236869198 0.5847291264308764 0.057402566871069066 0.09252110679198712
0 0.2134784098189442 0.69474855798312 0.09746761570735611 0.14624497428076935
0 0.16769490582755703 0.758701251752244 0.09229561826070064 0.1413253816925213
0 0.2963558885924813 0.7291867110399044 0.06756440919489844 0.09995644581463682
0 0.37111106605707217 0.775476244445086 0.10172885030660367 0.13914533609978635
0 0.43033090039812727 0.8996669772891566 0.11462298117265654 0.18263836743012837
0 0.4143085713251316 0.7138714466895304 0.0755045579343631 0.10973968085085471
0 0.5153239039125486 0.7631802777916139 0.0736471694889617 0.11689526917211551
0 0.5697115384615384 0.7487980769230769 0.057692307692307696 0.11298076923076923
0 0.5841346153846154 0.8569711538461539 0.028846153846153848 0.16105769230769232
0 0.6338230443536437 0.9670465355386753 0.03693259240451452 0.04405253273311967
0 0.7071224206706584 0.9531000397470086 0.03176059495785907 0.03913294014487188
0 0.7305785617500895 0.9295651294710472 0.026770750080685184 0.03661719371047011
0 0.8116897283629663 0.955533870849092 0.02695290265016677 0.039021039864316265
0 0.8488403360875479 0.9419500460301818 0.02640644494172201 0.0318095014027778
0 0.9422260309485847 0.9489397938087076 0.02695290265016677 0.039021039864316265
0 0.9742957175112518 0.9388498379400111 0.031031984679932734 0.029517555529487264
0 0.9519230769230769 0.984375 0.04326923076923077 0.03125
0 0.9903846153846154 0.9807692307692307 0.019230769230769232 0.038461538461538464