1 0.23076923076923078 0.1684267010107077 0.0985576923076923 0.1692018703516089
1 0.0829326923076923 0.1313641219227365 0.0985576923076923 0.17160571650545509
1 0.37259615384615385 0.185406608028186 0.11778846153846154 0.184745012033724
1 0.4170673076923077 0.3737980769230769 0.14182692307692307 0.2283653846153846
0 0.4951923076923077 0.39903846153846156 0.014423076923076924 0.08173076923076923
0 0.546875 0.39015019066405715 0.06009615384615385 0.09484635621814806
0 0.5913461538461539 0.37554081013955065 0.05048076923076923 0.09188247768478283
0 0.6622596153846154 0.46035287903290517 0.08173076923076923 0.10812565984129673
0 0.7680288461538461 0.4795673076923077 0.10336538461538461 0.13701923076923078
0 0.9266826923076923 0.5144230769230769 0.13701923076923078 0.0673076923076923
0 0.8954326923076923 0.30374324767572153 0.055288461538461536 0.07773941695146537
0 0.4951923076923077 0.7175480769230769 0.014423076923076924 0.07932692307692307
0 0.5264423076923077 0.7157087494496714 0.03125 0.06432010523343698
0 0.5528846153846154 0.7165725065598403 0.03365384615384615 0.062056267174470554
0 0.578125 0.7151024215636027 0.04326923076923077 0.08184706878475886
0 0.609375 0.7192919317147811 0.040865384615384616 0.06728398376680221
0 0.6394230769230769 0.717541830528784 0.040865384615384616 0.06968782992064836
0 0.6274038461538461 0.7615111017724134 0.040865384615384616 0.0624762914591099
0 0.6875 0.7243570532465733 0.04807692307692308 0.07491554651297988
0 0.7379807692307693 0.7863207294079443 0.040865384615384616 0.07449552222834067
0 0.7860576923076923 0.7811167213565027 0.04567307692307692 0.07477553841810028
0 0.8473557692307693 0.7787484380139917 0.04807692307692308 0.07491554651297988
0 0.890625 0.7894494461523098 0.0625 0.09739021046687395
0 0.7295673076923077 0.9226280654323311 0.052884615384615384 0.08000325501043193
0 0.6514423076923077 0.9452071746697697 0.04807692307692308 0.07251170035913372
0 0.6189903846153846 0.9278665147198774 0.040865384615384616 0.0624762914591099
0 0.5540865384615384 0.9076082717431695 0.04567307692307692 0.06996784611040797
0 0.5120192307692307 0.9146634615384616 0.04807692307692308 0.07932692307692307