0 0.4987980769230769 0.17880053493282666 0.08173076923076923 0.11196241813160433
0 0.375 0.3119794691842047 0.040865384615384616 0.06319274752734066
0 0.35336538461538464 0.32804191923261583 0.03365384615384615 0.06505013597274206
0 0.33413461538461536 0.3463260628653915 0.055288461538461536 0.08111258602115311
0 0.21153846153846154 0.4254807692307692 0.07692307692307693 0.10576923076923077
0 0.125 0.4375 0.0673076923076923 0.08173076923076923
0 0.07091346153846154 0.4423076923076923 0.09375 0.07211538461538461
0 0.12379807692307693 0.3478413357719524 0.036057692307692304 0.0628284423883775
0 0.15384615384615385 0.3756125055765096 0.04326923076923077 0.0633749000968221
0 0.18870192307692307 0.3537405240882576 0.04326923076923077 0.06097105394297609
0 0.2283653846153846 0.3483311605379654 0.038461538461538464 0.05820290265016677
0 0.055288461538461536 0.3626480686175619 0.04326923076923077 0.06577874625066826
0 0.02403846153846154 0.37102566740543774 0.04567307692307692 0.07076859112784216
0 0.008413461538461538 0.4110576923076923 0.016826923076923076 0.09134615384615384
0 0.006009615384615385 0.3605769230769231 0.01201923076923077 0.04807692307692308
0 0.09014423076923077 0.5877403846153846 0.18028846153846154 0.21875
0 0.25600961538461536 0.5889423076923077 0.1658653846153846 0.22115384615384615
0 0.33653846153846156 0.5432692307692307 0.125 0.12980769230769232
0 0.4362980769230769 0.5552884615384616 0.12740384615384615 0.15384615384615385
0 0.5384615384615384 0.5108173076923077 0.10096153846153846 0.06490384615384616
0 0.8413461538461539 0.5661057692307693 0.27884615384615385 0.17548076923076922