0 0.47475961538461536 0.14423076923076922 0.01201923076923077 0.08173076923076923
0 0.5286112989555016 0.11691060700738697 0.09431151128087614 0.13272415375927735
0 0.5818316151817837 0.10556770817166491 0.06244605973782068 0.10446174083353267
0 0.6306628602134077 0.1276686433474694 0.06227820931698725 0.09725020237199408
0 0.6711086187767089 0.14807762711427147 0.07463314092788473 0.11237331976946982
0 0.7419651252358435 0.2063644084222031 0.10700214373344033 0.16227034807982987
0 0.8336200097925743 0.1467108658263482 0.055010720715170984 0.09442633193350886
0 0.9008717519599888 0.1530349386368279 0.07692508680117527 0.10770563555665738
0 0.9299417063672538 0.14509965116000054 0.06233415945726506 0.0996540485258405
0 0.984375 0.21033653846153846 0.03125 0.12259615384615384
0 0.9915865384615384 0.15745192307692307 0.016826923076923076 0.0889423076923077