1 0.38461538461538464 0.057692307692307696 0.08173076923076923 0.11538461538461539
1 0.21394230769230768 0.057692307692307696 0.08173076923076923 0.11538461538461539
1 0.3016826923076923 0.05048076923076923 0.06490384615384616 0.10096153846153846
1 0.06399042881143643 0.07011324322334132 0.05566106874132068 0.09158789270419199
1 0.16706730769230768 0.046875 0.055288461538461536 0.09375
1 0.03365384615384615 0.03485576923076923 0.038461538461538464 0.06971153846153846
1 0.484375 0.5228365384615384 0.1466346153846154 0.2620192307692308
1 0.054086538461538464 0.5204326923076923 0.10817307692307693 0.31490384615384615
1 0.10760855824263618 0.5421047437634278 0.1729109632906924 0.2942464078206675
1 0.3587641858130095 0.5133283512498722 0.18339010501624564 0.2684340013216656
1 0.7611984044399206 0.5494353616515943 0.09708648573622423 0.10334494137681624