0 0.03762818871391804 0.20679097839799424 0.035116145852646025 0.05583393231746843
0 0.06850961538461539 0.45072115384615385 0.06009615384615385 0.016826923076923076
0 0.051682692307692304 0.43028846153846156 0.055288461538461536 0.057692307692307696
0 0.17668269230769232 0.4411057692307692 0.055288461538461536 0.036057692307692304
0 0.14231248975505664 0.4131501973047054 0.05552356816900318 0.07299652971993408
0 0.2362558530443329 0.3970697283992617 0.05295162871721578 0.07055072427539517
0 0.33352757562613156 0.39416845404927897 0.051052062457193105 0.07772030344624074
0 0.31675119253187883 0.3607663636395898 0.042831964208007826 0.06317134865108529
0 0.4026442307692308 0.42908653846153844 0.06009615384615385 0.06009615384615385
0 0.42325157315050954 0.3865853652636825 0.05054778256336963 0.07050876498470214
0 0.5090083448569008 0.39110542582870234 0.05311972201515703 0.07295457042924133
0 0.5252403846153846 0.4338942307692308 0.04567307692307692 0.05048076923076923
0 0.10844057028703896 0.8405461975541759 0.06838326542793959 0.08522555694262889
0 0.484375 0.9627403846153846 0.10336538461538461 0.07451923076923077
0 0.5192307692307693 0.9555288461538461 0.057692307692307696 0.0889423076923077
0 0.4576200958038254 0.877773290463639 0.03701571211266897 0.04866435314662272
0 0.497443413965263 0.8277391770773218 0.02946798705524801 0.04373078296685188
0 0.53125 0.8353365384615384 0.03365384615384615 0.055288461538461536
0 0.5637019230769231 0.5889423076923077 0.03125 0.10576923076923077
0 0.5661057692307693 0.53125 0.036057692307692304 0.0625
0 0.597589755928431 0.5496449369402758 0.06307129322642388 0.07793009989970492
0 0.6640822517377528 0.5196029433093763 0.0527835354192748 0.06814687812154888
0 0.9074519230769231 0.49158653846153844 0.055288461538461536 0.06490384615384616
0 0.9399038461538461 0.5985576923076923 0.1201923076923077 0.15384615384615385
0 0.9326923076923077 0.7872596153846154 0.1346153846153846 0.4254807692307692
0 0.9491061142664632 0.517034613516122 0.06597941927409323 0.08518359765193614
0 0.9867788461538461 0.48677884615384615 0.026442307692307692 0.055288461538461536