0 0.14783653846153846 0.27283653846153844 0.1201923076923077 0.28725961538461536
0 0.0829326923076923 0.2548076923076923 0.09014423076923077 0.22355769230769232
0 0.13341346153846154 0.11177884615384616 0.08774038461538461 0.16346153846153846
0 0.29086538461538464 0.45552884615384615 0.1502403846153846 0.3161057692307692
0 0.6334134615384616 0.3449519230769231 0.12980769230769232 0.28966346153846156
0 0.6189903846153846 0.1814903846153846 0.12259615384615384 0.21033653846153846
0 0.5661057692307693 0.21514423076923078 0.09254807692307693 0.25
0 0.8509615384615384 0.16706730769230768 0.08653846153846154 0.18629807692307693
0 0.9146634615384616 0.45552884615384615 0.14543269230769232 0.34975961538461536
0 0.9579326923076923 0.3088942307692308 0.07572115384615384 0.2764423076923077
0 0.9242788461538461 0.23317307692307693 0.08774038461538461 0.21995192307692307