0 0.0889423076923077 0.25961538461538464 0.1778846153846154 0.5192307692307693
0 0.1346153846153846 0.1310096153846154 0.23076923076923078 0.2620192307692308
0 0.4963942307692308 0.21754807692307693 0.036057692307692304 0.21394230769230768
0 0.5801814406969498 0.42052394828762785 0.12026717983454799 0.23896609639590155
0 0.6316479481948143 0.25130667251212685 0.1145776258562276 0.22177486818001546
0 0.8257211538461539 0.11057692307692307 0.16105769230769232 0.22115384615384615
0 0.052884615384615384 0.5889423076923077 0.10576923076923077 0.08173076923076923
0 0.3004807692307692 0.5865384615384616 0.16826923076923078 0.07692307692307693
0 0.5216346153846154 0.8641826923076923 0.08653846153846154 0.20432692307692307
0 0.6098754705486281 0.6792228924224981 0.13748226524673868 0.2019617784902158
0 0.7611713547637062 0.7570538933764297 0.038955237796898794 0.058020750080685184
0 0.5819962721346268 0.8840604104572803 0.05716794349909467 0.08573812575936383
0 0.6191928973999116 0.8800351225533928 0.044770772013880404 0.07761582445041745
0 0.5963035904383267 0.8347084193939861 0.04907454336692806 0.068364744973996
0 0.6123167527735943 0.794880736661336 0.03389558501188429 0.05284875263402984
0 0.5575322121897774 0.8086856303747967 0.0366773718817138 0.06024244366504975