1 0.17964791511367753 0.25411346264013634 0.10847519688621911 0.14297374565440507
1 0.8425480769230769 0.3798076923076923 0.04567307692307692 0.019230769230769232
0 0.021634615384615384 0.9663461538461539 0.04326923076923077 0.0673076923076923
0 0.13942307692307693 0.9891826923076923 0.052884615384615384 0.021634615384615384
0 0.0797537130974213 0.9119413138985291 0.05037968926542865 0.0678391466728668
0 0.17607565254920848 0.9154640113474796 0.048480123005405835 0.07502271385202779
0 0.1616190689598313 0.8804683857048222 0.04283196420800796 0.06294754051804165
0 0.24519230769230768 0.9627403846153846 0.057692307692307696 0.07451923076923077
0 0.2659677433715276 0.9129071652058705 0.0479758431115825 0.06781117539048918
0 0.3519766550248305 0.9235155303456603 0.05071587586131061 0.07264683898055911
0 0.38221153846153844 0.9723557692307693 0.07692307692307693 0.055288461538461536
0 0.42563014931302046 0.9291763467658695 0.06374366641818832 0.08720977231552414
0 0.49158653846153844 0.7487980769230769 0.04567307692307692 0.08413461538461539
0 0.51407641378647 0.6945881938867813 0.053792095206921485 0.08229019487832136
0 0.5720796380833247 0.7168801344072704 0.061507913562283426 0.08958564718699281
0 0.5983791224690265 0.6979710349238437 0.04590818355361857 0.07259089641580402
0 0.6680906609305649 0.6987822021127943 0.058767880812555046 0.08474998359692275
0 0.7043246832111634 0.7532463528864306 0.07520807731092546 0.11376396513734204
0 0.7127051980497646 0.5467813108382485 0.03444377266088157 0.046036703593985845
0 0.7656985701082457 0.7035208082798566 0.06681988576379908 0.09685312821328623
0 0.8798076923076923 0.9543269230769231 0.125 0.09134615384615384
0 0.9093239794798511 0.7652392965039118 0.08018386291655889 0.1162237538559437
0 0.8934638728493093 0.6929980411178279 0.06323938652436513 0.07999823385398568
0 0.8577088604711991 0.6625583662414645 0.05295162871721605 0.07027096410909059
0 0.9424065324072732 0.6887637600988766 0.06066744707257772 0.07756641641776205
0 0.9309673915058714 0.6453966298413243 0.05261544212133355 0.06546327180139827