0 0.021634615384615384 0.021634615384615384 0.04326923076923077 0.04326923076923077
0 0.055455542899922605 0.060532729459058195 0.07318803229264258 0.10291999228528462
0 0.1310096153846154 0.038461538461538464 0.06971153846153846 0.07692307692307693
0 0.04447115384615385 0.40865384615384615 0.0889423076923077 0.22115384615384615
0 0.14673393584909752 0.3124083766765935 0.15358760304682362 0.20604981890882795
0 0.23076923076923078 0.1814903846153846 0.09615384615384616 0.16105769230769232
0 0.25600961538461536 0.13221153846153846 0.04567307692307692 0.13942307692307693
0 0.29447115384615385 0.4170673076923077 0.03125 0.10336538461538461
0 0.35624003686134154 0.3752411936373038 0.07559187844648872 0.10298993706470419
0 0.49141433228101483 0.24553480540807623 0.11853367594417975 0.1810321304584933
0 0.6786224618208103 0.23533052581308825 0.10737820228511771 0.1543100436485075
0 0.8161554294630103 0.27183924609634286 0.11458974074665616 0.15451987798676606
0 0.9591346153846154 0.29927884615384615 0.08173076923076923 0.15625
0 0.025240384615384616 0.7151442307692307 0.05048076923076923 0.09375
0 0.07081125940537775 0.7287649652837812 0.05496102826692187 0.07839191729088668
0 0.048872919290112726 0.692007825181894 0.03969790277456626 0.06354917169129265
0 0.09221215410678339 0.6920649081345219 0.03405016189759533 0.04898620520937673
0 0.10863090716951221 0.7202337247493991 0.04196174083353267 0.061215270316866056
0 0.1251659597862307 0.7050633658156258 0.031646315743749244 0.04891626042995716
0 0.15722156711940455 0.7541544881941319 0.0758718946362482 0.1077976293723965
0 0.21948784643619484 0.7186434922950041 0.03955789467968652 0.06114532553744649
0 0.18246195173478916 0.7548889083780366 0.04548565174641685 0.08051598432705472
0 0.23726038494117155 0.764911099843147 0.058484939179806045 0.09769263130107533
0 0.2668269230769231 0.7872596153846154 0.02403846153846154 0.0889423076923077
0 0.26802884615384615 0.8461538461538461 0.021634615384615384 0.1201923076923077