1 0.08533653846153846 0.03125 0.06009615384615385 0.0625
1 0.16998012487209627 0.05204878309412195 0.061229054694860244 0.06595282842116691
1 0.27315669267936304 0.03942722590202257 0.04688989635316897 0.07050876498470214
1 0.30225460226967393 0.0533467913367855 0.041830448301319725 0.056001769480239716
1 0.3641826923076923 0.04326923076923077 0.06490384615384616 0.08653846153846154
1 0.459958281090754 0.06502153471948201 0.06375877872078507 0.07320632617339826
1 0.5769014735231816 0.08341920142857208 0.04676401848109043 0.06329722652316369
1 0.5466016408559476 0.06952061563915553 0.04668009989970465 0.05848953421547138
1 0.8313315322146384 0.13255056631044432 0.09892315933957295 0.16033221778155932
1 0.9154871272446001 0.13228391421311828 0.09875532217680166 0.15071683316617468
1 0.9831730769230769 0.14783653846153846 0.03365384615384615 0.15625
1 0.7487980769230769 0.11778846153846154 0.06009615384615385 0.23557692307692307
1 0.7737711856865865 0.07223853271864887 0.07695286962941499 0.14072381493455474
1 0.984375 0.9471153846153846 0.03125 0.0673076923076923