0 0.027644230769230768 0.15865384615384615 0.055288461538461536 0.27884615384615385
0 0.09078488376576804 0.1849872222616876 0.14485516876238663 0.20028815371583902
0 0.14625089166299315 0.10428280520162649 0.08020028581426882 0.1437633278643497
0 0.09780461392091985 0.1218453315642836 0.07941669201495326 0.12453255863358045
0 0.20600422322194645 0.09936954603515916 0.06710361357097906 0.11662097969764318
0 0.31586078905963433 0.23526759047012127 0.19508697478742767 0.25597293099804996
0 0.3017438302416272 0.06537641233932821 0.08162463971897055 0.11986487442076801
0 0.40307472336831596 0.050894064064025975 0.056214889031706475 0.08481094731812423
0 0.4461398754008335 0.16611496281287152 0.08211438584354269 0.1318841051899988
0 0.4987980769230769 0.21514423076923078 0.06009615384615385 0.21394230769230768
0 0.5168269230769231 0.08774038461538461 0.02403846153846154 0.12740384615384615
0 0.7232127713943464 0.20499989028474055 0.048513604445595875 0.07237169226425412
0 0.7761953360038761 0.2104839145259416 0.043803861362818 0.07449552222834067
0 0.8207644390749445 0.21547791043506345 0.05341924597820261 0.07505555460785975
0 0.8453191791159279 0.20012107235437795 0.030805138344442814 0.04975702021548031
0 0.8734755982442384 0.24372846909036308 0.05670463515627889 0.09683017808735486
0 0.8983507183379149 0.20680701967250206 0.04331411523824586 0.0624762914591099
0 0.9650707152961207 0.1963041694060586 0.0332089844982891 0.04989702831036005
0 0.9879807692307693 0.18990384615384615 0.02403846153846154 0.052884615384615384
0 0.59375 0.8497596153846154 0.12980769230769232 0.3004807692307692
0 0.5540865384615384 0.609375 0.05048076923076923 0.16105769230769232
0 0.5432692307692307 0.5372596153846154 0.028846153846153848 0.10817307692307693
0 0.6036713956116058 0.62422659075247 0.11723747037110553 0.16990191082600767
0 0.605518168937357 0.5224131494512079 0.06891976437533852 0.10233791086944613
0 0.6897507335468868 0.5297172789258459 0.061022581339398925 0.08509096350788371
0 0.7549933118444915 0.6006651817004122 0.14053722257926646 0.21202736829531033
0 0.8331183118444913 0.6052154447840047 0.0974190057908496 0.15435876914389274
0 0.8334427820406265 0.5248966107724782 0.06342642749324508 0.08523097160276344
0 0.8175994413562903 0.4892007929724303 0.053321296753288186 0.0726517084540136
0 0.8824991973666941 0.551735234208535 0.07112771207935581 0.09767022665663341
0 0.8805891874808623 0.504860234208535 0.07333565978337311 0.09300254244382099
0 0.9675480769230769 0.49759615384615385 0.06490384615384616 0.09134615384615384
0 0.9903846153846154 0.4723557692307692 0.019230769230769232 0.0889423076923077
0 0.9795673076923077 0.5709134615384616 0.040865384615384616 0.13701923076923078