0 0.2824519230769231 0.4951923076923077 0.05048076923076923 0.04807692307692308
0 0.27403846153846156 0.3173076923076923 0.0673076923076923 0.14423076923076922
0 0.3317307692307692 0.453125 0.04807692307692308 0.13221153846153846
0 0.33653846153846156 0.34375 0.057692307692307696 0.10096153846153846
0 0.5180288461538461 0.45032327528575716 0.08413461538461539 0.11400514594892873
0 0.5625 0.3199054453940707 0.055288461538461536 0.08157975524995546
0 0.6610576923076923 0.2870433733264245 0.052884615384615384 0.07186642140965642
0 0.7439903846153846 0.3401545096822606 0.06009615384615385 0.08658334600747662
0 0.8341346153846154 0.3304717983633534 0.057692307692307696 0.0864853967825622
0 0.04567307692307692 0.7475961538461539 0.09134615384615384 0.15865384615384615
0 0.3161057692307692 0.5877403846153846 0.016826923076923076 0.07451923076923077
0 0.3389423076923077 0.5912115004391088 0.03365384615384615 0.05185205837957149
0 0.40384615384615385 0.5324519230769231 0.07211538461538461 0.026442307692307692
0 0.4951923076923077 0.7675371085119772 0.12980769230769232 0.19519310429922634
0 0.4987980769230769 0.6423901846746056 0.0673076923076923 0.09649257829760452
0 0.46033653846153844 0.616313141504006 0.036057692307692304 0.04954616145063977
0 0.5853365384615384 0.7374217048853777 0.0985576923076923 0.1626697643753385
0 0.6706730769230769 0.6522137381701456 0.07932692307692307 0.1017900167298691
0 0.75 0.636962182978738 0.06009615384615385 0.08898719216132278
0 0.9038461538461539 0.5300480769230769 0.07211538461538461 0.021634615384615384
0 0.890625 0.6853186917827812 0.08653846153846154 0.11891078748153561
0 0.9338942307692307 0.6306709903497058 0.052884615384615384 0.08388565217888719
0 0.9759615384615384 0.7620192307692307 0.04807692307692308 0.1778846153846154