0 0.018028846153846152 0.10336538461538461 0.036057692307692304 0.10096153846153846
0 0.09693461148602654 0.19760753215033444 0.10424645018771682 0.15987995012043849
0 0.061680264972535565 0.26896239905141256 0.09700694139054879 0.15448358508520216
0 0.18454213700717054 0.2132818857600875 0.07031290067757467 0.10905588764831009
0 0.2672650517976409 0.2425698417010237 0.10421847985208725 0.1550722578127462
0 0.34615384615384615 0.3088942307692308 0.1201923076923077 0.11778846153846154
0 0.2988996439125478 0.1739131573175638 0.07999821113203336 0.12186001538759957
0 0.4080648663953259 0.20104264659083854 0.07762233531381678 0.12647148345277706
0 0.4682798941679055 0.1757043482202796 0.0775943649781872 0.12166379114508476
0 0.5456730769230769 0.2980769230769231 0.08653846153846154 0.13942307692307693
0 0.5277886709658379 0.27176028061895124 0.10433036119460554 0.1743030270435154
0 0.5649038461538461 0.19591346153846154 0.04807692307692308 0.1658653846153846
0 0.036057692307692304 0.4723557692307692 0.07211538461538461 0.2091346153846154
0 0.20254301282538714 0.7449728943905384 0.10188455953731503 0.16689526433946228
0 0.34952026482146503 0.6741089848279126 0.0753303705024889 0.14550602844103175
0 0.3929705014171387 0.8459596055721605 0.13340027772579624 0.21511925641522986
0 0.5552884615384616 0.6694711538461539 0.0673076923076923 0.17548076923076922
0 0.6502403846153846 0.6790865384615384 0.12259615384615384 0.3581730769230769
0 0.6045673076923077 0.43509615384615385 0.03125 0.1346153846153846
0 0.625 0.39663461538461536 0.057692307692307696 0.057692307692307696
0 0.7451923076923077 0.3954326923076923 0.07692307692307693 0.055288461538461536
0 0.8713942307692307 0.3737980769230769 0.07451923076923077 0.01201923076923077