1 0.26322115384615385 0.109375 0.17067307692307693 0.21875
1 0.10096153846153846 0.109375 0.20192307692307693 0.21875
1 0.8497596153846154 0.17427884615384615 0.1658653846153846 0.0889423076923077
1 0.27524038461538464 0.3485576923076923 0.1466346153846154 0.25961538461538464
1 0.5009381091483339 0.49985845945748386 0.062028106609279786 0.08958564718699254
1 0.8940938943375065 0.5253052604294444 0.06071717587232314 0.10398075282769198
1 0.9545902160732092 0.5510203147799343 0.05481656814774119 0.08950173333985981
1 0.4309533418325731 0.5042753958772037 0.06443195276312601 0.0896136184693703
1 0.8325225885602072 0.5296242973608426 0.062028106609279925 0.08958564718699254
1 0.5830883970522215 0.4616757917544074 0.06184595403979827 0.08718180103314638
1 0.6488657238946132 0.4969363025143379 0.06221025917876137 0.0919894933408387
1 0.7136964251390114 0.5129940153258767 0.04928026556212281 0.07983040615971995
1 0.7698225046154329 0.5171443824976953 0.06221025917876151 0.09198949334083882
1 0.9879807692307693 0.5685096153846154 0.02403846153846154 0.0889423076923077