0 0.38648256414198695 0.17388798459748 0.056700221254591114 0.09306301678511576
1 0.2741077147368217 0.8246195249174 0.07984767632067666 0.11646365035236309
1 0.10554404071297399 0.7571150132689444 0.07588045050269006 0.1280904326365645
1 0.34533209287983024 0.7972944064998592 0.0809067760909939 0.09742910536410868
1 0.17438160601850655 0.7981032859935042 0.0680470788320573 0.08442875338230439
1 0.2764423076923077 0.9158653846153846 0.13942307692307693 0.16826923076923078
1 0.15060352110192182 0.7450714032439614 0.07028283168796233 0.08222113147097304
1 0.02398080481370596 0.5904889125731703 0.02946798705524801 0.045427697436892074
0 0.6233113903120635 0.5052990463783106 0.04747156321775902 0.06362819021141788
0 0.7955478468992809 0.5031901316864851 0.0611717269664012 0.0886477729624528
0 0.7541787423565129 0.6846313610581997 0.09114399391547255 0.14128700886088333
0 0.8715804773164219 0.6463664435713417 0.10003646535642229 0.16591414312688904
0 0.9350961538461539 0.7427884615384616 0.12980769230769232 0.19230769230769232
0 0.9566060991734132 0.660936986225429 0.06665179246585796 0.09865560606286677