0 0.12315136916713577 0.39195110971699426 0.06138283283552381 0.11127620513636316
0 0.0373113476228004 0.8693235138079738 0.02448600205650325 0.03874125128531452
0 0.1298594245458773 0.868246619436436 0.017246492312587236 0.03625349128433551
0 0.22367935275182133 0.8611461240390939 0.01959439590167815 0.031473770259020824
0 0.2873952614699332 0.8592029619791641 0.017218521030209617 0.03384964513048935
0 0.34749141531608707 0.858503679919724 0.024458030774125696 0.036337405131468506
0 0.43753774659699624 0.8658682183690252 0.021998242055524305 0.03150174154139844
0 0.4544345978798633 0.8596628040077666 0.022054184620279544 0.03630943384909075
0 0.5414057722298637 0.924747621431753 0.027001733339859814 0.04838460718307676
0 0.5868830501762974 0.9410430901435016 0.031725511800419125 0.04122901128629353
0 0.36899038461538464 0.9747596153846154 0.04567307692307692 0.05048076923076923
0 0.3441365455614023 0.9402624204328708 0.036645089237622046 0.05090033846643339
0 0.29716364607308066 0.9492213219776957 0.03180942564755212 0.048440549747832
0 0.13122833325175198 0.9571609558463661 0.022166069749789886 0.04592481846447537
0 0.15171696812419946 0.952115507638464 0.02451397333888094 0.04114509743916068
0 0.17564354453315068 0.9614511794300726 0.02691781949272709 0.041173068721538295
0 0.237123434791682 0.9451129117294435 0.029433550776083586 0.05081642461930053
1 0.6213942307692307 0.5192307692307693 0.026442307692307692 0.08173076923076923