1 0.41466346153846156 0.20192307692307693 0.0889423076923077 0.21153846153846154
1 0.054086538461538464 0.29086538461538464 0.10817307692307693 0.09615384615384616
0 0.4807692307692308 0.25600961538461536 0.04326923076923077 0.12259615384615384
1 0.09951933328846362 0.595496169264845 0.12447022976545355 0.16891401081863905
0 0.5229416870685366 0.8990795164409242 0.11714680617440468 0.1588364898202577
0 0.6826923076923077 0.9278846153846154 0.15384615384615385 0.14423076923076922
0 0.4639423076923077 0.7379807692307693 0.009615384615384616 0.0625
0 0.5127545752950391 0.7408573660590062 0.04402445539342616 0.0676766644518274
0 0.5156619045316821 0.6977421807507744 0.03661711795524443 0.050387604991907316
0 0.5969451332444097 0.7414412648862773 0.0562394851393002 0.08527381483374523
0 0.6309905773515424 0.7099440551864167 0.048860118983496154 0.07038860152767129
0 0.704028172220074 0.7386809032853463 0.05369578257356595 0.07310053860351545
0 0.7043638276086053 0.7098347494391924 0.043968512828670855 0.0628689721441351
0 0.9404014347794447 0.7887101504245126 0.08788108309258674 0.12093025198057789
0 0.8928979229912627 0.7363503950506872 0.060991234882237406 0.08077421344805093