0 0.02403846153846154 0.3269230769230769 0.04807692307692308 0.18269230769230768
0 0.0947955548279041 0.3052280049815064 0.07633736412377523 0.16146089223617507
0 0.18686811995056168 0.35256498156762456 0.07136184412181734 0.14670162871721593
0 0.3112980769230769 0.2704326923076923 0.06490384615384616 0.21875
0 0.4304257917544074 0.12165404742466765 0.07384960412279629 0.1540812604766955
0 0.47596153846153844 0.052884615384615384 0.0625 0.10576923076923077
0 0.5120192307692307 0.02403846153846154 0.04807692307692308 0.04807692307692308
0 0.6217676327547583 0.3214836348320056 0.11301042464377503 0.21686690708990744
0 0.6345569158546873 0.1527689008265868 0.07359786258139778 0.1324466450920801
0 0.6394230769230769 0.04326923076923077 0.052884615384615384 0.08653846153846154
0 0.625 0.018028846153846152 0.038461538461538464 0.036057692307692304
0 0.8088942307692307 0.009615384615384616 0.03125 0.019230769230769232
0 0.8317307692307693 0.02403846153846154 0.03365384615384615 0.04807692307692308
0 0.8762282102286725 0.05900130754377683 0.05143179283160803 0.08526072848753295
0 0.8834134615384616 0.007211538461538462 0.03125 0.014423076923076924
0 0.9245568748469941 0.040728558117984065 0.04410836924055909 0.075141063978325
0 0.922571755863498 0.10795220377670578 0.04209612103999934 0.10862681683422998
0 0.9831730769230769 0.22716346153846154 0.03365384615384615 0.1466346153846154
0 0.9783653846153846 0.08173076923076923 0.04326923076923077 0.10096153846153846
0 0.06610576923076923 0.6947115384615384 0.13221153846153846 0.19230769230769232
0 0.125 0.6394230769230769 0.09134615384615384 0.08173076923076923
0 0.234375 0.6959134615384616 0.0889423076923077 0.17067307692307693