0 0.006009615384615385 0.051682692307692304 0.01201923076923077 0.07451923076923077
0 0.013221153846153846 0.030048076923076924 0.026442307692307692 0.05048076923076923
0 0.03301740674521229 0.06484028346325796 0.03797077948916876 0.053472045454315026
0 0.0827868135053452 0.059690833537845586 0.029385671330027698 0.036519244505313415
0 0.09762691653528649 0.06957895354273365 0.03497826060777871 0.04621854770208381
0 0.14624355546216636 0.09329663710882151 0.03777455524665422 0.051068199300468874
0 0.1687122230605105 0.11294699924651902 0.06215631002647507 0.0850996790705505
0 0.21983062189641098 0.07652656967576028 0.03316308718147645 0.05338812687292938
0 0.2830419843670474 0.08364810626373562 0.04596721492076593 0.06321330794177818
0 0.30830694660426705 0.09853273538443379 0.04017840140050037 0.05111015859116163
0 0.3269490431074923 0.10607994817151482 0.05357120186733374 0.06814687812154888
0 0.3440948801700223 0.11721195054401871 0.0347820363652639 0.04381470154823766
0 0.3858173076923077 0.1502403846153846 0.04567307692307692 0.10336538461538461
0 0.4362980769230769 0.5192307692307693 0.055288461538461536 0.07211538461538461
0 0.44532677247174657 0.49277294143074357 0.04577099067825138 0.06080946178793202
0 0.6442307692307693 0.6069711538461539 0.09134615384615384 0.08413461538461539
0 0.6178152211872086 0.5619836981727823 0.06397148345277706 0.07793009989970465
0 0.7838768300451077 0.5624750430767413 0.06156763729893118 0.07788814060901217
0 0.8166476671076379 0.5738797808387487 0.07334148858197682 0.10449828546409087
0 0.832198537509967 0.41286404782174924 0.03777455524665422 0.051068199300468874
0 0.9218036475274896 0.5684934715223484 0.0615676372989309 0.07788814060901217
1 0.7031257934643317 0.8129879913805959 0.11410856271002136 0.16281998251679125
1 0.5155768365867444 0.8398052029203249 0.1557096890517945 0.201952869629415
1 0.8110289132793886 0.7739478359103494 0.04356336876691977 0.06317134865108529