1 0.9311839952343903 0.08093340163396376 0.09321541418750293 0.13042583582140127
1 0.7908058449020706 0.048336465576239926 0.06020169084624664 0.095680715620938
1 0.6386076557777959 0.05747106058109544 0.04667069721308191 0.06641484098762372
1 0.5876808449020706 0.04124318427322864 0.03845131684225427 0.046932239284558225
0 0.055288461538461536 0.4723557692307692 0.08173076923076923 0.04567307692307692
0 0.15329291479747936 0.526633122290635 0.07563260967861286 0.11541514979629976
0 0.2536057692307692 0.5048076923076923 0.07451923076923077 0.11057692307692307
0 0.36778846153846156 0.9831730769230769 0.0673076923076923 0.03365384615384615
0 0.4639423076923077 0.9242788461538461 0.15865384615384615 0.15144230769230768
0 0.59375 0.9350961538461539 0.10576923076923077 0.12980769230769232
0 0.7894149514671558 0.7622406307286421 0.192120382353326 0.2778464830345898
0 0.9927884615384616 0.9350961538461539 0.014423076923076924 0.09134615384615384