0 0.006009615384615385 0.014423076923076924 0.01201923076923077 0.028846153846153848
0 0.016828043009802913 0.0298623502774291 0.03170373991115305 0.04204077531435802
0 0.03692454872161296 0.03550261099689418 0.024156014853732363 0.036939235331922296
0 0.05500393485812944 0.0699890255625131 0.03461186595882261 0.04935026300081091
0 0.08334580881045987 0.07837595472302497 0.03187183320909416 0.044444621468204173
0 0.13881939696323264 0.14693045457665546 0.042831964208007896 0.06406718759863111
0 0.1859465369101443 0.14523469523171798 0.0479758431115825 0.06907077835615229
0 0.21308648778555173 0.15357264977977256 0.0395876515644561 0.05195000760448592
0 0.26610568980180804 0.18827740502972795 0.037856178602374405 0.06146744299495611
0 0.29128729775955714 0.207383692657633 0.03718380541060995 0.05185205837957149
0 0.3191836684756997 0.2049043395133799 0.040428118054161674 0.0639692383737167
0 0.28735357860787075 0.16021484498288968 0.029131800459365784 0.03953897993559744
0 0.31122394684839116 0.16359818338588036 0.024660294747555704 0.04415077379346089
0 0.33562386497407015 0.17664588101671277 0.02398792155579125 0.034535389178076276
0 0.25786855823625265 0.1337011204436172 0.03136755331527082 0.03723308300666572
0 0.2213400927010372 0.10448970207575534 0.029299893757306898 0.041942826089443594
0 0.19968020732508668 0.08673226136214492 0.026896047603460742 0.04184487686452917
0 0.18249182766094615 0.0739784114060558 0.028627520565542443 0.03232744147405898
0 0.16057156566311884 0.1116563560682787 0.02449220144961459 0.0417469276396146
0 0.12314385698056232 0.11254198923595095 0.03187183320909416 0.044444621468204173
0 0.1333810748050411 0.06956660614146347 0.02398792155579125 0.034535389178076276
0 0.11448649217015418 0.0639753200344556 0.02365173495990895 0.02972769687038397
0 0.08464001521131863 0.025393390113495166 0.023819828257850135 0.03213154302423012
0 0.0733173076923077 0.003605769230769231 0.016826923076923076 0.007211538461538462
0 0.11717598493721226 0.025513781572917137 0.018339762758393236 0.022320259959016518
0 0.1272116027974497 0.01989596308795953 0.0212478888060628 0.029629747645469405
0 0.13484337450384098 0.0141801953780875 0.01593591660454708 0.022222310734102087
0 0.11658653846153846 0.006009615384615385 0.016826923076923076 0.01201923076923077
0 0.098533542249237 0.01631672623514004 0.021079795508121616 0.027225901491623388
0 0.3648820153901117 0.22364127247613474 0.0347799592567638 0.051754109154657064
0 0.4084286560975894 0.23867448698320592 0.032376113102917645 0.05165615992974264
0 0.4338942307692308 0.24639423076923078 0.01201923076923077 0.04567307692307692
0 0.4362980769230769 0.20552884615384615 0.007211538461538462 0.036057692307692304
0 0.43149038461538464 0.20072115384615385 0.016826923076923076 0.036057692307692304
0 0.417295857547204 0.19805397543010744 0.02896370716142467 0.03713513378175129
0 0.39239165952770166 0.19221781626081344 0.024324108151673476 0.03934308148576859
0 0.3788343190856655 0.19648678783147625 0.027064140901401856 0.04424872301837532
0 0.37836354585814236 0.16874460783733106 0.023819828257850135 0.03213154302423012
0 0.39767836173788224 0.16832627855972354 0.021079795508121616 0.027225901491623253
0 0.42291874635326676 0.16935474542132523 0.016104009902488194 0.024626156887948242
0 0.4338942307692308 0.16947115384615385 0.01201923076923077 0.03125
0 0.2724091884746004 0.09813317426049718 0.026559861007578515 0.03703718455683686
0 0.27614954433701056 0.13082997039970634 0.021415982104003844 0.032033593799315696
0 0.2954896302080855 0.14728753881147924 0.029299893757306898 0.041942826089443594
0 0.3136612996685376 0.12874241415511115 0.0263917677096374 0.0346333384029907
0 0.31003026044643317 0.11171959262835908 0.02398792155579125 0.034535389178076276
0 0.34820615229475965 0.15184626791344322 0.02365173495990902 0.02972769687038397
0 0.361486082798549 0.13430716788416927 0.01644019649837056 0.02943384919564055
0 0.37420295675087945 0.14205742708273722 0.016104009902488194 0.024626156887948242
0 0.38734006394806275 0.14379807089668978 0.016272103200429308 0.027030003041794395
0 0.401679094222169 0.1455876893230995 0.018507856056334485 0.024724106112862805
0 0.4077474862644198 0.12775474161908226 0.01576782330660597 0.019818464580255934
0 0.42130482670645597 0.12348577004841946 0.013532070450700928 0.02212436150918766
0 0.4136477850087295 0.1123256400689112 0.010792037700972546 0.01721871997658079
0 0.4038643070954038 0.1143376893230995 0.01096013099891366 0.01962256613042694
0 0.3874828872546687 0.12451832705346327 0.013532070450700928 0.022124361509187524
0 0.38754166391230405 0.10644050628715991 0.013532070450700928 0.022124361509187524
0 0.36970618104773423 0.1201779386358357 0.0131958838548187 0.017316669201495216
0 0.3395152808180513 0.13823331716763151 0.02141598210400398 0.032033593799315696
0 0.33809472446051675 0.10683639333025988 0.018507856056334485 0.02472410611286267
0 0.34888676216148934 0.09040126715299465 0.013363977152759814 0.01972051535534137
0 0.3386577810119756 0.08154703410241805 0.010623944403031434 0.014814873822734772
0 0.29929699940309606 0.110076898039321 0.01644019649837056 0.02943384919564055
0 0.2960021467768739 0.08824638420487677 0.013532070450700928 0.02212436150918766
0 0.3087777973868398 0.07791882263714128 0.01096013099891366 0.01962256613042694
0 0.3175274455211836 0.07345395261664961 0.010792037700972546 0.01721871997658079
0 0.32510044056993953 0.08581600567308087 0.010792037700972546 0.01721871997658079
0 0.29841422960568514 0.036514717284727174 0.0131958838548187 0.017316669201495216
0 0.27889781376170397 0.0742906111718645 0.013363977152759814 0.01972051535534137
0 0.2854369790314779 0.08419984346199254 0.013363977152759814 0.01972051535534137
0 0.2554476787660364 0.06489765738425855 0.013532070450700928 0.022124361509187524
0 0.2656766599155501 0.07375189043483509 0.016104009902488333 0.024626156887948242
0 0.251808402868967 0.0997044520025705 0.018844042652216713 0.029531798420554978
0 0.2385032023738425 0.10036765434246415 0.01901213595015769 0.03193564457440113
0 0.24378990458402308 0.07647611664137426 0.01593591660454708 0.022222310734102087
0 0.2364690494821789 0.060508294354173695 0.013363977152759814 0.019720515355341507
0 0.24435296113548188 0.05118675741353243 0.010792037700972546 0.017218719976580924
0 0.2530185626208551 0.04792381046996376 0.01096013099891366 0.01962256613042708
0 0.21751569018965655 0.0729948290134692 0.01901213595015769 0.03193564457440113
0 0.2129348678375407 0.05231726364349075 0.01593591660454708 0.022222310734102087
0 0.23001393086137553 0.04939713898712265 0.01593591660454708 0.022222310734102087
0 0.2100602484561714 0.02447713442443112 0.013027790556877451 0.014912823047649062
0 0.19663749464577626 0.061295978296931446 0.018844042652216713 0.029531798420554978
0 0.19806628767827578 0.040863285989239134 0.016104009902488333 0.024626156887948242
0 0.17824719190471267 0.04849315372838511 0.018171669460452122 0.019916413805170362
0 0.1914430757595313 0.03215597677603425 0.013532070450700928 0.02212436150918766
0 0.19605740477794734 0.017879823690329033 0.013532070450700928 0.022124361509187524
0 0.35603952396539235 0.1087729355940413 0.013363977152759814 0.01972051535534137
0 0.3736228668830505 0.09864127247613474 0.010792037700972546 0.01721871997658079
0 0.06543451597188454 0.0414856940035599 0.02672795430551963 0.039441030710683014
0 0.050734029110560734 0.02762787019546213 0.024156014853732363 0.036939235331922435
0 0.06009615384615385 0.008413461538461538 0.019230769230769232 0.016826923076923076
0 0.49278846153846156 0.42788461538461536 0.10576923076923077 0.25961538461538464
0 0.6068706338472531 0.10768941245924354 0.08342817556011067 0.13044027212619408
0 0.7748036780206017 0.11935355051094725 0.1104923164615126 0.1746889951445693
0 0.8914830597725156 0.2434372948218832 0.1463983888211939 0.27682592430508113
0 0.9855769230769231 0.2403846153846154 0.028846153846153848 0.1971153846153846
0 0.016826923076923076 0.9350961538461539 0.03365384615384615 0.12980769230769232
0 0.04744741315930371 0.7440413507451387 0.0424957776121256 0.05925949529093881
0 0.06129919685595676 0.821748021467531 0.05345590861103926 0.07888206142136589
0 0.10272763802280019 0.7981237990632348 0.0424957776121256 0.05925949529093881
0 0.10402184442365889 0.745141234453705 0.03735189870855106 0.05425590453341765
0 0.17789397199246026 0.7746689427308179 0.03718380541060995 0.05185205837957149
0 0.1607143889697248 0.8824502227542369 0.09717887929142308 0.12141258286029619
0 0.1953850315861828 0.8175688188348983 0.04747156321775902 0.061859239894613956
0 0.20500865287653255 0.766130999589492 0.02896370716142453 0.03713513378175122
0 0.26895447922540217 0.8169505009640198 0.03975574486239708 0.05435385375833208
0 0.27561119781044696 0.790704091721541 0.03119946001732971 0.034829236852819564
0 0.3245456206934457 0.8493493592850434 0.06804707883205743 0.08187360292469875
0 0.33052884615384615 0.9471153846153846 0.10336538461538461 0.10576923076923077
0 0.37379919685595675 0.8344814207064093 0.05759122772696711 0.06946257525581026
0 0.36301539582994924 0.7990869307386106 0.04439534387214841 0.05214590605431478
0 0.9033770605179505 0.8608665734993756 0.06357557312024707 0.0864853967825622
0 0.6105769230769231 0.984375 0.07692307692307693 0.03125
0 0.4699519230769231 0.9711538461538461 0.06009615384615385 0.057692307692307696