0 0.007211538461538462 0.265625 0.014423076923076924 0.04567307692307692
0 0.013221153846153846 0.25240384615384615 0.026442307692307692 0.04807692307692308
0 0.05414020193761161 0.24976384473407592 0.031086283364230163 0.040310083993525966
0 0.08906597521582071 0.24873210862651413 0.02854242911550414 0.037752192378680806
0 0.09932325052860932 0.23842351943663426 0.02373473680781183 0.037444101456682796
0 0.14039864728631363 0.23941051583042125 0.033210113328316845 0.035656437146832656
0 0.14288435175804481 0.21994867840815352 0.02359472871293196 0.035040255302836644
0 0.17504440437476318 0.23357108741516713 0.025858566771898513 0.03279045460998949
0 0.20488246915552055 0.22803974992191092 0.030946275269350565 0.03790623783967981
0 0.2504973963016025 0.2034012480478159 0.02599857486677811 0.035194300763835645
0 0.2770797120887901 0.20411059413067356 0.026138582961658257 0.037598146917681805
0 0.3131374043964824 0.20179991221568924 0.031086283364230163 0.040310083993525966
0 0.3684377202053889 0.1777471515745215 0.02854242911550414 0.037752192378680806
0 0.4066892465246077 0.17167665496776896 0.03589397567192247 0.04061817491552384
0 0.44119499551817754 0.16343338039866878 0.025998574866778385 0.035194300763835645
0 0.4578119064527809 0.15874929294090678 0.01822700402572071 0.025116779765454293
0 0.3188670035913382 0.19660710625549957 0.02063085017956686 0.025270825226453162
0 0.5258789105870973 0.35398340886503654 0.08053957884906077 0.10814079390635224
0 0.6282760928087687 0.3100228159269666 0.06796031570031093 0.09775518198597274
0 0.7668269230769231 0.3798076923076923 0.10576923076923077 0.1201923076923077
0 0.7451663560009567 0.266339873299826 0.0733280403875223 0.10767865752335536
0 0.8652886596458246 0.2574356771729551 0.08562728734651269 0.11325657713604241
0 0.9627403846153846 0.35096153846153844 0.07451923076923077 0.15865384615384615
0 0.9639282102714019 0.23181202131072928 0.06625651002086358 0.10962036729420464
0 0.007211538461538462 0.7043269230769231 0.014423076923076924 0.0625
0 0.014805295245920181 0.7029335844478507 0.029102461495023355 0.04736757699406542
0 0.06606796326897321 0.6924100685748347 0.04196174083353267 0.06256088122213709
0 0.04401332359971855 0.6865849392622868 0.02896245340014348 0.04496373084021927
0 0.13769331955227862 0.6793752432064045 0.03687403233608076 0.05744509799244691
0 0.2105798702647325 0.563714819916516 0.06273259910797926 0.09023555260243647
0 0.2836171617672807 0.5542087410483554 0.05820492299004671 0.09473515398813086
0 0.31818106053784523 0.56767710459437 0.049453295484830746 0.06783070991282629
0 0.31540236403067906 0.7271011780532108 0.0951026638670177 0.11146891282619215
0 0.3449829995873364 0.8000029314819527 0.09496265577213756 0.10906506667234599
0 0.3136855825055562 0.8840443826277062 0.09015496346444525 0.10875697575034812
0 0.010817307692307692 0.640625 0.021634615384615384 0.036057692307692304
0 0.008413461538461538 0.6033653846153846 0.016826923076923076 0.03365384615384615
0 0.07884650586482805 0.6011104968481118 0.025998574866778385 0.035194300763835645
0 0.050630388445633216 0.6137763500724069 0.020770858274446732 0.027674671380299314
0 0.03584543701491177 0.629200722491977 0.01822700402572071 0.025116779765454227
0 0.09941920626740017 0.6022049565834668 0.025718558677018777 0.03038660845614334
0 0.1593053479712344 0.5947480508277236 0.020770858274446732 0.027674671380299314
0 0.13173112124944344 0.5977214967061347 0.020770858274446732 0.027674671380299314
0 0.1567259309111733 0.6540273952494519 0.021190882559086077 0.034886209841837774
0 0.12965358679190667 0.6449045876281326 0.018086995930840972 0.02271293361160807
0 0.5262041007081762 0.7267409777948137 0.075451870351609 0.10302501067666206
0 0.5330311776964105 0.6575381578357031 0.041681724643773066 0.05775318891444478
0 0.5083626797309901 0.6482613047533851 0.039417886584806786 0.06000298960729207
0 0.5101483437283224 0.6167802365618866 0.028402421020624537 0.035348346224834654
0 0.5579333963450408 0.6294013500724069 0.02868243721038401 0.04015603853252696
0 0.5753666473080327 0.6801597696141055 0.05510103636180146 0.08256187775790107
0 0.5862076635412306 0.6384471349632267 0.03913787039504731 0.05519529729959976
0 0.6034083153962432 0.6023590020444658 0.02896245340014348 0.04496373084021927
0 0.615263829529704 0.6402043586620084 0.04436558698737883 0.0627149266831361
0 0.653911671592672 0.6823648305931779 0.06541646145158489 0.09519729037112772
0 0.625952983397577 0.6165975928954752 0.036313999956561815 0.047829713377062294
0 0.6562110724629735 0.6182777938637574 0.03150630764886951 0.04752162245506442
0 0.6526171575026495 0.5979991470170641 0.03349012951807632 0.04046412945452483
0 0.6834471332180101 0.5887850175625392 0.02868243721038401 0.04015603853252696
0 0.7101576028296323 0.6124079248374348 0.04196174083353254 0.06256088122213709
0 0.6898530643463746 0.6366308724479638 0.04718945742586446 0.07008051060567357
0 0.6975201899038876 0.5818511294119302 0.023454720618052358 0.03263640914899049
0 0.789553408378765 0.7327865610074661 0.09085500393884434 0.12077620651957889
0 0.7899626999681895 0.6362476012011226 0.07064417804391655 0.10271691975466404
0 0.7988898983796204 0.6031024735497043 0.052277165923315966 0.07519629383536373
0 0.7631359308025776 0.5692014176959973 0.03150630764886951 0.04752162245506442
0 0.819206291133323 0.5583698109009834 0.031646315743749105 0.049925468608910575
0 0.8723009186602579 0.5585865799897756 0.03673402424120116 0.05504125183860076
0 0.8802243518666403 0.5496339593378177 0.03363013761295592 0.04286797560837098
0 0.9022208417589004 0.5337474505352507 0.028822445305263608 0.04255988468637311
0 0.902255282995005 0.5964785187267491 0.052277165923315966 0.07519629383536373
0 0.9293157728438266 0.6261110413862602 0.056804842041249075 0.07069669244966931
0 0.9519230769230769 0.7019230769230769 0.09615384615384616 0.13942307692307693
0 0.9891826923076923 0.5853365384615384 0.021634615384615384 0.09375
0 0.9671128336423014 0.5500979381264707 0.03645400805144142 0.05023355953090845
0 0.9430043680563998 0.5504364696595372 0.03363013761295592 0.04286797560837112
0 0.9903846153846154 0.5324519230769231 0.019230769230769232 0.04567307692307692