0 0.006009615384615385 0.2668269230769231 0.01201923076923077 0.07211538461538461
0 0.10096153846153846 0.2956730769230769 0.10576923076923077 0.04807692307692308
0 0.0829320685531433 0.25228056131250504 0.034451072677009975 0.04842021631828239
0 0.1227633672543762 0.2651336459293817 0.051529751498089985 0.06421686293896191
0 0.19852648039122286 0.27371855572243997 0.04925178321632236 0.0712321771579857
0 0.17883415896283253 0.24570645409001496 0.04431821303655152 0.06362819021141788
0 0.25600961538461536 0.29447115384615385 0.07451923076923077 0.05048076923076923
0 0.3005850437029523 0.27604847064469806 0.04684793706247621 0.07103595291547102
0 0.35216346153846156 0.29086538461538464 0.06009615384615385 0.057692307692307696
0 0.3770675480737546 0.2570872617897829 0.03208918581385671 0.05062783822961373
0 0.4206730769230769 0.25 0.014423076923076924 0.052884615384615384
0 0.4705657923295975 0.04501047296394482 0.061522769729710096 0.086636375293636
0 0.6110229551668263 0.04687420653566843 0.04916786463493665 0.06642448485029338
0 0.6344198607605406 0.14960176317983892 0.11077455294603243 0.15786855245162157
0 0.7805719443021883 0.13392721120400297 0.0670437699791804 0.12789420839404997
0 0.7430456768202469 0.04684923218166759 0.04431821303655152 0.06362819021141802
0 0.5834565596868037 0.11783682331780007 0.06173256618317424 0.09865560606286677
0 0.9208673532688232 0.057764056896983856 0.05696683316617469 0.10066700373168357
0 0.9350961538461539 0.03365384615384615 0.04807692307692308 0.0673076923076923
0 0.9771634615384616 0.038461538461538464 0.04567307692307692 0.0673076923076923
0 0.984375 0.17908653846153846 0.03125 0.15144230769230768
0 0.036057692307692304 0.7932692307692307 0.07211538461538461 0.1346153846153846
0 0.01201923076923077 0.8677884615384616 0.02403846153846154 0.17307692307692307
0 0.018028846153846152 0.6478365384615384 0.036057692307692304 0.07451923076923077
0 0.06184019417872054 0.5521728561818132 0.0274073713782428 0.057446928206122974
0 0.0616601904315944 0.6793804780931446 0.04212416333616954 0.07545119673813397
0 0.17763223588590946 0.722453087887695 0.07425530844071901 0.12848288112159387
0 0.1642283485238152 0.6421450435981986 0.03453499125839562 0.05322790862597456
0 0.22259200486720823 0.6853159638800891 0.039762276473016216 0.07765881864946546
0 0.22956730769230768 0.9242788461538461 0.18509615384615385 0.15144230769230768
0 0.3049521634583699 0.7280452804332801 0.0616486476017886 0.09384791375517446
0 0.36494950236996904 0.6585297678481735 0.027197574924778624 0.045427697436892074
0 0.4032432036687362 0.6520539711130235 0.022305964035700673 0.04022755664417041
0 0.41346153846153844 0.7548076923076923 0.028846153846153848 0.13942307692307693
0 0.4977180544403202 0.8890300333397989 0.07893712287633278 0.12166379114508476
0 0.5620046778181287 0.7214473890532864 0.0445280094900157 0.07564742098064865
0 0.6354898226732076 0.7370476130653686 0.04178848901062683 0.056220427507364744
0 0.5860039098347116 0.9274422181915843 0.08138292832087177 0.12426386154144572
0 0.7108962818391653 0.7251998305507346 0.03963639860093775 0.070447280187927
0 0.7781620148561648 0.7282902631872991 0.03963639860093775 0.07044728018792713
0 0.853694351894201 0.7236540191342036 0.041956326173398124 0.06583581212274936
0 0.9340553608852756 0.7206121466430603 0.03963639860093775 0.070447280187927