1 0.5188818652828299 0.06740553442375798 0.08653028125157729 0.12111873518555277
1 0.3239030115244977 0.0955783141258372 0.05562719368221991 0.06946257525581014
0 0.006009615384615385 0.75 0.01201923076923077 0.057692307692307696
0 0.021634615384615384 0.8076923076923077 0.04326923076923077 0.07211538461538461
0 0.04468551149589688 0.8628929918100356 0.0879546351562789 0.0971782228720058
0 0.04038591740384217 0.7615886310612967 0.042824369113673585 0.04974205990046862
0 0.06832399584781629 0.7555035086862745 0.03791872758106685 0.047142315296793615
0 0.07384795525130163 0.8267597925119367 0.06764642445145068 0.0699523213803824
0 0.11601321216852375 0.8260700577940933 0.05822693828589499 0.074368216788417
0 0.1402700143913217 0.7921448062000114 0.03531898297739184 0.042236673764186876
0 0.19882142287335197 0.8029580237488768 0.043118216788417 0.056953598362007085
0 0.2309794982755316 0.8114918767467603 0.027911546066024383 0.03713513378175129
0 0.4036115596968975 0.770369348638763 0.03252333992388783 0.03252333992388783
0 0.44713384381529875 0.8841071792908982 0.05042770447486989 0.0596512921905968
0 0.4243197475882678 0.8530796101186767 0.027715647616195528 0.03232744147405898
0 0.46952552062128 0.8368628246257479 0.030217442994956108 0.034829236852819564
0 0.4983492322329263 0.8681352668602554 0.035123084527562846 0.03742898145649457
0 0.5398288445757474 0.8842724552193353 0.04282436911367372 0.04974205990046862
0 0.4874380654591465 0.9290905214961318 0.057933090611151636 0.06715667832687827
0 0.5408653846153846 0.9723557692307693 0.09615384615384616 0.055288461538461536
0 0.6286057692307693 0.96875 0.06971153846153846 0.0625
0 0.6275957615690817 0.9167427303873238 0.04782795987119488 0.05474565065798979
0 0.6064998669214958 0.9026400335169398 0.040812319859485274 0.05925949529093881
0 0.6099811545494008 0.8762956750495465 0.0353189829773917 0.042236673764186876
0 0.6651492246284404 0.9110494049119591 0.05322334752837376 0.06936462603089556
0 0.6971603761932484 0.923189027140612 0.04311821678841673 0.056953598362007085
0 0.7235576923076923 0.9771634615384616 0.052884615384615384 0.04567307692307692
0 0.7319711538461539 0.9230769230769231 0.036057692307692304 0.0625
0 0.6826923076923077 0.9891826923076923 0.07211538461538461 0.021634615384615384