1 0.359375 0.027644230769230768 0.07932692307692307 0.055288461538461536
0 0.016826923076923076 0.6598557692307693 0.03365384615384615 0.0985576923076923
0 0.009615384615384616 0.5516826923076923 0.019230769230769232 0.04567307692307692
0 0.02403846153846154 0.6213942307692307 0.04807692307692308 0.06971153846153846
0 0.05940883636127187 0.6217516465601135 0.054507169452670985 0.07433834278262097
0 0.07900227656479747 0.5874815831946575 0.03220115238472232 0.04359940535056977
0 0.13918235562136802 0.596345084608475 0.039692441547649684 0.05624956398176632
0 0.1717461789788466 0.6039919522950135 0.02482176350235057 0.035756939027065525
0 0.33744270823434874 0.5597142169946571 0.029517555529487264 0.03136986529401698
0 0.3858173076923077 0.6706730769230769 0.026442307692307692 0.057692307692307696
0 0.3693371397865924 0.6416700061631043 0.024709863221794956 0.030949246719373217
0 0.4266826923076923 0.7259615384615384 0.055288461538461536 0.08173076923076923
0 0.41947115384615385 0.6742788461538461 0.040865384615384616 0.06490384615384616
0 0.4269714874605239 0.6465136600450141 0.034828799099679536 0.053425099253276404
0 0.4727844397342953 0.6565191518887462 0.034828799099679536 0.053425099253276404
0 0.4891357866188572 0.6375586245923075 0.02974135609059829 0.0409852499094016
0 0.5094006285057162 0.6321347150730054 0.027225609656196588 0.035967248314387405
0 0.47094210486132526 0.7835023794679485 0.10627479190982918 0.13404329935484327
0 0.5438957366418274 0.7742918127312675 0.13104060527190187 0.16739639222806238
0 0.5557730821822654 0.6661786684551991 0.03471689881912395 0.04861740694558396
0 0.5883648806098829 0.6750274592186606 0.04992327770608977 0.08353310882336182
0 0.6650082068315709 0.6697381256437317 0.025101514203739336 0.04777616979629629
0 0.6820029803293273 0.6784218291165236 0.037456445814636814 0.06325079315598277
0 0.6798778799378209 0.638653212934401 0.03460499853856847 0.043809714637891656
0 0.7511280472569983 0.7108579514975063 0.07709293722200869 0.11709651098390293
0 0.7976943165464214 0.650160291090099 0.027449410217307683 0.04558263292977202
0 0.8605589973972761 0.7228308702245004 0.11208958674252155 0.1777331486987178
0 0.9041069739288466 0.6870581305014947 0.05970651274230768 0.09158588443418782