0 0.05048076923076923 0.3389423076923077 0.10096153846153846 0.3605769230769231
0 0.8317307692307693 0.3858173076923077 0.1778846153846154 0.2668269230769231
0 0.7824519230769231 0.4098557692307692 0.13221153846153846 0.21875
0 0.7908653846153846 0.24600877203376578 0.15384615384615385 0.32748781069103816
0 0.9014423076923077 0.2661858023303514 0.10336538461538461 0.26322498338496436
0 0.9519230769230769 0.2536057692307692 0.09615384615384616 0.30528846153846156
0 0.9723557692307693 0.2536057692307692 0.055288461538461536 0.31971153846153844
0 0.9122596153846154 0.13960613054498394 0.07692307692307693 0.14451313611474986
0 0.8629807692307693 0.2002212165415724 0.07211538461538461 0.12992217087680877
0 0.3317307692307692 0.5444711538461539 0.057692307692307696 0.05048076923076923
0 0.41346153846153844 0.5516826923076923 0.028846153846153848 0.06490384615384616
0 0.953125 0.7115384615384616 0.09375 0.10576923076923077