0 0.0650641263404891 0.10443055165676612 0.11228634063724911 0.1272523794679485
0 0.1589858441941637 0.22049022685441552 0.13842340611151277 0.18945162618732164
0 0.5602564849821964 0.1887912770246438 0.08086845232238497 0.11971066642507111
0 0.7023772126101319 0.20961298651509927 0.07158884433672867 0.12848481389116792
0 0.8822115384615384 0.48677884615384615 0.21634615384615385 0.04567307692307692
0 0.05048076923076923 0.6081730769230769 0.10096153846153846 0.1971153846153846
0 0.2782891301052132 0.6389506960782753 0.180883729718107 0.2386999609948714
0 0.3894230769230769 0.6129807692307693 0.11057692307692307 0.20673076923076922
0 0.8870192307692307 0.5504807692307693 0.07692307692307693 0.08173076923076923
0 0.7563073004238378 0.6385900101506399 0.037988407928630306 0.05844310084829046
0 0.7338485106707437 0.6474093796133892 0.03094475778195602 0.06261986529401699
0 0.713919483307644 0.6600448275942298 0.05299909395373184 0.07653187964914511
0 0.5874542900913929 0.7100913576455833 0.07074940276240774 0.10444635235270638
0 0.5084134615384616 0.7079326923076923 0.040865384615384616 0.10336538461538461
0 0.5047276286384703 0.6057953819331903 0.033264659778370086 0.06042632842749285
0 0.5323451545348272 0.6417626302475777 0.0380723520860624 0.060846947002136616
0 0.5690591328961341 0.6293974242010676 0.040308309925044375 0.05624956398176632
0 0.6088065385920277 0.6352713735957256 0.035500617617352064 0.055828945407122424