0 0.03125 0.3137019230769231 0.0625 0.21875
0 0.09014423076923077 0.5576923076923077 0.18028846153846154 0.0625
0 0.04567307692307692 0.296875 0.09134615384615384 0.18028846153846154
0 0.07583842506228076 0.06963075441012542 0.06547723803425279 0.10044620135201918
0 0.17023793401051937 0.16734549627411918 0.1090821128310387 0.15939751507387795
0 0.13978428722081337 0.23618272499291376 0.10424645018771682 0.15444993320734662
0 0.25907535294421613 0.18796229926648722 0.07513457815308176 0.10793751893123563
0 0.34302116856333176 0.222862289623093 0.11144400348144036 0.15225592139175903
0 0.36778846153846156 0.4855769230769231 0.21634615384615385 0.20673076923076922
0 0.4301252280431431 0.3347902740719052 0.13094049090069093 0.19848855655019193
0 0.37226589969220736 0.15519201159151177 0.08481988860754032 0.12023652881814438
0 0.4826680081714454 0.18845754836788614 0.082444012789324 0.12497427634641713
0 0.5417020906188241 0.16613273392520256 0.08241604245369416 0.12016658403872481
0 0.625 0.3629807692307692 0.08653846153846154 0.27884615384615385
0 0.6072344679691868 0.2666139076669314 0.11156986999177357 0.17389053677637442
0 0.640625 0.19230769230769232 0.055288461538461536 0.16826923076923078
0 0.6814903846153846 0.04567307692307692 0.026442307692307692 0.09134615384615384
0 0.84375 0.03365384615384615 0.10096153846153846 0.0673076923076923
0 0.9086538461538461 0.17307692307692307 0.18269230769230768 0.34615384615384615
0 0.02403846153846154 0.8882211538461539 0.04807692307692308 0.13701923076923078
0 0.12181138173822638 0.8943377089546964 0.09201744190126412 0.11804251700255665
0 0.2096146996087776 0.8860733857112009 0.11868351227860853 0.15727344803770976
0 0.30205868912839295 0.7000293642522191 0.0701870341672416 0.08375916783393496
0 0.37565489882184716 0.8608514985680701 0.16702615354401282 0.20434542054917687
0 0.7007211538461539 0.8653846153846154 0.06490384615384616 0.18269230769230768
0 0.8677884615384616 0.875 0.16346153846153846 0.25
0 0.9735576923076923 0.8942307692307693 0.052884615384615384 0.21153846153846154