0 0.16105769230769232 0.06490384615384616 0.125 0.12980769230769232
0 0.9158653846153846 0.2692307692307692 0.16826923076923078 0.5384615384615384
0 0.0883013940382753 0.723569993818253 0.07513457815308176 0.10663634052293657
0 0.1502403846153846 0.6322115384615384 0.12259615384615384 0.1875
0 0.21943687593322384 0.7436801743132888 0.0704247820200931 0.1234073210351044
0 0.3233173076923077 0.6237980769230769 0.10336538461538461 0.17067307692307693
0 0.41947115384615385 0.5853365384615384 0.13701923076923078 0.09375
0 0.6514423076923077 0.6610576923076923 0.0673076923076923 0.1201923076923077
0 0.7680288461538461 0.6634615384615384 0.23317307692307693 0.25
0 0.6358173076923077 0.6141826923076923 0.036057692307692304 0.07932692307692307
0 0.9567307692307693 0.6262019230769231 0.08653846153846154 0.17548076923076922