1 0.1346153846153846 0.03125 0.09615384615384616 0.0625
1 0.21754807692307693 0.028846153846153848 0.07451923076923077 0.057692307692307696
1 0.32211538461538464 0.019230769230769232 0.0625 0.038461538461538464
1 0.9167875835062375 0.356308058615109 0.0836407329636176 0.1473651444280316
1 0.754863850923649 0.37013116975837274 0.07027797098627872 0.11802924445730548
1 0.6778846153846154 0.42788461538461536 0.038461538461538464 0.15865384615384615
1 0.8036158535319738 0.4343759037157675 0.06971816631623376 0.10601001368807471
1 0.7118185420224363 0.37670194811452506 0.05976689889882208 0.09840667832687854
1 0.17427884615384615 0.765625 0.3485576923076923 0.43509615384615385
1 0.4675480769230769 0.6802884615384616 0.2668269230769231 0.2644230769230769
1 0.7872596153846154 0.9795673076923077 0.06971153846153846 0.040865384615384616
1 0.9014423076923077 0.9855769230769231 0.0625 0.028846153846153848