0 0.018028846153846152 0.3942307692307692 0.036057692307692304 0.11538461538461539
0 0.018028846153846152 0.3016826923076923 0.036057692307692304 0.09375
0 0.1649000777543153 0.3346704725211866 0.069909961188087 0.07647768459297694
0 0.49315099399046336 0.34782370414271885 0.11868897193615115 0.1667489430942554
0 0.6706730769230769 0.43028846153846156 0.0625 0.27884615384615385
0 0.6862980769230769 0.29927884615384615 0.09375 0.24759615384615385
0 0.7995040247026682 0.2280305450998764 0.185050403178027 0.2791444304360858
0 0.8185096153846154 0.4891826923076923 0.23798076923076922 0.16105769230769232
0 0.08653846153846154 0.8401442307692307 0.17307692307692307 0.31971153846153844
0 0.24848905611562214 0.8325849909653926 0.13917890352840154 0.2033661936373038
0 0.32352338949647713 0.7807366854452785 0.0916590551418187 0.1491526274437177