0 0.054086538461538464 0.5564903846153846 0.06009615384615385 0.04567307692307692
0 0.11917785328257914 0.537881537487735 0.05887121142674992 0.07885379254401492
0 0.17427884615384615 0.5588942307692307 0.06009615384615385 0.040865384615384616
0 0.19591346153846154 0.546875 0.055288461538461536 0.06490384615384616
0 0.35808727110994415 0.4323412129073375 0.04836013933929314 0.05928724668351734
0 0.3605769230769231 0.5600961538461539 0.04807692307692308 0.038461538461538464
0 0.44350961538461536 0.3269230769230769 0.03125 0.125
0 0.49158653846153844 0.39903846153846156 0.12740384615384615 0.15865384615384615
0 0.5089927934746876 0.32524031328622505 0.08402928230530166 0.1037316956567972
0 0.7729054183400288 0.43002125996152374 0.10035569510653165 0.14510074521677432
0 0.830601039959684 0.3764078520328935 0.05864728955873188 0.07404610023632262
0 0.8165434930358102 0.3432996429023559 0.04584433225143796 0.056799456372239106
0 0.8633625125688057 0.34286465490935325 0.053615675383021526 0.069070519613766
0 0.8794913367718463 0.33150171019373703 0.03337725774617111 0.04676435096969405
0 0.7416357129248955 0.3027166251709519 0.038408871921881464 0.051739931592250536
0 0.7128718728155747 0.3277204445198824 0.05339175351500376 0.06426282730607369
0 0.663118849655864 0.31385827182595616 0.04847210027330216 0.0616910928373635
0 0.632234379655067 0.2813376717974432 0.03852083285589048 0.05414377774609669
0 0.6073002306445334 0.30140788260253326 0.050875946427148315 0.061775036994795585
0 0.5792937838034471 0.2843863663378722 0.043552447031600834 0.05911935836865317
0 0.5441021317706508 0.29281509508217585 0.04802425653726608 0.052075708221978746
0 0.5383460854512296 0.26181692755447206 0.03829691098787258 0.049336085438404245
0 0.50564390723646 0.242559453450829 0.03326529681216223 0.0443605048158479
0 0.48607725520366374 0.2504425451718241 0.03829691098787244 0.049336085438404384
0 0.4615646166593377 0.23569895882486105 0.030637528790298036 0.0394688683507235
0 0.4483173076923077 0.28125 0.040865384615384616 0.0673076923076923
0 0.4411057692307692 0.2512019230769231 0.026442307692307692 0.05048076923076923
0 0.43509615384615385 0.234375 0.014423076923076924 0.04567307692307692
0 0.013221153846153846 0.8269230769230769 0.026442307692307692 0.07211538461538461
0 0.03726606509035827 0.8726457340530912 0.04366440796560985 0.061523204522499327
0 0.06588829706849411 0.8764460964715984 0.03874475472390859 0.05895147005378899
0 0.09931822135432225 0.8800785705752415 0.04858406120731118 0.06409493899120965
0 0.12696245212355303 0.8791132127647725 0.03656483043808041 0.06367521820404921
0 0.15055306992597853 0.8878891558058363 0.04321656422957384 0.05190781990711471
0 0.1906083947334716 0.8780906156697453 0.03852083285589062 0.05414377774609669
0 0.20774155341524564 0.8966918037197739 0.043552447031600834 0.05911935836865317
0 0.2502007243765849 0.8868093194262509 0.046516097855492086 0.07122253329531603
0 0.2684798256682775 0.9065704584744865 0.04344048609759181 0.056715512214806876
0 0.30221929948630427 0.8777929815799226 0.03829691098787244 0.049336085438404384
0 0.323014207865852 0.89506633031688 0.04148448367978174 0.06624695267275954
0 0.34959480976199725 0.9169375109679495 0.03874475472390852 0.05895147005378899
0 0.3733007024257793 0.8717108597049067 0.03874475472390852 0.05895147005378899
0 0.3834165973168569 0.912156523533131 0.03852083285589048 0.05414377774609669
0 0.40865384615384615 0.9050480769230769 0.038461538461538464 0.06971153846153846
0 0.421875 0.9134615384615384 0.01201923076923077 0.057692307692307696
0 0.43509615384615385 0.9302884615384616 0.014423076923076924 0.07211538461538461
0 0.46875 0.9579326923076923 0.0625 0.08413461538461539
0 0.48999257396663154 0.9563071679553986 0.05154771203120244 0.07619811391787251
0 0.5253818145976173 0.9178723343667341 0.04858406120731118 0.06409493899120965
0 0.4935489905850915 0.8541856784956531 0.05383959725103957 0.07387821192145844
0 0.5612980769230769 0.9747596153846154 0.07932692307692307 0.05048076923076923
0 0.5913461538461539 0.9723557692307693 0.0625 0.055288461538461536
0 0.6006254775105592 0.9512438136365996 0.046068254119456004 0.06160714867993141
0 0.5993972211638077 0.9260873731786472 0.04858406120731118 0.06409493899120965
0 0.6319611051747398 0.9225502808994678 0.051099868295166356 0.06658272930248789
0 0.666480991603482 0.9285446290782411 0.04092467900973691 0.05422772190352877
0 0.6862980769230769 0.9699519230769231 0.05048076923076923 0.06009615384615385
0 0.9881188852856544 0.9533118322113178 0.01688621747127537 0.05338828032920791
0 0.9483173076923077 0.9663461538461539 0.055288461538461536 0.0673076923076923
0 0.9148575580603513 0.9546702059360732 0.046068254119456004 0.06160714867993141
0 0.8581730769230769 0.9735576923076923 0.04807692307692308 0.052884615384615384
0 0.8524135385273557 0.9556508309523845 0.043552447031601105 0.059119358368653036
0 0.8547910514113733 0.9303684742582838 0.03796102818584538 0.04212454697686592
0 0.8028846153846154 0.9711538461538461 0.0625 0.057692307692307696
0 0.7624372491591386 0.9551929676253186 0.05339175351500376 0.06426282730607383
0 0.7214895508069209 0.9326235288419185 0.04858406120731118 0.06409493899120952