1 0.18454962511003303 0.33221432658575384 0.10678298296277415 0.16978335361196256
1 0.3412170217792551 0.2702673092704065 0.1764622384075878 0.24694721345388343
1 0.09033748872703616 0.32118276835255194 0.14786329426129485 0.21221592582597829
1 0.2482515481869561 0.3348099810459867 0.08733728704886883 0.1282323244221768
1 0.5589943244881743 0.33492020070122763 0.11701454942215452 0.17979053512700502
1 0.4579326923076923 0.21875 0.016826923076923076 0.09134615384615384
0 0.07451923076923077 0.9567307692307693 0.07692307692307693 0.08653846153846154
0 0.1466346153846154 0.9290865384615384 0.15384615384615385 0.14182692307692307
0 0.3125 0.8786057692307693 0.22115384615384615 0.24278846153846154
0 0.6376584836016707 0.8619277615085146 0.2342477103387574 0.21333825176905236
0 0.6491403976630613 0.7604989191569114 0.13479802828179602 0.12057592430508116
0 0.564436182553881 0.7294754401281321 0.10875697575034812 0.08834643205593674