1 0.53125 0.24158653846153846 0.04326923076923077 0.13701923076923078
1 0.6541868793830665 0.20533743060169687 0.07731673778311979 0.12496771698327531
1 0.593532229073184 0.236909820626401 0.06736565232606846 0.10992845821620258
1 0.13822115384615385 0.4543269230769231 0.0985576923076923 0.07211538461538461
1 0.4675480769230769 0.4326923076923077 0.08413461538461539 0.028846153846153848
1 0.3449519230769231 0.4362980769230769 0.06971153846153846 0.036057692307692304
1 0.03782715629978671 0.5084960114859294 0.0699373489007479 0.11729404213873998
1 0.24519230769230768 0.4519230769230769 0.0625 0.0673076923076923
1 0.28365384615384615 0.44711538461538464 0.04807692307692308 0.057692307692307696
0 0.5714270621914534 0.6022746096913418 0.08201252981025647 0.12046811559758087
0 0.5934303781831203 0.8753117757333102 0.1217609214981839 0.17822130451202567
0 0.8768314437666672 0.794557388604934 0.10873458820395307 0.13418184643780015
0 0.9891826923076923 0.7632211538461539 0.021634615384615384 0.13221153846153846
0 0.984375 0.8629807692307693 0.03125 0.15384615384615385
0 0.7692307692307693 0.9723557692307693 0.1346153846153846 0.055288461538461536