0 0.5216346153846154 0.21033653846153846 0.052884615384615384 0.07932692307692307
0 0.5031989536593243 0.08902032708224225 0.03326568381857861 0.03882516513244738
0 0.4534791766701642 0.09800719990944479 0.040729182757439406 0.04371677128727241
0 0.3601752183151202 0.11350717120405959 0.04123310371208392 0.053332155902657025
0 0.3733963721612741 0.11335332915098267 0.03364362453456197 0.046036703593985845
0 0.30444582594134467 0.12256397223720604 0.06197563580678697 0.08240208000783183
0 0.24511066433679984 0.131662730193919 0.07487672824664589 0.09936885949664287
0 0.12353257401921934 0.159503602005107 0.09726722506322825 0.11404367796111824
0 0.02403846153846154 0.20552884615384615 0.04807692307692308 0.18509615384615385
0 0.009615384615384616 0.009615384615384616 0.019230769230769232 0.019230769230769232
0 0.03646463747790275 0.05601318868433724 0.05729392373775583 0.08474998359692275
0 0.08296169676191933 0.06267928713951232 0.051478389520774354 0.06546327180139827
0 0.14128901645717487 0.0728112984135686 0.04363694986593007 0.053360127185034786
0 0.06009615384615385 0.019230769230769232 0.03365384615384615 0.038461538461538464
0 0.04807692307692308 0.006009615384615385 0.03365384615384615 0.01201923076923077
0 0.014423076923076924 0.04326923076923077 0.028846153846153848 0.057692307692307696
0 0.10576923076923077 0.018028846153846152 0.028846153846153848 0.036057692307692304
0 0.16354331141581183 0.014895220462240087 0.023146378248549346 0.029097895387552287
0 0.21194029589902996 0.031148732250422233 0.030735857426071298 0.036393347696223606
0 0.2345299846928882 0.05851325019587687 0.04085516299610043 0.04612061744111857
0 0.27489144835362816 0.06765312301084223 0.02592816511837885 0.03633740513146837
0 0.2748182366150135 0.023209940447066 0.023398338725871673 0.03390558769524459
0 0.234375 0.006009615384615385 0.026442307692307692 0.01201923076923077
0 0.2764423076923077 0.004807692307692308 0.02403846153846154 0.009615384615384616
0 0.32211538461538464 0.019230769230769232 0.03365384615384615 0.038461538461538464
0 0.346056870369412 0.06202027787301048 0.028583971749547334 0.041173068721538295
0 0.4380329254088716 0.04893813837343064 0.03086183766473246 0.03879719385006976
0 0.47813731778264723 0.04006315067573858 0.02592816511837899 0.03633740513146837
0 0.5324519230769231 0.03245192307692308 0.03125 0.036057692307692304
0 0.515625 0.004807692307692308 0.016826923076923076 0.009615384615384616
0 0.4543269230769231 0.010817307692307692 0.02403846153846154 0.021634615384615384
0 0.4098557692307692 0.004807692307692308 0.021634615384615384 0.009615384615384616
0 0.35216346153846156 0.004807692307692308 0.026442307692307692 0.009615384615384616
0 0.5685096153846154 0.23677884615384615 0.040865384615384616 0.44471153846153844
0 0.5757211538461539 0.40024038461538464 0.055288461538461536 0.06971153846153846
0 0.6289906107587858 0.3893234933041272 0.05931982917561856 0.07756641641776191
0 0.7725233778672767 0.378043817387275 0.059697769891601984 0.08477795487930037
0 0.7643516551868531 0.32768891892720503 0.04376293010459124 0.05576397333888094
0 0.8217920024018386 0.33182530045783476 0.038955237796898926 0.0557080307741257
0 0.8514672494185741 0.36150975071000274 0.05729392373775583 0.08474998359692275
0 0.8620223750142754 0.32054646660629654 0.04173702466672857 0.06294754051804165
0 0.8424715443772111 0.30395729942958305 0.033769604773223265 0.048440549747832
0 0.8943432070428952 0.2997501476276953 0.03111379814205465 0.04360488615776207
0 0.9087713947756142 0.32240487275377927 0.049326503844250386 0.07024299282671297
0 0.8483398470942392 0.23782355891643622 0.03111379814205465 0.04360488615776207
0 0.8830015351573745 0.21820119173238053 0.03604747068840812 0.04606467487636333
0 0.9173533834334991 0.2274109927532898 0.03364362453456211 0.046036703593985845
0 0.9614568181829537 0.27975016813154185 0.03376960477322313 0.048440549747832
0 0.9612525153960356 0.21488827890126208 0.03111379814205465 0.04360488615776193
0 0.984375 0.2848557692307692 0.03125 0.055288461538461536
0 0.9855769230769231 0.34615384615384615 0.028846153846153848 0.07211538461538461
0 0.9879807692307693 0.20432692307692307 0.02403846153846154 0.04807692307692308
0 0.06009615384615385 0.7800480769230769 0.1201923076923077 0.23798076923076922
1 0.5901527919848895 0.5871915763477651 0.08271816790149017 0.11147200411300649