0 0.036057692307692304 0.020432692307692308 0.07211538461538461 0.040865384615384616
0 0.15985576923076922 0.013221153846153846 0.07451923076923077 0.026442307692307692
0 0.0886580158175527 0.276165897433585 0.10178666336261152 0.14652928230530152
0 0.22486690820867467 0.34979938251278647 0.09464505074014685 0.15821263027250537
0 0.2800480769230769 0.039663461538461536 0.07932692307692307 0.07932692307692307
0 0.4217717139516879 0.11624769803006837 0.07528841499904469 0.13568232741581782
0 0.47115384615384615 0.04326923076923077 0.057692307692307696 0.08653846153846154
0 0.5180288461538461 0.4230769230769231 0.036057692307692304 0.09615384615384616
0 0.5920050594437481 0.46139371762888115 0.06069751606219006 0.10616440796560986
0 0.6797734143947624 0.4702879840279024 0.055931779257942245 0.11315202455913027
0 0.7687366998387923 0.478036307817005 0.051054161111175875 0.10090887192188146
0 0.8720251660311955 0.4696294741332387 0.05351394793628117 0.11063621747127524
0 0.9611073254016511 0.49781049023003365 0.06310136221603621 0.10627636889961888
0 0.9747596153846154 0.33653846153846156 0.05048076923076923 0.09134615384615384
0 0.8905846472068545 0.3551405462206954 0.060781427069078776 0.12058748488868677
0 0.7966598326091694 0.320725992871267 0.04380066714619305 0.09336145065831608
0 0.7235243320984541 0.34856118438399225 0.05595974959357182 0.11795971686682258
0 0.6523591375393263 0.30198910606149554 0.055833883083238604 0.09632510148220733
0 0.5609850133575429 0.29292689826146084 0.06795101002717302 0.11371182922917537
0 0.5120192307692307 0.14182692307692307 0.02403846153846154 0.10576923076923077
0 0.5854072656557618 0.15347748806855546 0.04860835945388536 0.09358537252633412
0 0.6359020200543459 0.15823251383659084 0.05106814627899066 0.10331271807572776
0 0.6959142628936109 0.1466084602637392 0.05341605176157767 0.0938092943943521
0 0.7597280673130524 0.16880619424574722 0.04853843361481143 0.08156614175710335
0 0.8270287670368374 0.1707391773210765 0.053402066593762884 0.09140544824050593
0 0.8932743879457546 0.1978565645447858 0.053444022097207375 0.0986169867020444
0 0.961888892088981 0.2190762973178888 0.05104017594336122 0.09850502576803545
0 0.9891826923076923 0.14182692307692307 0.021634615384615384 0.08173076923076923
0 0.8672857968522784 0.06807520550692198 0.050998220439916725 0.09129348730649695
0 0.7928994251772881 0.08744095501418106 0.05109611661462023 0.10812041038342006
0 0.7110288042683709 0.05959582171941316 0.04859437428607057 0.09118152637248793
0 0.6129807692307693 0.03365384615384615 0.052884615384615384 0.0673076923076923
0 0.5480769230769231 0.030048076923076924 0.052884615384615384 0.06009615384615385
0 0.5096153846153846 0.02283653846153846 0.019230769230769232 0.04567307692307692
0 0.2512019230769231 0.7908653846153846 0.21394230769230768 0.2644230769230769
0 0.8149909625813325 0.8763107482325369 0.1743076178446252 0.21959964878711047
0 0.8016826923076923 0.703125 0.12259615384615384 0.0889423076923077