0 0.040865384615384616 0.13341346153846154 0.08173076923076923 0.11298076923076923
0 0.036057692307692304 0.06610576923076923 0.07211538461538461 0.11778846153846154
0 0.13822115384615385 0.12860576923076922 0.21394230769230768 0.25721153846153844
0 0.09375 0.34134615384615385 0.1778846153846154 0.1971153846153846
0 0.2745600768804822 0.1345595822973324 0.15445865087883745 0.20372107972191628
0 0.33413461538461536 0.06129807692307692 0.08653846153846154 0.12259615384615384
0 0.28593084278899245 0.06999161894551328 0.08702919612687082 0.1238870185146051
0 0.39663461538461536 0.05048076923076923 0.07211538461538461 0.10096153846153846
0 0.4254807692307692 0.17427884615384615 0.0673076923076923 0.25721153846153844
1 0.9182692307692307 0.5108173076923077 0.16346153846153846 0.14182692307692307
1 0.5819226249254612 0.6247466090837582 0.16065275233552037 0.2255796169745497
1 0.7367788461538461 0.5360576923076923 0.13701923076923078 0.19230769230769232