0 0.15421501653976263 0.21047107991585828 0.0702998144569166 0.12814950596652894
0 0.1852683955650822 0.0939526423832925 0.05293337389611981 0.09133593222686966
0 0.25598583122711194 0.15128234178854297 0.05411071935120773 0.10575900914994658
0 0.22571734917185107 0.25818539470572416 0.058918411658900036 0.10601096962726891
0 0.2766644981192377 0.352454648089295 0.0816812172549333 0.15028804230578885
0 0.29447115384615385 0.5492788461538461 0.10817307692307693 0.18028846153846154
0 0.2751672468481281 0.06291205597985255 0.06274498275401896 0.09424369933536043
0 0.4411057692307692 0.29447115384615385 0.026442307692307692 0.13701923076923078
0 0.5339493727141156 0.3256871681810503 0.11445185595138054 0.19987672824664587
0 0.6597584505738434 0.20659635737521495 0.09571184569298087 0.1462362314300636
0 0.7165681459070009 0.33167467992347177 0.15104906574294683 0.2376981438955945
0 0.8122310347223947 0.21536054517782396 0.09267017156792051 0.16761888633735664
0 0.9759615384615384 0.3088942307692308 0.04807692307692308 0.28125
0 0.9807692307692307 0.12740384615384615 0.038461538461538464 0.18269230769230768
0 0.03365384615384615 0.7259615384615384 0.0673076923076923 0.17307692307692307
0 0.390625 0.828125 0.07451923076923077 0.2764423076923077
0 0.5793269230769231 0.6850961538461539 0.14903846153846154 0.09134615384615384