0 0.6814903846153846 0.5276442307692307 0.056490384615384616 0.09254807692307693
0 0.7716346153846154 0.5192307692307693 0.056490384615384616 0.08173076923076923
0 0.8112980769230769 0.5240384615384616 0.03485576923076923 0.06610576923076923
0 0.8641826923076923 0.5120192307692307 0.036057692307692304 0.057692307692307696
0 0.9086538461538461 0.5072115384615384 0.028846153846153848 0.051682692307692304
0 0.9350961538461539 0.49038461538461536 0.025240384615384616 0.057692307692307696
0 0.9711538461538461 0.5024038461538461 0.028846153846153848 0.054086538461538464
0 0.5829326923076923 0.47115384615384615 0.03125 0.06850961538461539
0 0.6442307692307693 0.4675480769230769 0.028846153846153848 0.04927884615384615
0 0.5853365384615384 0.43149038461538464 0.025240384615384616 0.03245192307692308
0 0.6129807692307693 0.4375 0.025240384615384616 0.03245192307692308
0 0.5576923076923077 0.4338942307692308 0.021634615384615384 0.03245192307692308
0 0.5276442307692307 0.43149038461538464 0.02403846153846154 0.03245192307692308
0 0.6814903846153846 0.44711538461538464 0.020432692307692308 0.036057692307692304
0 0.703125 0.4483173076923077 0.025240384615384616 0.03245192307692308
0 0.7151442307692307 0.43028846153846156 0.021634615384615384 0.046875
0 0.6610576923076923 0.43149038461538464 0.020432692307692308 0.021634615384615384
0 0.7536057692307693 0.43990384615384615 0.02403846153846154 0.03245192307692308
0 0.7872596153846154 0.43990384615384615 0.021634615384615384 0.038461538461538464
0 0.8088942307692307 0.46153846153846156 0.018028846153846152 0.03245192307692308
0 0.828125 0.4338942307692308 0.013221153846153846 0.027644230769230768
0 0.859375 0.4543269230769231 0.020432692307692308 0.036057692307692304
0 0.3894230769230769 0.5408653846153846 0.06490384615384616 0.08774038461538461
0 0.3858173076923077 0.4723557692307692 0.039663461538461536 0.054086538461538464
0 0.39903846153846156 0.4483173076923077 0.02403846153846154 0.04326923076923077
0 0.3641826923076923 0.36778846153846156 0.021634615384615384 0.030048076923076924
0 0.31490384615384615 0.4807692307692308 0.036057692307692304 0.054086538461538464
0 0.3173076923076923 0.4362980769230769 0.020432692307692308 0.036057692307692304
0 0.33413461538461536 0.4375 0.018028846153846152 0.038461538461538464
0 0.25841346153846156 0.5288461538461539 0.046875 0.07932692307692307
0 0.22956730769230768 0.484375 0.03245192307692308 0.057692307692307696
0 0.2439903846153846 0.44711538461538464 0.021634615384615384 0.030048076923076924
0 0.27283653846153844 0.45913461538461536 0.025240384615384616 0.038461538461538464
0 0.2848557692307692 0.44711538461538464 0.014423076923076924 0.030048076923076924
0 0.16826923076923078 0.5132211538461539 0.042067307692307696 0.08173076923076923
0 0.07572115384615384 0.5612980769230769 0.052884615384615384 0.06850961538461539
0 0.07091346153846154 0.49158653846153844 0.025240384615384616 0.04326923076923077
0 0.10817307692307693 0.49278846153846156 0.02403846153846154 0.046875
0 0.13701923076923078 0.49038461538461536 0.020432692307692308 0.036057692307692304
0 0.19951923076923078 0.46274038461538464 0.020432692307692308 0.030048076923076924
0 0.18509615384615385 0.45913461538461536 0.016826923076923076 0.03245192307692308
0 0.14543269230769232 0.46274038461538464 0.014423076923076924 0.02403846153846154
0 0.12980769230769232 0.453125 0.016826923076923076 0.03245192307692308