0 0.515625 0.07572115384615384 0.11298076923076923 0.15144230769230768
0 0.5793269230769231 0.04447115384615385 0.08173076923076923 0.0889423076923077
0 0.5564903846153846 0.2848557692307692 0.14182692307692307 0.2091346153846154
0 0.6729989036869886 0.1098557386611294 0.1174544902805583 0.18191393494135555
0 0.7151442307692307 0.054086538461538464 0.09375 0.10817307692307693
0 0.09615384615384616 0.5300480769230769 0.19230769230769232 0.28125
0 0.3858173076923077 0.43509615384615385 0.12740384615384615 0.09134615384615384
0 0.8828853754345432 0.45929096413364845 0.11432339078489442 0.11932999078392346
0 0.9855769230769231 0.47596153846153844 0.028846153846153848 0.16826923076923078
0 0.8590155836556613 0.577960839325147 0.1364614892523067 0.16335471897004303
0 0.5132211538461539 0.6971153846153846 0.12740384615384615 0.1875
0 0.9038461538461539 0.8485576923076923 0.19230769230769232 0.30288461538461536