0 0.20432692307692307 0.09375 0.2692307692307692 0.1875
0 0.5237751685421753 0.4023964748941775 0.08122301308946334 0.1218708119006411
0 0.4606914286748684 0.3457372349189104 0.05390580530033354 0.07804207972863253
0 0.42805735302846376 0.3425780618713142 0.05372365273085188 0.07563823357478637
0 0.36639497096642365 0.3363436409865385 0.04061150654473167 0.06093540595032055
0 0.5808478736165904 0.3797287917925216 0.05372365273085195 0.07563823357478637
0 0.5513821171525438 0.35504690364086555 0.033035662944230035 0.055959863221794956
0 0.5254310536345258 0.32924701762270314 0.04061150654473167 0.06093540595032055
0 0.6292891018324767 0.3856554869057695 0.027681512928092972 0.04863642447970088
0 0.6440944152698095 0.3752018551252674 0.024366903926839028 0.0365612435701923
0 0.6984527631772937 0.30087945478605804 0.029538901373494506 0.041480836158440226
0 0.6754807692307693 0.4699519230769231 0.14903846153846154 0.17548076923076922
0 0.7458397775434294 0.419563118568964 0.03911842323829344 0.07289868657927351
0 0.7257893217499931 0.40829820975443415 0.04337965783754099 0.06579904839829052
0 0.7763611672655031 0.41067508577719053 0.027681512928092972 0.04863642447970088
0 0.7906931679038393 0.40980886354193413 0.033035662944230035 0.055959863221794956
0 0.8367499007494488 0.4792696313112718 0.054270110439296707 0.08284977203632483
0 0.8401362352518742 0.4289567125013359 0.0352573565285946 0.053611967208226474
0 0.8109257762667572 0.4234776185103103 0.03285351037474845 0.053556017067948804
0 0.8709129224528773 0.4392714738701927 0.04061150654473167 0.06093540595032055
0 0.8876667006203525 0.42286417684535305 0.02990320651245754 0.04628852846613253
0 0.9331769757575172 0.48511340615315224 0.05871349760802584 0.07815398000918787
0 0.9447115384615384 0.5204326923076923 0.11057692307692307 0.07451923076923077
0 0.9783653846153846 0.44471153846153844 0.04326923076923077 0.0625
0 0.39903846153846156 0.7163461538461539 0.1201923076923077 0.3173076923076923
0 0.4955622904643772 0.8377753942588678 0.18976323396805675 0.2875703559732908
0 0.6489351315115344 0.8509436127818915 0.19289569039982896 0.29724169072895307
0 0.7872596153846154 0.8894230769230769 0.22355769230769232 0.22115384615384615
0 0.9399038461538461 0.8425480769230769 0.1201923076923077 0.31490384615384615