1 0.5528846153846154 0.06610576923076923 0.052884615384615384 0.13221153846153846
1 0.2785431499985816 0.1200434651726965 0.07479503867450402 0.08176130364245346
1 0.3197793491637574 0.06800972902943367 0.0642553812931256 0.06700245008964832
1 0.3874882966323093 0.034325348463903144 0.05688979737058812 0.06434677146350591
1 0.9105199354573094 0.12849501830166388 0.04548674844535337 0.07354243529172996
1 0.848682699420736 0.12222213277772062 0.04943104920918902 0.09766484098762372
1 0.9416910703211537 0.22016168157170396 0.07229802828179616 0.11765110763528187
1 0.03245192307692308 0.6153846153846154 0.06490384615384616 0.27403846153846156
1 0.4338942307692308 0.4987980769230769 0.16105769230769232 0.19951923076923078
1 0.9375 0.7872596153846154 0.125 0.21875
1 0.6156295425362773 0.9520718175438887 0.029985353295283693 0.05621184727021463