0 0.03485576923076923 0.12620192307692307 0.06971153846153846 0.10817307692307693
0 0.14018268993667768 0.1312501068893714 0.0710656645938044 0.09917679137208943
0 0.22515209865973718 0.2726358140849535 0.10826255635062655 0.15603270598667726
0 0.2648745990146798 0.1418797677655323 0.07633549328449359 0.10661225170164593
1 0.9266826923076923 0.17548076923076922 0.1466346153846154 0.35096153846153844
1 0.015625 0.59375 0.03125 0.1201923076923077
0 0.3545673076923077 0.6658653846153846 0.03125 0.15384615384615385
0 0.359375 0.5504807692307693 0.040865384615384616 0.0625
0 0.4348563137689175 0.5916492536726096 0.0712197100548034 0.10158063752593559
0 0.48054553220035684 0.631148087737405 0.08145127651418377 0.11164386587735628
0 0.4455537014226071 0.7633299790017675 0.147247112417299 0.2033851969198892
0 0.571182339963653 0.6088483346034308 0.06625797228611209 0.0989528695040714
0 0.621186673708719 0.6750693786955567 0.07648953874549246 0.10901609785549209
0 0.6622974256183084 0.6167086193265425 0.057968115597580874 0.08179006362512126
0 0.6983408188232946 0.6750463593530759 0.07633549328449345 0.10661225170164593
0 0.7760645636624347 0.6473231287743596 0.0712197100548034 0.10158063752593559
0 0.6165865384615384 0.9543269230769231 0.22355769230769232 0.09134615384615384
0 0.7824519230769231 0.9122596153846154 0.16105769230769232 0.17548076923076922
0 0.882946238081039 0.8041955417661044 0.12058987804185506 0.16140020296441454
0 0.9245657084930561 0.7567080705564024 0.09997269966209534 0.13886990010772712
0 0.9639423076923077 0.7139423076923077 0.07211538461538461 0.125