0 0.3713942307692308 0.44591346153846156 0.06009615384615385 0.06490384615384616
0 0.5084134615384616 0.45913461538461536 0.08413461538461539 0.038461538461538464
0 0.4725731493426123 0.4235959769963694 0.04889326310531153 0.05555417972694261
0 0.5259726231754273 0.26770959135955413 0.03391015380271566 0.04585488410466928
0 0.6249955136990782 0.4413039656456247 0.054681012077162125 0.07240907313949527
0 0.6430288461538461 0.4651442307692308 0.06009615384615385 0.026442307692307692
0 0.1600612950721672 0.4422036049042308 0.03659401614632129 0.050676561580176374
0 0.24568970399391027 0.4270820709455634 0.04945329548483068 0.06516956434232722
0 0.027219720183669797 0.4306171129821092 0.04676943314122498 0.06034788686682027
1 0.8749136553811934 0.3856013389463278 0.13748442898518945 0.1738181369711073
1 0.9867788461538461 0.38100961538461536 0.026442307692307692 0.1466346153846154
1 0.37740384615384615 0.5925480769230769 0.17307692307692307 0.2283653846153846
1 0.21754807692307693 0.6081730769230769 0.17067307692307693 0.25961538461538464
1 0.11298076923076923 0.5925480769230769 0.19230769230769232 0.2283653846153846
0 0.8030912628012439 0.8419335308943753 0.14681979741081447 0.16906638533467427
0 0.9038902062022428 0.7572123398166878 0.06782030760543119 0.09170976820933856
0 0.948699526015151 0.7839063805296619 0.04816951409002261 0.08438634840528167
0 0.9807692307692307 0.8185096153846154 0.038461538461538464 0.14182692307692307