0 0.020432692307692308 0.04927884615384615 0.040865384615384616 0.0985576923076923
0 0.03485576923076923 0.03245192307692308 0.055288461538461536 0.06490384615384616
0 0.028846153846153848 0.008413461538461538 0.04326923076923077 0.016826923076923076
0 0.07427476762421105 0.1264615954514838 0.06570702074949704 0.10912942504634525
0 0.11665116692132681 0.15151567646543887 0.11021545675451308 0.15958648573622425
0 0.14190806350372767 0.24457749026148504 0.13884359528059967 0.18997272862605558
0 0.2644230769230769 0.03485576923076923 0.14423076923076922 0.06971153846153846
0 0.33413461538461536 0.38822115384615385 0.20673076923076922 0.12259615384615384
0 0.48196263739649414 0.14699136507319732 0.0686573246117878 0.11648097160276344
0 0.4892666715510501 0.0663925148719113 0.06093519119239041 0.07773941695146537
0 0.5295497357074043 0.040113923815373445 0.04855165528419647 0.07223168416937426
0 0.5949519230769231 0.02403846153846154 0.04567307692307692 0.04807692307692308
0 0.5997596153846154 0.16706730769230768 0.036057692307692304 0.1658653846153846
0 0.7132051809647219 0.14584647019803862 0.09360654899765727 0.12990028332079198
0 0.6550480769230769 0.32572115384615385 0.07451923076923077 0.2091346153846154
0 0.7271634615384616 0.38822115384615385 0.21875 0.12259615384615384
0 0.8060967928349159 0.27804727596436246 0.11003330418503164 0.15718263958237808
0 0.9016518065627154 0.15401659993330621 0.08122301308946334 0.12439255053870071
0 0.9077496594155183 0.3104184622986311 0.13680405426571668 0.1946404128388683
1 0.3103292617249607 0.5867399841360273 0.12427422853862698 0.15561884199781062
1 0.4846991841635476 0.5753874741803211 0.1236919080795964 0.17951729544139242
0 0.6466346153846154 0.6646634615384616 0.057692307692307696 0.13221153846153846
0 0.7898370976582835 0.6709327492976377 0.08402702713285834 0.09823025903615264
0 0.8803621455334937 0.7554066522242378 0.13997237344807487 0.17328581364401224
0 0.9819711538461539 0.6574519230769231 0.036057692307692304 0.11778846153846154