0 0.8858173076923077 0.4362980769230769 0.04447115384615385 0.06610576923076923
0 0.6526442307692307 0.6201923076923077 0.030048076923076924 0.054086538461538464
0 0.5985576923076923 0.5793269230769231 0.026442307692307692 0.039663461538461536
0 0.5805288461538461 0.5697115384615384 0.026442307692307692 0.04807692307692308
0 0.4963942307692308 0.6213942307692307 0.03245192307692308 0.057692307692307696
0 0.4495192307692308 0.6526442307692307 0.051682692307692304 0.08173076923076923
0 0.453125 0.609375 0.038461538461538464 0.057692307692307696
0 0.49038461538461536 0.5733173076923077 0.020432692307692308 0.039663461538461536
0 0.5204326923076923 0.5721153846153846 0.020432692307692308 0.036057692307692304
0 0.4362980769230769 0.5612980769230769 0.015625 0.027644230769230768
0 0.4074519230769231 0.5901442307692307 0.030048076923076924 0.042067307692307696
0 0.37740384615384615 0.6201923076923077 0.03365384615384615 0.07211538461538461
0 0.3581730769230769 0.5841346153846154 0.03245192307692308 0.04807692307692308
0 0.3485576923076923 0.5480769230769231 0.02403846153846154 0.036057692307692304
0 0.35336538461538464 0.7163461538461539 0.057692307692307696 0.08413461538461539
0 0.2824519230769231 0.625 0.04567307692307692 0.07572115384615384
0 0.3004807692307692 0.59375 0.02403846153846154 0.04807692307692308
0 0.30649038461538464 0.5637019230769231 0.021634615384615384 0.036057692307692304
0 0.3016826923076923 0.5492788461538461 0.020432692307692308 0.03365384615384615
0 0.28125 0.546875 0.021634615384615384 0.03365384615384615
0 0.25841346153846156 0.5733173076923077 0.021634615384615384 0.039663461538461536
0 0.2403846153846154 0.5456730769230769 0.02403846153846154 0.04807692307692308
0 0.22355769230769232 0.5276442307692307 0.020432692307692308 0.036057692307692304
0 0.1935096153846154 0.5216346153846154 0.018028846153846152 0.036057692307692304
0 0.21033653846153846 0.5793269230769231 0.03245192307692308 0.04567307692307692
0 0.15865384615384615 0.6622596153846154 0.04567307692307692 0.08413461538461539
0 0.15144230769230768 0.578125 0.04807692307692308 0.07211538461538461
0 0.1814903846153846 0.5576923076923077 0.027644230769230768 0.04807692307692308
0 0.17548076923076922 0.53125 0.020432692307692308 0.03365384615384615
0 0.10817307692307693 0.5588942307692307 0.039663461538461536 0.057692307692307696
0 0.10216346153846154 0.5276442307692307 0.02403846153846154 0.04807692307692308
0 0.06370192307692307 0.5288461538461539 0.02403846153846154 0.039663461538461536
0 0.054086538461538464 0.5697115384615384 0.03245192307692308 0.054086538461538464
0 0.03485576923076923 0.53125 0.021634615384615384 0.039663461538461536