0 0.037259615384615384 0.390625 0.07451923076923077 0.2283653846153846
0 0.19593942772287676 0.19815682379064575 0.11592373613632335 0.1616787143338616
0 0.24310896245273178 0.24952900508525347 0.1359394023371513 0.17275131950509875
0 0.5226426946120186 0.3158254433351638 0.09733079487676832 0.13876903096287527
0 0.4887434689719876 0.2921154241850798 0.06313743123904832 0.10034335525192234
0 0.5001738286475915 0.2398862741689428 0.045574766435736706 0.060788901373494506
0 0.4991435521913481 0.22324150366150122 0.06514882890786512 0.09571781551371163
0 0.6084945696677616 0.3762113380025563 0.12750136317685473 0.18644578615024934
0 0.7130369030060686 0.23689584933123642 0.0535220466236637 0.099614744973996
0 0.7423000829590868 0.24423432682810137 0.06794512354674062 0.10070766039088551
0 0.769797244729473 0.2732074197095817 0.06593372587792382 0.10533320012909624
0 0.8093136372690899 0.30126974974365406 0.07932652634475747 0.12307088605342724
0 0.8476522876214531 0.2266953054402682 0.05494477156493634 0.08777766677424682
0 0.8726231118609836 0.30125039896008465 0.09850814033185638 0.1531921078859522
0 0.9285985566143294 0.3471773539538144 0.10846681818860031 0.1873924117482428
0 0.96875 0.3713942307692308 0.0625 0.2091346153846154
0 0.9651442307692307 0.23557692307692307 0.06971153846153846 0.10096153846153846
0 0.9395131829635629 0.11103604179315377 0.057544841961297305 0.09036366549757456