0 0.10096153846153846 0.32211538461538464 0.09134615384615384 0.052884615384615384
0 0.3112980769230769 0.3317307692307692 0.10336538461538461 0.03365384615384615
0 0.9014423076923077 0.09975961538461539 0.17307692307692307 0.19951923076923078
0 0.21117034063652412 0.8787587087891031 0.02571855867701864 0.02940565524893165
0 0.3557692307692308 0.9735576923076923 0.04326923076923077 0.052884615384615384
0 0.3761493811760804 0.9391656032239323 0.026278591056537855 0.039021039864316265
0 0.38221153846153844 0.9230769230769231 0.014423076923076924 0.028846153846153848
0 0.3512590167978952 0.9325685113664003 0.026418599151417456 0.04142488601816242
0 0.31124553502223407 0.9376549494364321 0.02331471252317276 0.029349705108653704
0 0.29518865646714987 0.9240421446083341 0.02868243721038401 0.039076990004594206
0 0.2600410167761761 0.9075778925041672 0.020910866369326604 0.029293754968376034
0 0.171875 0.9903846153846154 0.06009615384615385 0.019230769230769232
0 0.14843774152854478 0.9639543669608981 0.03673402424120102 0.053667917348504415
0 0.17324624758884502 0.951292714517522 0.04098168416937425 0.04416443301367515
0 0.1568974985735561 0.9220269346192846 0.023314712523172625 0.029349705108653704
0 0.08922793175821933 0.9060092786982911 0.02812240483086493 0.02946160538920932
0 0.058071644346549295 0.9450013385534193 0.03363013761295605 0.041592736438995706
0 0.05840981031330372 0.9185310557909727 0.02063085017956686 0.024486062660683726
0 0.012958599802991454 0.9343229012727569 0.025858566771898513 0.0318095014027778
0 0.006009615384615385 0.8966346153846154 0.01201923076923077 0.02403846153846154
0 0.4653931704485768 0.6052986792721156 0.049313287389950874 0.06356305266527794
0 0.4976458140783949 0.5061545154305558 0.044785611272018105 0.06825884469241462
0 0.47747167257003287 0.7078817668626605 0.11190587840305041 0.14904047141655988
0 0.6266382879329291 0.6884861620282055 0.06950040474398843 0.12164701133952988
0 0.5979547291473147 0.6023663216027781 0.04662942504634525 0.058699410217307686
0 0.4299429276021838 0.676686712063889 0.06301261529773888 0.09268895721282054
0 0.7756993364370502 0.60891047813718 0.05848493917980618 0.09738474923995738
0 0.7939263404627711 0.5852636675806628 0.046909441236104715 0.063507102525
0 0.8381874821666053 0.5899045144065711 0.05157712544891729 0.06121515665170945
0 0.8577112434328095 0.7299710179428425 0.08999124682867556 0.14372922784636744
0 0.9444241543022556 0.6669974516285797 0.07573188654136832 0.10498793868344022
0 0.9321593485793701 0.6089414680244664 0.05708485823100828 0.07334628770149584