0 0.25685574977223496 0.19385561811763746 0.048369502714714886 0.06932298911985454
0 0.28393559145772806 0.20350064993019815 0.053359347591888776 0.0719507571417186
0 0.3456890498045091 0.2123652691320433 0.0723721015025906 0.10158063752593559
0 0.3834771915222762 0.2368812216037169 0.07477594765643676 0.1016925984599446
0 0.4326923076923077 0.2512019230769231 0.11057692307692307 0.1466346153846154
0 0.6589398496825579 0.38762525227318984 0.1651037504034258 0.18734200038102927
0 0.8294652173784625 0.282985572626092 0.0932422438586941 0.12411094038262313
0 0.7115677481799672 0.2918665833157228 0.08107672327056757 0.0900092504927409
0 0.7532693313250352 0.20997118661128766 0.069786102779263 0.09906483043808041
0 0.8919458665948929 0.22241855570142116 0.09491747973461405 0.11460751670124754
0 0.8415368228652951 0.15779129795524993 0.054852430898327004 0.06004348730649685
0 0.8605769230769231 0.008413461538461538 0.038461538461538464 0.016826923076923076
0 0.9807692307692307 0.1502403846153846 0.038461538461538464 0.07932692307692307
0 0.5435523954813893 0.22415708595695616 0.04006504883628698 0.05456402939475055
0 0.6240260281010804 0.19556781510334395 0.05558104117625335 0.06965887192188146
1 0.010817307692307692 0.9807692307692307 0.021634615384615384 0.038461538461538464
0 0.5060096153846154 0.6550480769230769 0.036057692307692304 0.06490384615384616
0 0.5476494088864482 0.6794192854851702 0.043561810407022575 0.0690990672518365
0 0.5670981934372846 0.6515807800450973 0.04614780913035032 0.07161487433969167
0 0.6456785748609886 0.6612291257850058 0.04614780913035032 0.07161487433969167
0 0.6689719141545076 0.7473493907846073 0.06683579891697224 0.09174133104253293
0 0.6694711538461539 0.9254807692307693 0.15625 0.14903846153846154
0 0.6241708985116996 0.6302853613898567 0.052230569424413724 0.0886657192846328
0 0.5985576923076923 0.5348557692307693 0.038461538461538464 0.05048076923076923
0 0.6388837162560151 0.539946855949784 0.033035662944230035 0.056631992746569645
0 0.7084518037152109 0.6677458793000093 0.05408795786981512 0.08156614175710321
0 0.669970914470103 0.60247650314696 0.043197505268059405 0.06429137494414419
0 0.7215625304930545 0.6036817401512307 0.0383898129603671 0.06406745307612628
0 0.7139423076923077 0.5384615384615384 0.04326923076923077 0.057692307692307696
0 0.7781992049273351 0.6398547073202796 0.04337965783754099 0.06669522109799021
0 0.7627577769050933 0.7205778281449676 0.07310071178051694 0.1111960221413202
0 0.769457301000496 0.6035171126775647 0.02491336163528392 0.04427687917531195
0 0.7950799221301366 0.5939313752593561 0.030267511651420984 0.051712339504868456
0 0.8138194471866164 0.6199554864128038 0.037843355251922346 0.056855914614587826
0 0.8485576923076923 0.5396634615384616 0.07692307692307693 0.06009615384615385
0 0.8749740731073505 0.7473626464939975 0.08045854006095145 0.1450737901631844
0 0.956265972881432 0.6505436625907925 0.056491804023661274 0.08167810269111223
0 0.9566840721462737 0.6086442962994985 0.035439509098076465 0.0567439536805788
0 0.9783653846153846 0.609375 0.04326923076923077 0.06971153846153846
0 0.9771634615384616 0.7896634615384616 0.04567307692307692 0.19951923076923078