0 0.23090888303319268 0.3150770580412322 0.04401489058191356 0.06033390169900535
0 0.9807692307692307 0.9122596153846154 0.038461538461538464 0.10817307692307693
0 0.8832790496829073 0.8434555101207398 0.04489675225254164 0.07716082477592842
0 0.7920673076923077 0.9615384615384616 0.07451923076923077 0.07692307692307693
0 0.7904841230921501 0.871631177266933 0.06361337890938207 0.11331641325832437
0 0.7307692307692307 0.8233173076923077 0.04326923076923077 0.10336538461538461
0 0.7626202571070752 0.738420500661786 0.04236692586003432 0.07474299345426748
0 0.8689666205695652 0.7726469373408893 0.04211496538271199 0.06993530114657517
0 0.866678533035096 0.7245979845995958 0.0438889103432524 0.05793005554515919
0 0.9364428399966809 0.6773313999007815 0.024406180635160844 0.0530104818949486
0 0.9742217087648671 0.7359878828171608 0.029717793897497805 0.06265383684596279
0 0.9759615384615384 0.8149038461538461 0.04807692307692308 0.09615384615384616
0 0.9766834342284019 0.7119424286947917 0.026684046550345834 0.05062062090891709
0 0.7288353199049257 0.7181905932874082 0.0350294071598347 0.07229719179697697
0 0.7127403846153846 0.7079326923076923 0.007211538461538462 0.055288461538461536