0 0.09975961538461539 0.8737980769230769 0.19471153846153846 0.25240384615384615
0 0.15495209244407 0.7079660525169305 0.07944083323557703 0.10862060229315035
0 0.19520403539449743 0.6308192129088167 0.03242495294583341 0.05066257641236159
0 0.2574812397724355 0.5883952834372318 0.027393460077030012 0.0410192214613474
0 0.06343909311613197 0.6640333276316462 0.05210332329882483 0.07000522698564911
0 0.07772329962756362 0.618283332285588 0.02498961392318386 0.04100523629353248
0 0.36778846153846156 0.6502403846153846 0.04326923076923077 0.055288461538461536
0 0.34298462371575805 0.6323629712420529 0.02968540595032055 0.03622551432146974
0 0.3265773266909183 0.6144320212629104 0.027225609656196588 0.033807682999808936
0 0.007211538461538462 0.625 0.014423076923076924 0.038461538461538464
1 0.7685193332087068 0.6809853158637531 0.03505259966079066 0.06029194619556112
1 0.8657581774636743 0.9436051074938707 0.04237603840288474 0.06514159400669765
1 0.8586355889077986 0.6816627951476213 0.03236900280555561 0.04825873025851543
1 0.8801313338807688 0.6358708442981187 0.027505360357585492 0.045826913769039704
1 0.9381003774573178 0.7785430686726874 0.027505360357585627 0.045826913769039704
1 0.9660803090682152 0.7639591623197404 0.03259280336666684 0.05787411487390005