1 0.12620192307692307 0.06009615384615385 0.08413461538461539 0.1201923076923077
1 0.2491748869273447 0.06261643338239099 0.053960188504862734 0.08749648134343793
1 0.3411093673162925 0.07741744024261546 0.04489962376597189 0.0605498937573069
1 0.36590424869548915 0.0899156809143345 0.03751999200649218 0.0576417677096374
0 0.5765176371288345 0.30352180201075996 0.08974870754927321 0.15458554037051897
0 0.6460522856510268 0.42559664264672026 0.12984063900755266 0.21479924753194352
0 0.6637202351840954 0.26775799299124464 0.08717676809748608 0.15201360091873156
0 0.8556747075795356 0.34457119330757596 0.0919844604051784 0.15234978751461378
0 0.9297989750952487 0.327029593731183 0.09215255370311909 0.15475363366845996
0 0.08052884615384616 0.9495192307692307 0.16105769230769232 0.10096153846153846
0 0.109375 0.9278846153846154 0.15625 0.14423076923076922
0 0.47716346153846156 0.953125 0.10336538461538461 0.09375
0 0.4675480769230769 0.6586538461538461 0.12259615384615384 0.15865384615384615