0 0.6983173076923077 0.42788461538461536 0.1658653846153846 0.20192307692307693
0 0.8717615939170843 0.17775453428734597 0.08412643509773113 0.11871151385692258
0 0.9711538461538461 0.35336538461538464 0.057692307692307696 0.1201923076923077
0 0.14423076923076922 0.6490384615384616 0.1778846153846154 0.2403846153846154
0 0.27411197701157175 0.781022019414409 0.10281439344802862 0.16458038975664271
0 0.35216346153846156 0.8557692307692307 0.24278846153846154 0.28846153846153844
0 0.5348557692307693 0.7548076923076923 0.04567307692307692 0.13942307692307693
0 0.5745192307692307 0.6935096153846154 0.03365384615384615 0.055288461538461536
0 0.5600961538461539 0.6514423076923077 0.004807692307692308 0.03365384615384615
0 0.5649038461538461 0.6262019230769231 0.014423076923076924 0.021634615384615384
0 0.5841142717762533 0.6455123958282549 0.025605649137092658 0.03874125128531452
0 0.628856831062643 0.6678174799246188 0.033013086048459976 0.043632857440139686
0 0.6446063126655072 0.6940639886402834 0.04071437063457085 0.055736002056503316
0 0.6550848882140564 0.7612178388948988 0.06852796747568081 0.08969753231650315
0 0.6157560686759112 0.6355333845419614 0.015304619947307047 0.021802443078881104
0 0.6350847871315948 0.6329057681290944 0.01520667072239262 0.01939859692503495
0 0.644406324072236 0.6400054214611224 0.015304619947307047 0.021802443078881104
0 0.6558378594919803 0.6542886419723113 0.020406159929742637 0.029069924105174803
0 0.6624841448385393 0.6385937137663672 0.020210261479913783 0.02426223179748236
0 0.6797783718055274 0.6564127753023814 0.023005904533417647 0.03390558769524459
0 0.681763888681766 0.6371680204304233 0.015402569172221475 0.024206289232727256
0 0.7064655525601211 0.6500954758116124 0.020406159929742637 0.029069924105174803
0 0.7126975987725152 0.6740500235029411 0.0354169322023064 0.04366082872251731
0 0.7463555350698032 0.7325246850365077 0.050623602924698745 0.06305942564755213
0 0.827619000410508 0.7135588009230117 0.05312539830345933 0.0654912430837759
0 0.8786874649907639 0.698548327070005 0.030511290669699393 0.04120104000391592
0 0.9034605457160837 0.6802397680923828 0.025409750687263803 0.033933558977622354
0 0.9151104218201642 0.6596812050139913 0.018002313775896485 0.02904195282279705
0 0.9280867026040318 0.6655369783455298 0.02030821070482821 0.02666607795132865
0 0.9533760618318738 0.6640413568036418 0.02550769991217823 0.03633740513146837
0 0.9675052910802073 0.6710850675709147 0.02030821070482821 0.02666607795132865
0 0.9869319587608055 0.6660536050042014 0.01800231377589621 0.02904195282279705
0 0.9975961538461539 0.6682692307692307 0.004807692307692308 0.028846153846153848
0 0.8050497772457631 0.6777808214390955 0.023103853758332075 0.03630943384909075
0 0.7685737556604633 0.6589836070851791 0.025703598362007085 0.04114509743916068
0 0.7381828564501857 0.6677467096533609 0.025703598362007085 0.04114509743916068
0 0.736954400995313 0.6389285270895845 0.02030821070482821 0.026666077951328512
0 0.7545914502495014 0.6483341270871372 0.017904364550982058 0.026638106668950893
0 0.7048453002055906 0.6308926778632208 0.015304619947307047 0.021802443078881104
0 0.782431579468561 0.6432047650321023 0.020406159929742637 0.029069924105174803
0 0.7990136294831979 0.6490185814400745 0.015108721497478191 0.016994750771188796
0 0.8135346556311893 0.6464469075919627 0.015500518397135902 0.026610135386573412
0 0.831465552560121 0.6486409691279769 0.017806415326067356 0.02423426051510474
0 0.8534695226098866 0.6688079342530818 0.01800231377589621 0.02904195282279705
0 0.8682843964326215 0.6590247219434315 0.020406159929742637 0.029069924105174803