0 0.3894230769230769 0.078125 0.3076923076923077 0.15625
0 0.13341346153846154 0.9567307692307693 0.13221153846153846 0.08653846153846154
0 0.28792599176717454 0.8976453995690918 0.0972964326066939 0.1578767474704783
0 0.192309932173452 0.8601684901711535 0.0930435601754953 0.1313224788441616
0 0.190670742535306 0.7979483925061761 0.08583202171395683 0.13098659604213453
0 0.14550194550605244 0.7928641117908088 0.07503998401298435 0.11371182922917537
0 0.10262767799033935 0.7720988506084372 0.06234838005198906 0.10353663994374565
0 0.4257933657346361 0.6564144493247136 0.04898440289922918 0.08374606604293146
0 0.5228365384615384 0.7067307692307693 0.05048076923076923 0.10576923076923077
1 0.6634615384615384 0.4855769230769231 0.10096153846153846 0.11538461538461539
1 0.9555288461538461 0.515625 0.0889423076923077 0.17548076923076922
1 0.75 0.484375 0.1778846153846154 0.11298076923076923
1 0.8341346153846154 0.5096153846153846 0.14903846153846154 0.16346153846153846