0 0.41466346153846156 0.07211538461538461 0.11298076923076923 0.14423076923076922
0 0.5348557692307693 0.055288461538461536 0.12259615384615384 0.11057692307692307
0 0.65625 0.04927884615384615 0.15384615384615385 0.0985576923076923
0 0.8365384615384616 0.06490384615384616 0.15865384615384615 0.12980769230769232
0 0.019230769230769232 0.5685096153846154 0.038461538461538464 0.10336538461538461
0 0.05766841404772276 0.5105577807325845 0.03692933235903627 0.06269579234940714
0 0.06286937950032484 0.44921075572215585 0.029339853181514313 0.05544229838442432
0 0.08280326166301458 0.4166329661348996 0.02921387294285315 0.05303845223057817
0 0.06035999634638586 0.35544677055434104 0.021120472810686613 0.03616957365021067
0 0.026895120550531414 0.35924833213451746 0.0235243189645327 0.03618355881802545
0 0.007211538461538462 0.41586538461538464 0.014423076923076924 0.0625
0 0.14666860104971893 0.534085783645806 0.04818246007701587 0.09400173302066642
0 0.13770356086620844 0.45478683090451255 0.03174369933536033 0.05545628355223911
0 0.12986723202100633 0.41996602459328025 0.0335176442959008 0.043451037950823126
0 0.09660665901206987 0.3588427622678883 0.023146378248549346 0.028972020356487056
0 0.1971153846153846 0.3389423076923077 0.019230769230769232 0.019230769230769232
0 0.16472811206141766 0.39691970861451986 0.02428020039649968 0.05060663574110237
0 0.21578090317580415 0.384599796737271 0.023902259680516187 0.043395097279563984
0 0.2077351607340419 0.4375473453770529 0.031869679574021634 0.05786012970608526
0 0.27034580854377677 0.5081181703040519 0.05438615662926502 0.07481291929334141
0 0.2544909517086484 0.6873515530276458 0.07891831750308703 0.13022724734213617
0 0.3401442307692308 0.5997596153846154 0.036057692307692304 0.11778846153846154
0 0.3425480769230769 0.4831730769230769 0.03125 0.0673076923076923
0 0.34975961538461536 0.421875 0.016826923076923076 0.05048076923076923
0 0.3422977768493801 0.38987519081160954 0.02137243328800887 0.04097726595790304
0 0.29611566816201645 0.40336905543015195 0.031617719096699165 0.05305243739839295
0 0.25031661100027847 0.40123092746478695 0.026684046550345834 0.05062062090891723
0 0.2634168954174132 0.37590663184251344 0.01884260689550169 0.038559434636242035
0 0.29086538461538464 0.33533653846153844 0.019230769230769232 0.01201923076923077
0 0.5170975367904227 0.7123541897901788 0.17768708381096504 0.3182446985512837
0 0.6167941620557075 0.7105718822489417 0.13240216922315567 0.2795314270690788
0 0.8852418354026739 0.5334758261355635 0.10231665622895857 0.16400696000631554
0 0.9110576923076923 0.8269230769230769 0.1778846153846154 0.34615384615384615