0 0.12379807692307693 0.5913461538461539 0.0733173076923077 0.1201923076923077
0 0.07451923076923077 0.5204326923076923 0.054086538461538464 0.078125
0 0.0673076923076923 0.46634615384615385 0.046875 0.06850961538461539
0 0.171875 0.46033653846153844 0.038461538461538464 0.057692307692307696
0 0.2439903846153846 0.5012019230769231 0.056490384615384616 0.07091346153846154
0 0.22596153846153846 0.4723557692307692 0.05048076923076923 0.06490384615384616
0 0.296875 0.6610576923076923 0.09615384615384616 0.14423076923076922
0 0.33413461538461536 0.5769230769230769 0.06490384615384616 0.10697115384615384
0 0.4807692307692308 0.6298076923076923 0.0889423076923077 0.14903846153846154
0 0.43509615384615385 0.4699519230769231 0.039663461538461536 0.055288461538461536
0 0.39302884615384615 0.4387019230769231 0.03245192307692308 0.055288461538461536
0 0.4699519230769231 0.44471153846153844 0.027644230769230768 0.046875
0 0.5168269230769231 0.4891826923076923 0.04326923076923077 0.06850961538461539
0 0.5396634615384616 0.4651442307692308 0.03245192307692308 0.04927884615384615
0 0.6201923076923077 0.5228365384615384 0.06490384615384616 0.08173076923076923
0 0.6141826923076923 0.47596153846153844 0.038461538461538464 0.052884615384615384
0 0.5949519230769231 0.4375 0.03125 0.042067307692307696
0 0.6814903846153846 0.42427884615384615 0.03125 0.057692307692307696
0 0.6971153846153846 0.4651442307692308 0.038461538461538464 0.055288461538461536
0 0.7524038461538461 0.5204326923076923 0.04567307692307692 0.057692307692307696
0 0.7596153846153846 0.44471153846153844 0.03485576923076923 0.057692307692307696
0 0.8112980769230769 0.4639423076923077 0.03485576923076923 0.057692307692307696
0 0.8894230769230769 0.46153846153846156 0.038461538461538464 0.06490384615384616
0 0.828125 0.6045673076923077 0.09975961538461539 0.12620192307692307
0 0.9759615384615384 0.5709134615384616 0.04326923076923077 0.109375
0 0.9807692307692307 0.48197115384615385 0.03485576923076923 0.0733173076923077