0 0.019313261116554445 0.18249398251972235 0.030637528790298036 0.03879719385006976
0 0.07083132595058086 0.22999749430790442 0.030637528790298036 0.03879719385006976
0 0.013221153846153846 0.23317307692307693 0.026442307692307692 0.04326923076923077
0 0.0785500025425075 0.29244155174314923 0.045956293185446986 0.058195790775104575
0 0.10616458611456213 0.26566358866231027 0.03885671565791755 0.060515723081818004
0 0.11851638575847237 0.22102460712189076 0.0283456435704609 0.041173068721538295
0 0.1272920633687894 0.2028838758385342 0.030861450658316077 0.04360488615776207
0 0.15071805369754898 0.24109367275867416 0.03393706241621622 0.05805593436321661
0 0.18906763122507841 0.2382422860867863 0.03589306483402643 0.04846852103020961
0 0.21735398040118722 0.22588739992902424 0.030861450658316077 0.04360488615776207
0 0.23907090952263557 0.20158321120797543 0.031309294394352025 0.053220270773146686
0 0.3638996541942744 0.14481227170350072 0.03142125532836104 0.05562411692699284
0 0.46973480721255245 0.2999154491260188 0.051435751097193415 0.07267481026293673
0 0.5660236336428885 0.2242354101381173 0.038632793789899506 0.0557080307741257
0 0.7151442307692307 0.16947115384615385 0.13221153846153846 0.3389423076923077
0 0.7752403846153846 0.06129807692307692 0.18509615384615385 0.12259615384615384
0 0.3013569294366603 0.8277868184155266 0.08984462301907488 0.12357514872937013
0 0.39194900394192717 0.836353279941751 0.11293473054580752 0.15507689027076857
0 0.9399038461538461 0.8197115384615384 0.1201923076923077 0.2932692307692308
0 0.9459134615384616 0.6129807692307693 0.10817307692307693 0.18269230769230768
0 0.851887051279739 0.5758872974097914 0.13692052554461215 0.20580940104293624
0 0.7913627591126822 0.4382954974171337 0.09498819812879432 0.13084262975566383
0 0.7257608140849535 0.44988201537482564 0.075085663293971 0.11619578257356594