0 0.0985576923076923 0.5264423076923077 0.04567307692307692 0.06971153846153846
0 0.15264423076923078 0.5084134615384616 0.04447115384615385 0.06370192307692307
0 0.22956730769230768 0.5288461538461539 0.03485576923076923 0.054086538461538464
0 0.24278846153846154 0.5180288461538461 0.027644230769230768 0.042067307692307696
0 0.3449519230769231 0.5204326923076923 0.03125 0.04927884615384615
0 0.39783653846153844 0.5192307692307693 0.02403846153846154 0.046875
0 0.43990384615384615 0.5180288461538461 0.03125 0.051682692307692304
0 0.46875 0.5252403846153846 0.02403846153846154 0.040865384615384616
0 0.48197115384615385 0.515625 0.025240384615384616 0.04326923076923077
0 0.5252403846153846 0.5216346153846154 0.02403846153846154 0.03485576923076923
0 0.5600961538461539 0.5276442307692307 0.021634615384615384 0.03245192307692308
0 0.5721153846153846 0.5204326923076923 0.016826923076923076 0.03365384615384615
0 0.6117788461538461 0.5300480769230769 0.026442307692307692 0.030048076923076924
0 0.6189903846153846 0.5120192307692307 0.016826923076923076 0.03245192307692308
0 0.6466346153846154 0.53125 0.020432692307692308 0.028846153846153848
0 0.6778846153846154 0.5324519230769231 0.025240384615384616 0.03245192307692308
0 0.7271634615384616 0.5192307692307693 0.019230769230769232 0.030048076923076924
0 0.7524038461538461 0.5252403846153846 0.018028846153846152 0.03365384615384615
0 0.7884615384615384 0.53125 0.02403846153846154 0.036057692307692304
0 0.8473557692307693 0.5192307692307693 0.020432692307692308 0.03365384615384615
0 0.8858173076923077 0.5216346153846154 0.027644230769230768 0.03485576923076923
0 0.921875 0.5216346153846154 0.019230769230769232 0.03125
0 0.9387019230769231 0.5204326923076923 0.013221153846153846 0.02283653846153846
0 0.7944711538461539 0.5276442307692307 0.015625 0.02283653846153846