0 0.07091346153846154 0.42788461538461536 0.14182692307692307 0.16346153846153846
0 0.014423076923076924 0.29086538461538464 0.028846153846153848 0.1201923076923077
0 0.016826923076923076 0.17668269230769232 0.03365384615384615 0.06490384615384616
0 0.06100473238971942 0.24133609608810774 0.07437176503822038 0.08849691536220784
0 0.08403729672768961 0.17951343331938452 0.05577882377866535 0.06637268652165584
0 0.159611183208916 0.1497358867778587 0.05519015105112132 0.05916114806011738
0 0.16979086129609253 0.18661080587566678 0.05141273519967244 0.04226428020377481
0 0.1734703633923669 0.229670202306639 0.07299819534061772 0.07166999228528476
0 0.18649549136208898 0.29044369338406967 0.10336498788321886 0.12051630793582237
0 0.3025910724851749 0.1755523045460553 0.05715239347626795 0.08319960959857892
0 0.35209072050337087 0.1861026949474764 0.06416770769529173 0.08100559778299132
0 0.4130944610626758 0.1879248723030481 0.0567599449912386 0.07839191729088661
0 0.4749568314575446 0.22329597864333672 0.08776456550505388 0.10567356233622846
0 0.3988434274924443 0.28906127271313536 0.09777239860546785 0.11076103376159875
0 0.38660379159102953 0.39493542065149534 0.1333393319407906 0.1645549312786678
0 0.5024038461538461 0.4519230769230769 0.1971153846153846 0.11538461538461539
0 0.5637019230769231 0.3076923076923077 0.0889423076923077 0.15384615384615385
0 0.5925480769230769 0.13701923076923078 0.03125 0.07692307692307693
0 0.6506591960169951 0.32383987098315603 0.060144912357658134 0.09048109283953701
0 0.6201923076923077 0.27283653846153844 0.02403846153846154 0.05048076923076923
0 0.6405284748074058 0.25698681974169063 0.029778119815057052 0.04163477718899928
0 0.6872072505648912 0.2580267426968563 0.015992870863194265 0.019650437907286343
0 0.7094796939207206 0.27896191028727657 0.01918161398709919 0.029335767302090386
0 0.7608188946209709 0.2522876576937921 0.016973992075767576 0.03166966867651711
0 0.7825761997486786 0.2648443361354606 0.016189095105708873 0.0220542840611325
0 0.8205963328476005 0.29851104411609813 0.03497826060777871 0.04658235905553058
0 0.824226481334122 0.2540398902699442 0.0239893062947915 0.02947565686092938
0 0.8710279468346998 0.26826599468155404 0.02918944708751316 0.034423238727460816
0 0.9114519260874677 0.30186275788277217 0.04817483683209754 0.06135515987570491
0 0.9951923076923077 0.2800480769230769 0.009615384615384616 0.040865384615384616
0 0.018028846153846152 0.5769230769230769 0.036057692307692304 0.057692307692307696
0 0.14347203681120882 0.6963439694869721 0.041944419583132324 0.07316455630667726
0 0.16449340184644518 0.6885379004003678 0.03134791375517446 0.060865546419768504
0 0.22385361560012754 0.6664265333866073 0.0843304428949643 0.12236059585431255
0 0.3870192307692308 0.5588942307692307 0.09134615384615384 0.0985576923076923
0 0.284440528418651 0.7174226397268959 0.04115952261307362 0.06354917169129265
0 0.5148416899586046 0.6711493965332908 0.035566933335322605 0.05379389751706904
0 0.5802606743405724 0.6776393766377157 0.03998217715798583 0.04912609476821572
0 0.569811237511459 0.6587583313040442 0.029974344057571593 0.04403862334284543
0 0.6346153846153846 0.8004807692307693 0.052884615384615384 0.3269230769230769
0 0.6538461538461539 0.6334134615384616 0.09134615384615384 0.23798076923076922
0 0.7692307692307693 0.5925480769230769 0.1778846153846154 0.1658653846153846
0 0.78125 0.8641826923076923 0.22596153846153846 0.27163461538461536