0 0.038461538461538464 0.18629807692307693 0.07692307692307693 0.11778846153846154
0 0.1770138542181343 0.14693073105847135 0.06292985336627219 0.08441783164698545
0 0.3636163372518968 0.33112125565051037 0.16080679779651938 0.22798346312839585
0 0.5857696364965802 0.5092299710520961 0.05510213306073798 0.07446656422957378
0 0.5854509312831883 0.2597041480579605 0.04967825890904966 0.06462725774617112
0 0.6543258340006264 0.4879542578119886 0.05316042328988857 0.08156614175710349
0 0.6808613059317958 0.45055303429618804 0.04185053860351546 0.05467599032875971
0 0.78125 0.5661057692307693 0.12980769230769232 0.1466346153846154
0 0.7446849914529933 0.524733068336044 0.10733828358463281 0.14160962906360033
0 0.8441830980350418 0.4971941706461273 0.0774138115114862 0.12343917477856901
0 0.864046190618169 0.4685422914708154 0.06191241636141653 0.10594048609759181
0 0.9150195368430037 0.4926894000159383 0.06447030797626169 0.10845629318544726
0 0.9627403846153846 0.46274038461538464 0.07451923076923077 0.13221153846153846
0 0.9422804963653933 0.39136233155519684 0.04502461206235663 0.06680718203199937
1 0.421875 0.7908653846153846 0.19471153846153846 0.30288461538461536
1 0.6069711538461539 0.9855769230769231 0.05048076923076923 0.028846153846153848
1 0.975800123377915 0.9027460717722448 0.04006287429366505 0.06417941401013517
1 0.7466483699491733 0.9387347060524944 0.03735093721782116 0.05925976076843384