0 0.051682692307692304 0.27884615384615385 0.10336538461538461 0.15865384615384615
0 0.2800480769230769 0.0733173076923077 0.20432692307692307 0.1466346153846154
0 0.35216346153846156 0.41466346153846156 0.29086538461538464 0.18990384615384615
0 0.5216346153846154 0.24759615384615385 0.052884615384615384 0.10576923076923077
0 0.6682692307692307 0.04326923076923077 0.1778846153846154 0.08653846153846154
0 0.5757211538461539 0.8125 0.055288461538461536 0.1346153846153846
0 0.6575896964461594 0.7801255667964022 0.08359099649272381 0.15648510663054166
0 0.7429262349076979 0.7741582547194921 0.06421393744305867 0.12165460739110756
0 0.837860226609328 0.751977616099788 0.06552486818001532 0.10739962376597176
0 0.8659225566434005 0.7918597109188609 0.03984703351621951 0.0840840754019451
0 0.9771634615384616 0.7367788461538461 0.04567307692307692 0.11298076923076923
0 0.7778910117985007 0.7860599321734519 0.04261518480902911 0.08905986100757851