0 0.2668269230769231 0.6358173076923077 0.12379807692307693 0.2127403846153846
0 0.18870192307692307 0.5216346153846154 0.078125 0.11298076923076923
0 0.09134615384615384 0.4879807692307692 0.06490384615384616 0.09495192307692307
0 0.027644230769230768 0.46274038461538464 0.051682692307692304 0.09495192307692307
0 0.056490384615384616 0.4050480769230769 0.037259615384615384 0.05048076923076923
0 0.1045673076923077 0.40384615384615385 0.046875 0.07211538461538461
0 0.13822115384615385 0.40384615384615385 0.026442307692307692 0.04807692307692308
0 0.18389423076923078 0.4206730769230769 0.046875 0.07692307692307693
0 0.21514423076923078 0.40865384615384615 0.030048076923076924 0.057692307692307696
0 0.25721153846153844 0.44591346153846156 0.056490384615384616 0.09254807692307693
0 0.28846153846153844 0.4230769230769231 0.039663461538461536 0.08052884615384616
0 0.3088942307692308 0.40384615384615385 0.03485576923076923 0.0625
0 0.24278846153846154 0.38341346153846156 0.018028846153846152 0.03245192307692308
0 0.3449519230769231 0.38100961538461536 0.02283653846153846 0.037259615384615384
0 0.33774038461538464 0.3581730769230769 0.026442307692307692 0.042067307692307696
0 0.3581730769230769 0.49038461538461536 0.06009615384615385 0.09495192307692307
0 0.3786057692307692 0.43028846153846156 0.04326923076923077 0.08052884615384616
0 0.3762019230769231 0.38461538461538464 0.030048076923076924 0.06009615384615385
0 0.4387019230769231 0.4206730769230769 0.042067307692307696 0.0625
0 0.47475961538461536 0.43509615384615385 0.05889423076923077 0.09014423076923077
0 0.47596153846153844 0.38341346153846156 0.03125 0.052884615384615384
0 0.5072115384615384 0.4026442307692308 0.030048076923076924 0.06971153846153846
0 0.5432692307692307 0.48677884615384615 0.09975961538461539 0.14783653846153846
0 0.65625 0.6959134615384616 0.15985576923076922 0.3125
0 0.8449519230769231 0.6262019230769231 0.0829326923076923 0.16706730769230768
0 0.8641826923076923 0.5288461538461539 0.078125 0.11778846153846154
0 0.9002403846153846 0.4987980769230769 0.05048076923076923 0.09254807692307693
0 0.9194711538461539 0.4651442307692308 0.046875 0.08533653846153846
0 0.9411057692307693 0.4338942307692308 0.037259615384615384 0.0625
0 0.8557692307692307 0.41586538461538464 0.03125 0.052884615384615384
0 0.8317307692307693 0.41466346153846156 0.030048076923076924 0.055288461538461536
0 0.8125 0.4362980769230769 0.03485576923076923 0.057692307692307696
0 0.78125 0.44471153846153844 0.04326923076923077 0.07451923076923077
0 0.7463942307692307 0.4735576923076923 0.052884615384615384 0.0829326923076923
0 0.6598557692307693 0.4855769230769231 0.06971153846153846 0.1045673076923077
0 0.6947115384615384 0.39783653846153844 0.028846153846153848 0.055288461538461536
0 0.6646634615384616 0.4026442307692308 0.03485576923076923 0.055288461538461536
0 0.6057692307692307 0.4206730769230769 0.03125 0.0625
0 0.6177884615384616 0.3942307692307692 0.028846153846153848 0.042067307692307696
0 0.5721153846153846 0.39783653846153844 0.021634615384615384 0.04447115384615385
0 0.5456730769230769 0.4110576923076923 0.03125 0.057692307692307696
0 0.5396634615384616 0.37740384615384615 0.026442307692307692 0.030048076923076924
0 0.6694711538461539 0.27283653846153844 0.028846153846153848 0.04447115384615385