0 0.053135677216489145 0.41579020429054125 0.10433669657764479 0.1481427869778802
0 0.09250120093676517 0.36171980733736514 0.08162463971897045 0.120314070136582
0 0.1350317223756954 0.31823564988499825 0.06901771360025294 0.1051207659085102
0 0.10919955226738194 0.2755360188403324 0.06411207206764621 0.10240882883266618
0 0.21151402778665732 0.3241235028253394 0.06641796899657794 0.10015902813981903
0 0.24003980158011812 0.30071736463923604 0.05361514442803161 0.08015803160405491
0 0.2307896814864416 0.2629490307521929 0.0409102690843997 0.06256088122213709
0 0.15384615384615385 0.44471153846153844 0.12980769230769232 0.11057692307692307
0 0.28280093413371127 0.39867501661129484 0.059598227434697254 0.10931227637220677
0 0.32572115384615385 0.421875 0.10336538461538461 0.15625
0 0.3557692307692308 0.46033653846153844 0.12980769230769232 0.07932692307692307
0 0.35397353068208215 0.2406696353181692 0.0409102690843997 0.06256088122213709
0 0.4668563506879369 0.23583334480506443 0.13312978566789915 0.20752959474117652
0 0.5973557692307693 0.2848557692307692 0.055288461538461536 0.09375
0 0.6491344192460793 0.2912255848737818 0.051211298274185454 0.08000398614305605
0 0.622910452238108 0.25814133844450055 0.036200526001621824 0.06465663645398537
0 0.6663266068447105 0.25176275091575007 0.030707189119528387 0.04752162245506442
0 0.6856818576783438 0.2768956721895667 0.03850642293055355 0.06240683576113815
0 0.7007416045633647 0.26034639942357296 0.02830334296568223 0.04736757699406542
0 0.7361401846746056 0.30363177170116606 0.06911566282516737 0.10752461206235636
0 0.7954486545780016 0.26027121909872963 0.033698730622861245 0.06209874483914021
0 0.7614295439024474 0.30081237128375393 0.0415959136588007 0.07938780429906017
0 0.81652210699108 0.30207701798847025 0.051896942848586584 0.09683090921997912
0 0.8698250516533028 0.317841764346763 0.05871668441046733 0.08767766098759139
0 0.8879069625630485 0.37422468562057953 0.08162463971897041 0.12031407013658188
0 0.9394876155023841 0.31457636905471636 0.056116939806792186 0.08271592321890008
0 0.8983998000592209 0.2932337030837366 0.03600462755179297 0.05984894414629306
0 0.9126004461545192 0.2683479915097808 0.04061642140965642 0.0553493427605987
0 0.9629342915479169 0.26871880605957194 0.0381146260308957 0.05279145114575354
0 0.9831730769230769 0.27884615384615385 0.03365384615384615 0.07211538461538461
1 0.39133518543505413 0.6973861054462323 0.1506423533192235 0.2254348360450922
1 0.5360576923076923 0.6189903846153846 0.0673076923076923 0.21394230769230768
0 0.6274038461538461 0.6850961538461539 0.11538461538461539 0.25961538461538464
0 0.6935096153846154 0.8413461538461539 0.2283653846153846 0.3173076923076923
0 0.7984891706937917 0.689665848482266 0.1115931195081982 0.20854703174603204
0 0.9063683999421251 0.6899453411988514 0.11909850564448007 0.21622070659056739