0 0.037259615384615384 0.3798076923076923 0.07451923076923077 0.24519230769230768
0 0.15434593830253623 0.33918109909385497 0.10692157363921656 0.17478694436948372
0 0.2485728983742549 0.2873331308577256 0.060882185674726995 0.09369693524410067
0 0.27364539467477533 0.29111235630381616 0.04097986318450107 0.07368257221401574
0 0.4593749592404803 0.1623229590535446 0.025549456372239102 0.04424872301837525
0 0.5262171291434856 0.2760199953801068 0.05375459137062048 0.0958069337232034
1 0.8100961538461539 0.12379807692307693 0.1875 0.24759615384615385
1 0.19705809438142674 0.850967727231126 0.07116912354956831 0.1133195013745276
1 0.33176508223186435 0.6366418029260449 0.07066545860497578 0.09889642445145075
1 0.5016521273263682 0.7209356125783586 0.06884922155315437 0.11562539830345933
1 0.6862980769230769 0.6538461538461539 0.09375 0.21153846153846154