0 0.28086417707732186 0.23043113937870702 0.034660869130474156 0.05984894414629306
0 0.3087182043000168 0.21664038580798822 0.03453499125839562 0.052637405684754605
0 0.23417799388543964 0.222617718175879 0.024667850898853934 0.037598146917681805
0 0.2117041926869677 0.2720810504017926 0.04199828546409087 0.0675226189908284
0 0.1474926748295532 0.23657681631030292 0.024793728770932468 0.04480968537922026
0 0.16817712288140244 0.22084435296873486 0.02462589160816118 0.035194300763835645
0 0.07177152098339935 0.24142924833176996 0.01986015859116163 0.03729005599568393
0 0.06734146229194252 0.22010272386915253 0.019734280719083095 0.03007851753414547
0 0.036873792461937234 0.246066753670101 0.019818199300468874 0.034886209841837774
0 0.010817307692307692 0.26802884615384615 0.021634615384615384 0.040865384615384616
0 0.38341346153846156 0.1141826923076923 0.007211538461538462 0.055288461538461536
0 0.38822115384615385 0.35336538461538464 0.016826923076923076 0.14423076923076922
0 0.3954326923076923 0.24278846153846154 0.03125 0.1201923076923077
0 0.443504155846987 0.15500886442627046 0.03478674700255255 0.06706048260783153
0 0.44065365384868865 0.11197070184853813 0.029601421078624776 0.04511777630121827
0 0.4240365272252298 0.10102978930630012 0.02487764735231825 0.04961737768691257
0 0.5051798663862994 0.12944608978618172 0.034660869130474156 0.05984894414629306
0 0.4984718394130749 0.10106207232302473 0.03449303196770286 0.05023355953090845
0 0.5233616533497478 0.18830987994434392 0.04237591908032648 0.08915723437544379
0 0.494500603150425 0.2597929412073704 0.0548147427564856 0.11396592321890008
0 0.5561884802740922 0.37109535187551346 0.0799021865622679 0.17560253167504342
0 0.5970985539489838 0.15957303184541427 0.034912624874631086 0.07427202106936999
0 0.5564578621402324 0.08053805818212673 0.029769258241396066 0.05473316091660289
0 0.6289840266015537 0.1899453411988514 0.04494760239694392 0.0989266644518274
0 0.6623502410127274 0.273048220475905 0.057470344654488824 0.128543045602976
0 0.6587952441336427 0.13280833412840237 0.029937095404167353 0.0643485455319875
0 0.6972148233044884 0.13274745290626527 0.034912624874631086 0.07427202106936999
0 0.7158101198826876 0.09914018887185001 0.029769258241396066 0.05473316091660289
0 0.7610845835441827 0.11904986357440836 0.03487066558393847 0.07186817491552383
0 0.7487357617415866 0.20748345276428828 0.049923131867407516 0.1088501399892099
0 0.7244008553994612 0.4323505314904717 0.08218015484403551 0.16854503867450396
0 0.8279428902386088 0.27804408366697714 0.0723130144844941 0.15350577990743128
0 0.8035565877902496 0.16195012219950408 0.04477976523417263 0.0893112798364428
0 0.7963599456818803 0.09277774285146201 0.02512940309647532 0.0640404546099895
0 0.8535907011765668 0.1155229594797947 0.037358430319170126 0.076829912684215
0 0.8743380881644552 0.09618472690745741 0.030146891857631666 0.07636777630121827
0 0.902707793459819 0.19041300479881665 0.05000705044879329 0.1136578322969022
0 0.9273336850679802 0.15521870403498092 0.044863683815558136 0.0941189721441351
0 0.9644403596429932 0.0928118682738427 0.044611928071401345 0.07969589522105817
0 0.3983975293482632 0.8733271686543422 0.024709810189546825 0.04000199307152796
0 0.3918269230769231 0.8497596153846154 0.02403846153846154 0.04567307692307692
0 0.4098557692307692 0.9651442307692307 0.06009615384615385 0.06971153846153846
0 0.4311912100429064 0.9204493783542029 0.04469584665278699 0.08450358752875048
0 0.42958459041222397 0.874930346892125 0.0298951361134746 0.06194469937814135
0 0.4914552010518315 0.9069828572138445 0.04436017232724428 0.06527281829798125
0 0.5272611376153669 0.919095252221937 0.059286760738635334 0.09504324491012885
0 0.5293651854421858 0.8673355371837452 0.03217310439524222 0.05488720637760189
0 0.5602795111166431 0.8845637154215281 0.030062973276245887 0.07156008399352597
0 0.59375 0.9435096153846154 0.10576923076923077 0.11298076923076923
0 0.9146634615384616 0.9627403846153846 0.07932692307692307 0.07451923076923077
0 0.9507211538461539 0.953125 0.05048076923076923 0.09375
0 0.971448184943245 0.9206449188602073 0.049587457541864936 0.08961937075844066
0 0.9867788461538461 0.8858173076923077 0.026442307692307692 0.06490384615384616
0 0.9086064273255249 0.8754482774228334 0.03217310439524222 0.05488720637760189
0 0.8845889454324098 0.8757868089558999 0.029811217532089093 0.05713700707044904
0 0.864980542585405 0.8986537880285069 0.03466086913047388 0.05984894414629306
0 0.8335836850679802 0.9090698405599548 0.04456996878070859 0.07729204906721202
0 0.7982244043488969 0.9401496535905935 0.054311231268171736 0.08511976937274622
0 0.7103365384615384 0.9507211538461539 0.06971153846153846 0.0985576923076923
0 0.7478634296980289 0.8677404771559172 0.029811217532089093 0.05713700707044904
0 0.7177314341935662 0.8744737377260965 0.0346189098397814 0.05744509799244691
0 0.6585225087441392 0.896276697674417 0.03234094155801351 0.06450259099298651
0 0.671003291710991 0.8690641626771145 0.029601421078624776 0.04511777630121827
0 0.625267275851875 0.8755967956668639 0.022389882617086316 0.0446556399182214
0 0.5985941920607567 0.8905124495840062 0.032257022976628 0.05969489868529406
0 0.5931720067458409 0.8572437170826576 0.026945819180621555 0.030540653917142342
0 0.7248049281986714 0.7443579544964063 0.029601421078624776 0.0451177763012182