1 0.5564903846153846 0.04567307692307692 0.20432692307692307 0.09134615384615384
0 0.7079326923076923 0.30288461538461536 0.036057692307692304 0.11057692307692307
0 0.746858307409959 0.2631837837550035 0.03955789467968652 0.06240683576113822
0 0.7141726636498262 0.3026770583241038 0.04548565174641685 0.08194569591390533
0 0.7699511535203669 0.30754747425958934 0.058484939179806045 0.09954284629582315
0 0.8240958417589002 0.32579308950222774 0.06513644526182542 0.09038959806343541
0 0.8443529631603776 0.3836090020444658 0.08859116587987778 0.12302600721242604
0 0.8940873964101983 0.3261334634409503 0.060048736764373646 0.08527381483374523
0 0.8516819227511362 0.30230992858562483 0.039417886584806786 0.06000298960729207
0 0.8647749227728553 0.2785491173580926 0.04408557079761922 0.05790723437544379
0 0.915605712240824 0.2813237780617299 0.03913787039504731 0.05519529729959976
0 0.9440899915793332 0.29397533218331884 0.05199714973355677 0.07038860152767143
0 0.9783653846153846 0.29447115384615385 0.04326923076923077 0.06971153846153846
0 0.9879807692307693 0.296875 0.02403846153846154 0.07932692307692307
1 0.33255559880391156 0.7954530631655152 0.20147710094708662 0.29311150049691964
1 0.1675302627578055 0.8205052768975201 0.19412555439066842 0.2902455179600766
1 0.0889423076923077 0.765625 0.1778846153846154 0.33413461538461536
0 0.7103365384615384 0.9483173076923077 0.040865384615384616 0.10336538461538461
0 0.749643250311418 0.7704760297583537 0.08632732782091122 0.12527580790527318
0 0.7514526228496403 0.6979755314904718 0.0672602752259121 0.08573595121674196
0 0.7252440358405424 0.6622563707158459 0.05708485823100828 0.07550438475736161
0 0.8023534163650491 0.7019521152710321 0.06231257482333993 0.08302401414089808
0 0.8010351937341362 0.6586058617713018 0.05440099588740265 0.07054264698867044
0 0.9421846633023202 0.7207387320328229 0.057784898705407366 0.08752361552659238
0 0.9627403846153846 0.8245192307692307 0.07451923076923077 0.125