0 0.0733173076923077 0.109375 0.1466346153846154 0.21875
0 0.4050480769230769 0.17668269230769232 0.0889423076923077 0.2860576923076923
0 0.33653846153846156 0.15745192307692307 0.22115384615384615 0.31490384615384615
0 0.03245192307692308 0.028846153846153848 0.06490384615384616 0.057692307692307696
0 0.4855769230769231 0.140625 0.07211538461538461 0.2764423076923077
0 0.5673076923076923 0.0733173076923077 0.1201923076923077 0.1466346153846154
0 0.6694711538461539 0.06009615384615385 0.14182692307692307 0.1201923076923077
0 0.8004807692307693 0.0625 0.13942307692307693 0.125
0 0.3161057692307692 0.9675480769230769 0.13701923076923078 0.06490384615384616
0 0.30804273824282696 0.6634615384615384 0.11161182549521807 0.1778846153846154
0 0.48677884615384615 0.9639423076923077 0.055288461538461536 0.07211538461538461
0 0.5757211538461539 0.9771634615384616 0.06490384615384616 0.04567307692307692
0 0.6153846153846154 0.9675480769230769 0.0673076923076923 0.06490384615384616
0 0.6887019230769231 0.9603365384615384 0.1466346153846154 0.07932692307692307
0 0.7716346153846154 0.9603365384615384 0.07692307692307693 0.07932692307692307
0 0.9326923076923077 0.9543269230769231 0.0673076923076923 0.09134615384615384
0 0.9783653846153846 0.9350961538461539 0.04326923076923077 0.12980769230769232