0 0.06490384615384616 0.24759615384615385 0.12980769230769232 0.17307692307692307
0 0.040298139983108744 0.05754933462109475 0.06833206902585182 0.08753608182846659
0 0.056490384615384616 0.013221153846153846 0.05048076923076923 0.026442307692307692
0 0.14423076923076922 0.008413461538461538 0.04807692307692308 0.016826923076923076
0 0.1514137837970613 0.0385330897965277 0.06764642445145068 0.07070915875154359
0 0.16934877086943517 0.0987603346909848 0.09364387048820119 0.12004588421507816
0 0.2764423076923077 0.008413461538461538 0.052884615384615384 0.016826923076923076
0 0.3269230769230769 0.01201923076923077 0.057692307692307696 0.02403846153846154
0 0.38822115384615385 0.010817307692307692 0.05048076923076923 0.021634615384615384
0 0.4519230769230769 0.03365384615384615 0.08173076923076923 0.0673076923076923
0 0.38218710470973427 0.08520723741562623 0.08844438128085103 0.11017853912237122
0 0.3778773388134985 0.190976468184857 0.12175131500405456 0.16229705145573556
0 0.46033653846153844 0.2704326923076923 0.0985576923076923 0.17548076923076922
0 0.040865384615384616 0.7872596153846154 0.08173076923076923 0.30528846153846156
0 0.18081701047131 0.4861779494147674 0.13209722866285525 0.23959806909479592
0 0.34670284580390553 0.7713265655999956 0.15240543936768347 0.267048218696393
0 0.45552884615384615 0.7475961538461539 0.10817307692307693 0.32211538461538464
0 0.564032582042646 0.8206905055153663 0.10674054273149079 0.14711809310069165
0 0.6935341562452684 0.6447943594974934 0.06313257981850165 0.07766873673575972
0 0.7323507874243339 0.8106699657321622 0.14927106417042124 0.1901251417733159