0 0.5588942307692307 0.0985576923076923 0.07932692307692307 0.1971153846153846
0 0.6081730769230769 0.37740384615384615 0.019230769230769232 0.052884615384615384
0 0.6165865384615384 0.34375 0.036057692307692304 0.052884615384615384
0 0.658851248128731 0.38142487583290385 0.051478389520774284 0.06854689754347759
0 0.6962419545616496 0.3580777424135063 0.04401489058191356 0.06319274752734053
0 0.7159817555567056 0.3433082917267591 0.03642541140439161 0.05543475135735744
0 0.7338846214718906 0.3395383013018011 0.031617719096699304 0.05507044621839427
0 0.6956324966069123 0.25434805265915855 0.03111379814205465 0.045455061603009654
0 0.8954326923076923 0.4951923076923077 0.13221153846153846 0.08653846153846154
0 0.879674811256998 0.4274400682948213 0.07222092161547741 0.09885027194548411
0 0.8996138042293299 0.3704211573462848 0.041107123473422755 0.05339521034247446
0 0.9537054535005104 0.34339510978667004 0.03073585742607116 0.0382435231414712
0 0.9689474019748848 0.3579271943697806 0.028457991510886307 0.040465216725835765
0 0.9891826923076923 0.3641826923076923 0.021634615384615384 0.06490384615384616
0 0.009615384615384616 0.6658653846153846 0.019230769230769232 0.057692307692307696
0 0.06856915509792941 0.6270683067240856 0.031365758619376974 0.050262753910701966
0 0.0790459581453738 0.7348770785081994 0.08271816790149017 0.11640580530033354
0 0.09702714660881558 0.6635261669213268 0.038955237796898926 0.058020750080685184
0 0.09311664840067763 0.6119345508983753 0.023398338725871673 0.035293219279180284
0 0.16731070695397138 0.6461334353523895 0.03389558501188429 0.0528487526340297
0 0.1683287704825448 0.6195089750906002 0.02808005079490268 0.0332536782642973
0 0.22980559614432927 0.6643250832921479 0.05919384893695733 0.07870873986730696
0 0.26299295741465095 0.7679995595123406 0.09030764707901212 0.12416380147031675
0 0.2742818608001251 0.6380276460104594 0.04894856312826717 0.06596089882014991
0 0.25569121438194603 0.6056488678429843 0.038577297080915576 0.05080921161914672
0 0.4019955467409822 0.6573107899588305 0.05463811710658735 0.08315212703603617
0 0.43348217478937817 0.7285333431021002 0.0674132293077851 0.09848596680652094
0 0.501697282815909 0.6256219205021428 0.04704863792906567 0.07539413086605301
0 0.5721153846153846 0.6826923076923077 0.052884615384615384 0.09134615384615384
0 0.7259615384615384 0.9314903846153846 0.2548076923076923 0.13701923076923078
0 0.9124723497884266 0.9183173472620029 0.04969422294094983 0.12587490009682212