0 0.020432692307692308 0.41466346153846156 0.040865384615384616 0.1466346153846154
0 0.12740384615384615 0.41346153846153844 0.10096153846153846 0.14903846153846154
0 0.21524329229175396 0.35203338044119203 0.07726558757979915 0.1114160615482514
0 0.3389423076923077 0.4543269230769231 0.08173076923076923 0.0673076923076923
0 0.33774038461538464 0.38341346153846156 0.08413461538461539 0.13701923076923078
0 0.22594201119535745 0.24608233633650684 0.043776368899618875 0.0629755118004194
0 0.1864464910579094 0.25014963172650667 0.04858406120731118 0.0630314543651745
0 0.16760095724147656 0.15536553634384923 0.030973411592325098 0.04600873231160822
0 0.13219201119535745 0.2471732163492336 0.040812718075727755 0.05092830974881087
0 0.13141159858464196 0.2820569568623804 0.03645286950407139 0.06048775179944025
0 0.10083005026134845 0.24513299686629636 0.03371314054819831 0.0532482420555243
0 0.0880863873484067 0.28135851686825425 0.043776368899618875 0.0629755118004194
0 0.041771192018451725 0.2939231876438484 0.04344048609759181 0.05576397333888094
0 0.046045412925927426 0.25659364405328905 0.03829691098787244 0.048496492312587236
0 0.016826923076923076 0.2512019230769231 0.03365384615384615 0.06971153846153846
0 0.49399038461538464 0.10576923076923077 0.2283653846153846 0.21153846153846154
0 0.7138141334194652 0.24720202969692523 0.09040442768911998 0.1355943794986009
0 0.9074519230769231 0.09375 0.18509615384615385 0.1875
0 0.08457600941490859 0.5369328932453887 0.036228947636053346 0.05568005949174794
0 0.11020825729932462 0.5450526563188853 0.033489218680180406 0.048440549747832
0 0.12980769230769232 0.5 0.04326923076923077 0.02403846153846154
0 0.18269230769230768 0.5180288461538461 0.057692307692307696 0.06009615384615385
0 0.41344201119535745 0.8685403179014007 0.06367890373444222 0.07762235898251714
0 0.41466346153846156 0.9567307692307693 0.06971153846153846 0.08653846153846154
0 0.49553831042532975 0.9012571260955972 0.08425320417331957 0.10669228308769181
0 0.4471781710860366 0.844096272768464 0.040812718075727616 0.05092830974881087
0 0.45114615638866135 0.8260114840498626 0.038632793789899506 0.0557080307741257
0 0.5203571845745067 0.8660936727586741 0.056579326206912785 0.07994229128923044
0 0.5085585617459465 0.8193305578881845 0.053615675383021526 0.06789508923762219
0 0.5775160208665979 0.8281487609558074 0.04584433225143796 0.05579194462125842
0 0.6117329856178367 0.8914870573618217 0.09180062543688496 0.11398773539636313
0 0.6610576923076923 0.96875 0.14903846153846154 0.0625
0 0.711186365397601 0.9095710040151089 0.12791761213892955 0.16726394873426506
0 0.6464998132570778 0.8117125937668568 0.05383959725103957 0.07270278154531436
0 0.5704427766088969 0.805382150700213 0.040588796207709575 0.04612061744111857
0 0.6641071489447163 0.7766330542770667 0.041148600877754675 0.058139848210349336
0 0.7257147753999919 0.8083856952945496 0.08928481834902978 0.11155591796013936
0 0.7940860965807697 0.8304390378495151 0.10779115543608817 0.14780940924447486
0 0.7486599608681919 0.7588131506757385 0.04047683527370083 0.04371677128727241
0 0.8170016348517936 0.7544101998972076 0.040812718075727616 0.05092830974881101
0 0.8232022109799034 0.6809810070753894 0.03818495005386342 0.046092646158741084
0 0.8661421868018023 0.7766873127111938 0.04891994400933824 0.0702429928267131
0 0.8805356165277032 0.7500631916834316 0.038632793789899506 0.0557080307741257
0 0.904294175731142 0.7437738634750402 0.038632793789899506 0.0557080307741257