1 0.026442307692307692 0.3557692307692308 0.052884615384615384 0.15865384615384615
1 0.23847279286831943 0.3237702425259004 0.1274055302844742 0.21182412892632058
1 0.018028846153846152 0.20673076923076922 0.036057692307692304 0.17307692307692307
1 0.08459782567447395 0.2117812359746022 0.10523946053468418 0.16526950897901352
1 0.17021323489447446 0.13598048499459928 0.08346498873818084 0.15236873518555277
1 0.3110060625887402 0.15613359157517143 0.09084435489398501 0.16708565978337303
1 0.41466346153846156 0.2620192307692308 0.06971153846153846 0.14423076923076922
1 0.5150812441242647 0.0710889092710796 0.056183542574544956 0.07917590909610925
1 0.7465933980071302 0.3508267779456445 0.05635137026881054 0.09359898601918623
1 0.8406370964720951 0.37988718233269264 0.06093529231748217 0.07456411523824585
1 0.025240384615384616 0.9903846153846154 0.040865384615384616 0.019230769230769232
1 0.7800480769230769 0.5048076923076923 0.0985576923076923 0.03365384615384615