0 0.018028846153846152 0.4170673076923077 0.03245192307692308 0.07211538461538461
0 0.057692307692307696 0.4182692307692308 0.042067307692307696 0.08533653846153846
0 0.10817307692307693 0.4362980769230769 0.04326923076923077 0.08052884615384616
0 0.16105769230769232 0.4675480769230769 0.046875 0.08533653846153846
0 0.18990384615384615 0.43149038461538464 0.028846153846153848 0.06490384615384616
0 0.25240384615384615 0.4543269230769231 0.056490384615384616 0.10096153846153846
0 0.3004807692307692 0.4543269230769231 0.028846153846153848 0.06490384615384616
0 0.32091346153846156 0.41346153846153844 0.028846153846153848 0.06009615384615385
0 0.36538461538461536 0.421875 0.028846153846153848 0.07211538461538461
0 0.41346153846153844 0.41225961538461536 0.037259615384615384 0.0829326923076923
0 0.375 0.5360576923076923 0.04807692307692308 0.109375
0 0.47836538461538464 0.47115384615384615 0.052884615384615384 0.12980769230769232
0 0.5625 0.4387019230769231 0.06370192307692307 0.14783653846153846
0 0.6478365384615384 0.4338942307692308 0.04807692307692308 0.11658653846153846
0 0.7415865384615384 0.41346153846153844 0.051682692307692304 0.10096153846153846
0 0.7740384615384616 0.4543269230769231 0.030048076923076924 0.08052884615384616
0 0.890625 0.4026442307692308 0.04927884615384615 0.10576923076923077
0 0.6850961538461539 0.44711538461538464 0.03245192307692308 0.08533653846153846