1 0.31394826622398087 0.1588065691616675 0.08241604245369416 0.1206425628911525
1 0.24648673707032578 0.13001382506126144 0.08002618146766292 0.12296246488756656
0 0.45552884615384615 0.21033653846153846 0.03125 0.06971153846153846
0 0.47408373881104604 0.18399349308190469 0.041270954482013684 0.07113858913788394
0 0.5522506943144904 0.19393321665998597 0.041270954482013684 0.07113858913788394
0 0.5683791603558231 0.28101731522175605 0.06061360505530134 0.09104091162810987
0 0.5328381179021289 0.16201166340052928 0.0461765429644095 0.0881334005296712
0 0.5166257408539073 0.06050448791568224 0.03161361436318471 0.06359127404661713
0 0.5563521356475355 0.07270687420561937 0.029167812705894063 0.05629579142764658
0 0.6147716720662125 0.19972153398398945 0.04853843361481143 0.08100580622556482
0 0.5819491420421975 0.13488636478173321 0.03882515282472317 0.0638431065189134
0 0.6324299112729667 0.13664919208780696 0.03161361436318471 0.06359127404661699
0 0.6332402496510755 0.0693834718588307 0.03642130667087702 0.0637591623614813
0 0.6867192346678197 0.17339370486079814 0.038839137992537826 0.06624695267275954
0 0.6643581919119843 0.2543270045959626 0.06311534738385113 0.10795177886246503
0 0.6817017648429056 0.13716812423824168 0.021886348405281808 0.04402472818611955
0 0.7080811392800465 0.12727420227768693 0.02673599621641861 0.05140415496252219
0 0.7238529835421019 0.1530602239163801 0.03397550501358637 0.05646367974251076
0 0.7692307692307693 0.051682692307692304 0.07211538461538461 0.10336538461538461
0 0.7738660510062249 0.2809830022206609 0.06813281720876538 0.1441773594850215
0 0.864638812971972 0.1856151878953879 0.04853843361481143 0.08100580622556482
0 0.8691947722589979 0.1425138454410213 0.03157165885974022 0.056379735585078666
0 0.8920452958883514 0.14571516109047228 0.03644927700650659 0.06856685466917362
0 0.9134615384615384 0.32211538461538464 0.11057692307692307 0.19230769230769232
0 0.96875 0.28966346153846156 0.0625 0.13221153846153846
0 0.932044401454368 0.20479254738040942 0.0679370248593581 0.11052351333117535
0 0.9891826923076923 0.20793269230769232 0.021634615384615384 0.0985576923076923
0 0.984375 0.10697115384615384 0.03125 0.07451923076923077
0 0.9951923076923077 0.13221153846153846 0.009615384615384616 0.0673076923076923
0 0.15384615384615385 0.49158653846153844 0.09615384615384616 0.1466346153846154
0 0.12139423076923077 0.46875 0.0889423076923077 0.10096153846153846
0 0.5500776034295884 0.75166744548161 0.15773242778836843 0.26026406254077783
0 0.6903949297376628 0.7036935633067716 0.12365902660007841 0.186973459721344
0 0.7765837620807545 0.6466193991281729 0.06788108418809895 0.10090812871579075
0 0.8018381318639539 0.6499046589350559 0.0461066171253357 0.07611416976044041
0 0.9668713989943581 0.5126679596440238 0.031515718188481076 0.04676435096969405