0 0.039663461538461536 0.2764423076923077 0.04326923076923077 0.06490384615384616
0 0.20432692307692307 0.2776442307692308 0.038461538461538464 0.056490384615384616
0 0.3786057692307692 0.27163461538461536 0.046875 0.08052884615384616
0 0.36778846153846156 0.4519230769230769 0.06850961538461539 0.12740384615384615
0 0.4795673076923077 0.4110576923076923 0.0733173076923077 0.15144230769230768
0 0.5685096153846154 0.5072115384615384 0.109375 0.171875
0 0.5685096153846154 0.42427884615384615 0.05048076923076923 0.0889423076923077
0 0.6838942307692307 0.4735576923076923 0.0985576923076923 0.15144230769230768
0 0.6802884615384616 0.36899038461538464 0.054086538461538464 0.09254807692307693
0 0.7223557692307693 0.4026442307692308 0.054086538461538464 0.12139423076923077
0 0.7788461538461539 0.36778846153846156 0.038461538461538464 0.0889423076923077
0 0.75 0.37740384615384615 0.042067307692307696 0.0889423076923077
0 0.8245192307692307 0.3713942307692308 0.04927884615384615 0.0889423076923077
0 0.8461538461538461 0.41225961538461536 0.0673076923076923 0.10697115384615384
0 0.8918269230769231 0.5829326923076923 0.14783653846153846 0.25841346153846156
0 0.9567307692307693 0.47596153846153844 0.08173076923076923 0.15745192307692307
0 0.9074519230769231 0.39903846153846156 0.046875 0.10336538461538461
0 0.9891826923076923 0.2848557692307692 0.018028846153846152 0.030048076923076924
0 0.9423076923076923 0.3870192307692308 0.03125 0.06850961538461539
0 0.9651442307692307 0.36177884615384615 0.04567307692307692 0.07692307692307693