1 0.3954250619886027 0.3246853743328683 0.1534233551803415 0.18909436309552363
1 0.5222442923227197 0.20650447277580627 0.09350808932079738 0.1355664082162233
1 0.8711479599076914 0.16514706452287137 0.08837022243176634 0.10428843693384565
1 0.8527573377806257 0.2712379650394447 0.10438532966011357 0.15010137026881054
1 0.759502599652634 0.3192458019757377 0.07415745479601117 0.10652445539342636
1 0.10139141745861725 0.7204906265607741 0.14035257797450112 0.17693527591440492
1 0.020432692307692308 0.7956730769230769 0.040865384615384616 0.15865384615384615
1 0.3449519230769231 0.6899038461538461 0.23317307692307693 0.20192307692307693
1 0.59375 0.7055288461538461 0.20673076923076922 0.23317307692307693
1 0.7487980769230769 0.6682692307692307 0.13701923076923078 0.15865384615384615
1 0.6610576923076923 0.6694711538461539 0.1201923076923077 0.16105769230769232
1 0.8485576923076923 0.640625 0.28846153846153844 0.10336538461538461
1 0.9122596153846154 0.6694711538461539 0.17548076923076922 0.16105769230769232
1 0.8257211538461539 0.6550480769230769 0.15625 0.13221153846153846