0 0.4050480769230769 0.12980769230769232 0.01201923076923077 0.08173076923076923
0 0.5175139929711573 0.10336102443304765 0.043197505268059405 0.06586494859715095
0 0.5535509150870036 0.25049090168967153 0.080494402811537 0.11688620169658105
0 0.6262500395696952 0.2011962548398851 0.06388549505468132 0.08677819212649564
0 0.6443713814165586 0.12171895512264855 0.048733807853678056 0.07590095178717932
0 0.8990162719383388 0.08229304408105267 0.06017071816387825 0.10078065047492867
0 0.019230769230769232 0.6935096153846154 0.038461538461538464 0.055288461538461536
0 0.08922495147216328 0.7565637198580482 0.04764089243678858 0.061477874864102396
0 0.25647299232567594 0.8486290654683042 0.06923964507081831 0.094410349162678
0 0.35357772230234547 0.6369244265935889 0.021780905203511287 0.035336320452421625
0 0.3278446741043946 0.6891181814692301 0.02695290265016663 0.040564631334757836
0 0.22371481646049804 0.6582299574424495 0.03212490009682224 0.04579294221709391
0 0.23549810053436873 0.6144948861019225 0.019377059049665135 0.03512601116509974
0 0.13182362431417605 0.5775970466905267 0.018466296202257277 0.023106780395868973
0 0.44591346153846156 0.5612980769230769 0.09375 0.15144230769230768
0 0.5120192307692307 0.5252403846153846 0.08653846153846154 0.09375
0 0.5875346230375038 0.6408015278042729 0.09965344654113487 0.18064805742051276
0 0.4375 0.8653846153846154 0.07692307692307693 0.22115384615384615
0 0.7797304688686093 0.8028034318137454 0.14693003383896036 0.23731823997692286
0 0.6863490322324022 0.550235588414814 0.07750823619866054 0.14050404466039876
0 0.7536057692307693 0.5144230769230769 0.06971153846153846 0.07211538461538461
0 0.841341895621324 0.5964627698113236 0.08508407979916217 0.14594266483005686
0 0.8810096153846154 0.5288461538461539 0.09375 0.10096153846153846
0 0.9675480769230769 0.49158653846153844 0.06490384615384616 0.026442307692307692
0 0.8353473727954482 0.7713725438271356 0.07415776444682078 0.15931419531652416
0 0.9326923076923077 0.8978365384615384 0.1346153846153846 0.20432692307692307
0 0.9795673076923077 0.6514423076923077 0.040865384615384616 0.16346153846153846