0 0.09375 0.49038461538461536 0.04807692307692308 0.06490384615384616
0 0.20432692307692307 0.5576923076923077 0.0985576923076923 0.125
0 0.19110576923076922 0.47115384615384615 0.03125 0.04447115384615385
0 0.22956730769230768 0.48197115384615385 0.04807692307692308 0.057692307692307696
0 0.30528846153846156 0.48677884615384615 0.046875 0.06610576923076923
0 0.28725961538461536 0.46033653846153844 0.042067307692307696 0.057692307692307696
0 0.36177884615384615 0.5432692307692307 0.06971153846153846 0.11778846153846154
0 0.4074519230769231 0.484375 0.04447115384615385 0.06610576923076923
0 0.45913461538461536 0.5204326923076923 0.055288461538461536 0.09735576923076923
0 0.4855769230769231 0.46274038461538464 0.028846153846153848 0.046875
0 0.5360576923076923 0.453125 0.025240384615384616 0.04927884615384615
0 0.5637019230769231 0.47716346153846156 0.037259615384615384 0.06009615384615385
0 0.6454326923076923 0.45913461538461536 0.03485576923076923 0.055288461538461536
0 0.6790865384615384 0.49399038461538464 0.05889423076923077 0.08173076923076923
0 0.7716346153846154 0.4651442307692308 0.037259615384615384 0.06490384615384616
0 0.8100961538461539 0.5036057692307693 0.052884615384615384 0.09615384615384616
0 0.9290865384615384 0.5240384615384616 0.06850961538461539 0.1201923076923077