0 0.003605769230769231 0.35336538461538464 0.007211538461538462 0.052884615384615384
0 0.052884615384615384 0.5829326923076923 0.10576923076923077 0.23798076923076922
0 0.07024720315328323 0.45884145734020254 0.08335310360867049 0.14322974867938335
0 0.09976382571118557 0.41176886874201296 0.05394752411496446 0.09380929439435202
0 0.10381629339468249 0.34664110072014875 0.046484244112027555 0.07183879620770958
0 0.2309404267247526 0.31666870967920957 0.0319213107770626 0.05914779983442496
0 0.252714898521256 0.32768029204235927 0.04159263795720246 0.06440333587815321
0 0.2900863990353818 0.33556028218060424 0.04891606154825126 0.07435460329556474
0 0.3373669826298571 0.3682328131981977 0.05623948513930006 0.08430587071297643
0 0.4029141682783882 0.420498329518416 0.07586185232335597 0.11885540433889474
0 0.47475961538461536 0.4963942307692308 0.026442307692307692 0.1658653846153846
0 0.25626388312195597 0.21928329325126433 0.026973762057482194 0.04690464719717601
0 0.37753308518580153 0.3062333234738907 0.03675697436713253 0.061775567856289015
0 0.3571283641604869 0.3095888375668135 0.026973762057482194 0.046904647197176144
0 0.336443930311396 0.2889058901212746 0.026945790775104575 0.04450080104332999
0 0.4137446195465707 0.3177750633099094 0.03675697436713253 0.061775567856289015
0 0.4229264492851023 0.2800676041892579 0.029321665646573243 0.042208915823492725
0 0.44799900620622135 0.26446893745908634 0.03180942564755212 0.049532415219040345
0 0.45234601441999717 0.3280029191349959 0.04651221539440524 0.07424264236155573
0 0.47836538461538464 0.28365384615384615 0.019230769230769232 0.057692307692307696
0 0.5705697149659398 0.6468156343460669 0.04645627282964993 0.06943495005386342
0 0.6365775847083873 0.6353232471223577 0.05601571488027931 0.0650751014822072
0 0.731193852396779 0.6020546363828478 0.046344387700139524 0.05981956543847881
0 0.8091230534201359 0.5815889829506319 0.039104877956223444 0.05707983648260559
0 0.8870382688023037 0.5599214064414929 0.04159263795720246 0.06440333587815307
0 0.9795673076923077 0.5348557692307693 0.040865384615384616 0.06971153846153846
0 0.6526442307692307 0.7884615384615384 0.06009615384615385 0.038461538461538464
0 0.6971153846153846 0.7896634615384616 0.07211538461538461 0.036057692307692304
0 0.8293269230769231 0.765625 0.07692307692307693 0.08413461538461539
0 0.7727313898545403 0.7612649732793915 0.06104717744699237 0.08452979258099447
0 0.765625 0.7920673076923077 0.07932692307692307 0.03125
0 0.9182692307692307 0.7692307692307693 0.07692307692307693 0.07692307692307693
0 0.9747596153846154 0.7860576923076923 0.05048076923076923 0.04326923076923077
0 0.04447115384615385 0.859375 0.0889423076923077 0.10336538461538461
0 0.41346153846153844 0.8497596153846154 0.14903846153846154 0.08413461538461539