0 0.7331730769230769 0.38341346153846156 0.06971153846153846 0.09735576923076923
0 0.5949519230769231 0.49158653846153844 0.03485576923076923 0.055288461538461536
0 0.5721153846153846 0.5024038461538461 0.027644230769230768 0.06009615384615385
0 0.5516826923076923 0.5168269230769231 0.04807692307692308 0.07091346153846154
0 0.421875 0.5757211538461539 0.06610576923076923 0.0985576923076923
0 0.33413461538461536 0.5805288461538461 0.055288461538461536 0.09735576923076923
0 0.2764423076923077 0.59375 0.08052884615384616 0.12139423076923077
0 0.34375 0.47716346153846156 0.030048076923076924 0.056490384615384616
0 0.3701923076923077 0.5108173076923077 0.036057692307692304 0.056490384615384616
0 0.4074519230769231 0.4963942307692308 0.037259615384615384 0.052884615384615384
0 0.44711538461538464 0.4987980769230769 0.03245192307692308 0.051682692307692304
0 0.27524038461538464 0.47836538461538464 0.036057692307692304 0.05889423076923077
0 0.24278846153846154 0.4807692307692308 0.038461538461538464 0.0625
0 0.203125 0.5144230769230769 0.04807692307692308 0.08413461538461539
0 0.21754807692307693 0.46634615384615385 0.027644230769230768 0.04326923076923077
0 0.18389423076923078 0.4795673076923077 0.03485576923076923 0.04807692307692308
0 0.15144230769230768 0.4807692307692308 0.042067307692307696 0.054086538461538464
0 0.12620192307692307 0.5444711538461539 0.051682692307692304 0.08774038461538461
0 0.0625 0.5637019230769231 0.06850961538461539 0.10336538461538461
0 0.042067307692307696 0.49278846153846156 0.052884615384615384 0.06971153846153846
0 0.054086538461538464 0.4567307692307692 0.040865384615384616 0.04447115384615385
0 0.09495192307692307 0.4567307692307692 0.03485576923076923 0.04326923076923077