1 0.9095079921440307 0.12269123700228904 0.161359173887881 0.22196024601081168
1 0.5441007897937555 0.23083792400115102 0.15442765161610217 0.22626365842468057
1 0.718694093373466 0.15159560753963838 0.1274253115442754 0.21479924753194352
0 0.037259615384615384 0.7427884615384616 0.07451923076923077 0.1201923076923077
0 0.07900509768153544 0.6673881408711396 0.039137870395047174 0.05540601485373223
0 0.1460090652585781 0.6267919295190367 0.03136629955398963 0.045286350344524405
0 0.36427015850172934 0.743202697974109 0.06583648573622423 0.10276002475622056
0 0.24877997625833892 0.6914271623760411 0.051437117354037554 0.061054173651130236
0 0.22472966044943232 0.6727594496967306 0.03589397567192247 0.04081484463271433
0 0.2102247252084704 0.6546212869025787 0.03094627526935029 0.03807481188298594
1 0.7199519230769231 0.5360576923076923 0.22355769230769232 0.11538461538461539
1 0.5540865384615384 0.5168269230769231 0.18509615384615385 0.07692307692307693