0 0.03485576923076923 0.3605769230769231 0.06971153846153846 0.07692307692307693
0 0.015625 0.20673076923076922 0.03125 0.08173076923076923
0 0.016826923076923076 0.15745192307692307 0.03365384615384615 0.05048076923076923
0 0.06115629064293962 0.18147447123189436 0.07201005153607075 0.10566815080389019
0 0.0825406508897085 0.15961298589170245 0.051211829229175374 0.07066955826651498
0 0.11881563721072365 0.25531309213439546 0.07748950944781718 0.12042741432284934
0 0.17754192657894088 0.2548005755656071 0.08526085257940061 0.13295092498590358
0 0.18629458484677708 0.19548611155152346 0.04914386587735628 0.07771300343011234
0 0.14906461665933776 0.17173329662627387 0.04388832983362789 0.06776143221884535
0 0.1553837815761517 0.1389451869534685 0.041148600877754675 0.06038180045936578
0 0.12919504294903808 0.10962825987979158 0.03360117961418929 0.05266598210400385
0 0.1177356168498524 0.09844949560026638 0.02901740917451489 0.057137487815813924
0 0.07533242635551765 0.10860266677577467 0.03326529681216223 0.04545444364246552
0 0.16849628841564412 0.08890992095888733 0.03360117961418929 0.05266598210400385
0 0.214393287206739 0.08090845599031346 0.041148600877754675 0.06038180045936578
0 0.23063075841644104 0.11810929471729349 0.04148448367978174 0.06759333892090424
0 0.24756632850002555 0.1660433944876106 0.051995555767238515 0.08749648134343793
0 0.2992753540775463 0.1875857265482903 0.06787412483243258 0.11975504113108475
0 0.3206333810544867 0.14056790324168433 0.05177163389922047 0.08268878903574563
0 0.2923206986085495 0.10540945408133308 0.04148448367978174 0.06759333892090424
0 0.32362999300290163 0.05050771912142413 0.03634090857006237 0.06004561386348355
0 0.34819861201423213 0.06316581641611922 0.041372522745772716 0.06518949276705809
0 0.385260638800658 0.09052440057213805 0.05395155818504859 0.07804919002599456
0 0.39493531781039465 0.03713550529369926 0.038968676591926564 0.06502139946911697
0 0.42081782083265734 0.04730570978557758 0.03656483043808041 0.06485330617117586
0 0.45072115384615385 0.025240384615384616 0.036057692307692304 0.05048076923076923
0 0.028846153846153848 0.7055288461538461 0.057692307692307696 0.18028846153846154
0 0.20351668512007925 0.7297112509317935 0.05898317236075887 0.0831930689295691
0 0.3786057692307692 0.5769230769230769 0.18028846153846154 0.3557692307692308
0 0.5228365384615384 0.43028846153846156 0.09375 0.0625
0 0.5913461538461539 0.43990384615384615 0.10096153846153846 0.08173076923076923
0 0.7007211538461539 0.44591346153846156 0.13221153846153846 0.09375
0 0.9065790767983797 0.5054575953403213 0.149940776865229 0.13268175172262175