0 0.1045673076923077 0.6838942307692307 0.14543269230769232 0.21754807692307693
0 0.21875 0.6298076923076923 0.052884615384615384 0.09375
0 0.2668269230769231 0.5973557692307693 0.0829326923076923 0.11298076923076923
0 0.5 0.6706730769230769 0.11057692307692307 0.17668269230769232
0 0.5949519230769231 0.6430288461538461 0.06971153846153846 0.11298076923076923
0 0.5120192307692307 0.45072115384615385 0.039663461538461536 0.06009615384615385
0 0.7463942307692307 0.7163461538461539 0.1622596153846154 0.25240384615384615
0 0.6850961538461539 0.6538461538461539 0.09495192307692307 0.1502403846153846
0 0.8004807692307693 0.6165865384615384 0.05048076923076923 0.0829326923076923
0 0.8449519230769231 0.59375 0.06490384615384616 0.09014423076923077
0 0.9567307692307693 0.6201923076923077 0.0829326923076923 0.21033653846153846