1 0.27163461538461536 0.15985576923076922 0.2548076923076923 0.31971153846153844
1 0.06850961538461539 0.13341346153846154 0.13701923076923078 0.2668269230769231
1 0.6514423076923077 0.039663461538461536 0.0625 0.07932692307692307
1 0.8040865384615384 0.05889423076923077 0.12740384615384615 0.11778846153846154
1 0.7560096153846154 0.055288461538461536 0.07932692307692307 0.11057692307692307
1 0.875 0.038461538461538464 0.052884615384615384 0.07692307692307693
1 0.9477017007042103 0.07690833767782793 0.0777134313158351 0.12481367152227645
0 0.45072115384615385 0.49759615384615385 0.03125 0.057692307692307696
0 0.3655527349345812 0.5265691572110076 0.0317571381303881 0.0643485455319875
0 0.3295806702910694 0.5518256833347546 0.039528481261971664 0.076829912684215
0 0.3088942307692308 0.49038461538461536 0.03125 0.04326923076923077
0 0.2872038130665632 0.5167549874208492 0.028905448240506004 0.054579115455603885
0 0.24055273493458118 0.5185587932390618 0.03667679137208943 0.06706048260783153
0 0.19708922949450838 0.5373435675951966 0.031869099064397124 0.06675239168583366
0 0.13856715657917593 0.6702035709174556 0.05551901126117474 0.11140803160405491
0 0.024687385948987013 0.5922040181730421 0.04444813450367299 0.07954184976005917
0 0.01201923076923077 0.5192307692307693 0.02403846153846154 0.07211538461538461
0 0.008413461538461538 0.484375 0.016826923076923076 0.03125
0 0.10336538461538461 0.4951923076923077 0.028846153846153848 0.052884615384615384
0 0.11720581567488786 0.5717694834596936 0.05015151428343746 0.09908070991282641
0 0.1045673076923077 0.4795673076923077 0.026442307692307692 0.021634615384615384
1 0.5673076923076923 0.6237980769230769 0.09615384615384616 0.31009615384615385
1 0.6665537198561767 0.5857267391884615 0.09392788318305634 0.16419948274980858
1 0.7799856467503296 0.6541109073174904 0.08822450340329187 0.14466062259704143