0 0.08653846153846154 0.20673076923076922 0.17307692307692307 0.3269230769230769
0 0.1455313837635225 0.08178111467093672 0.03750498267882016 0.06284329324135918
0 0.21033653846153846 0.01201923076923077 0.06490384615384616 0.02403846153846154
0 0.2179101195871302 0.14641540044892884 0.09199093389556214 0.12946400233416738
0 0.32572115384615385 0.015625 0.06971153846153846 0.03125
0 0.3964109168157414 0.12227942188745865 0.11097449342647045 0.16449141818561613
0 0.8583649326177689 0.30322890045638906 0.10539657381378352 0.152079738931356
0 0.9555288461538461 0.30649038461538464 0.0889423076923077 0.21875
0 0.039663461538461536 0.8509615384615384 0.07932692307692307 0.1346153846153846
0 0.10315782755487299 0.8799559515030342 0.10222250035494256 0.13986428391961056
0 0.17186622811426217 0.7966310090763955 0.08656705974387408 0.11945616923375334
0 0.25842083116108594 0.8266303274879682 0.1025305912769405 0.14467197622730288
0 0.2935989904165594 0.7627813354122005 0.08672110520487294 0.12186001538759943
0 0.41294404807337276 0.7661912771326208 0.09624332558139578 0.15850638042283577
0 0.4903311037851027 0.8459600023043262 0.15359525933498092 0.23253485221969697
0 0.5580059258312738 0.7041332775934861 0.09004922412471271 0.1364793165531911
0 0.5147975762841803 0.6693999997397264 0.06912395482295498 0.10846721492076607
0 0.6658653846153846 0.6971153846153846 0.0673076923076923 0.15384615384615385
0 0.6862980769230769 0.734375 0.026442307692307692 0.18509615384615385
0 0.8497596153846154 0.6213942307692307 0.21875 0.10336538461538461