0 0.056649471774234 0.40847992569889746 0.0705400167298691 0.08050178321632237
0 0.05339061497410751 0.35797817682278177 0.05052565369978428 0.06093533966001042
0 0.0629835573549846 0.32811891670782256 0.038114626030895736 0.05111015859116163
0 0.11020137964218517 0.3373505844147943 0.0381146260308957 0.05111015859116163
0 0.12624470891979264 0.3184135302188749 0.03291513682354562 0.04141085539439137
0 0.14763445124212193 0.312781548450495 0.027911546066024383 0.036519244505313415
0 0.10337345779342016 0.4645446341151763 0.11346233506845713 0.13169586038886977
0 0.1774029424380787 0.45382614135742333 0.14117798268465265 0.16340741258649089
0 0.19222599654769776 0.345988738759889 0.03561283065213512 0.04866435314662272
0 0.2250207419118214 0.3549686507227038 0.056116939806792186 0.0802500274721653
0 0.30160099654769773 0.34789788648641284 0.02830334296568223 0.04613462912069803
0 0.3187217672993642 0.35540313998280115 0.04100821830931413 0.06317134865108529
0 0.31830752816519886 0.31576065808968595 0.03782077835615242 0.043898620129623166
0 0.3872538249184871 0.38662607704527735 0.08393053664790215 0.11436542582363256
0 0.43523688891393786 0.3262091452267498 0.030609239894613956 0.04377274225754477
0 0.4969716472056876 0.39694868631026264 0.12233901035354112 0.17268712287633278
0 0.5411265111425906 0.360486297448811 0.06612412132183465 0.0900332492503212
0 0.6009615384615384 0.4074519230769231 0.02403846153846154 0.03125
0 0.6153846153846154 0.46875 0.052884615384615384 0.07211538461538461
0 0.63286037174496 0.4418908291695782 0.03561283065213512 0.04866435314662272
0 0.6824065331956 0.4787877072911272 0.06622207054674908 0.09243709540416749
0 0.7024739609815841 0.44070380244582413 0.025605649137092658 0.03888113136846682
0 0.715695114827738 0.44093457854463475 0.028107444515853376 0.04132693681300573
0 0.74834293635449 0.44630872127668025 0.03772282913123785 0.04149477397577701
0 0.7372011584660471 0.5265858116863694 0.07132361052918466 0.09973255244709159
0 0.7824519230769231 0.5396634615384616 0.0985576923076923 0.07932692307692307
0 0.8882211538461539 0.5456730769230769 0.10817307692307693 0.0673076923076923
0 0.7676226801977163 0.44784631867914604 0.020406159929742637 0.02918182817169642
0 0.7980135794079939 0.4567842713512679 0.025311801462349372 0.031669592906928355
0 0.8270290993260269 0.4909206493480816 0.05322334752837376 0.06818883741224177
0 0.8663232061993381 0.5120246903068592 0.05072155214961317 0.06574303196770287
0 0.8656640940028868 0.4663725930291287 0.027911546066024383 0.036519244505313415
0 0.8453558832980586 0.4395946110112784 0.02030821070482821 0.02677798201785027
0 0.8891373024263692 0.4823962062907106 0.025409750687263803 0.03407343906077451
0 0.9191853793494461 0.482920697424371 0.022810006083588793 0.029223787462389312
0 0.9435096153846154 0.5360576923076923 0.06490384615384616 0.08653846153846154
0 0.9671867954359622 0.5113831343621119 0.030511290669699393 0.041368896103698476
0 0.9822730746989327 0.4984347159054614 0.018002313775896485 0.02913986888100367
0 0.9903846153846154 0.5204326923076923 0.019230769230769232 0.055288461538461536
1 0.20542879830278624 0.8010289697785903 0.0890320766303378 0.1216608828665568
1 0.341531773382953 0.9283157511213496 0.061120530564313484 0.08514163836124339
1 0.4558613895280169 0.9339145866600282 0.043118216788417 0.056001769480239716
0 0.9002403846153846 0.671875 0.19471153846153846 0.18509615384615385