0 0.27283653846153844 0.43149038461538464 0.08413461538461539 0.036057692307692304
0 0.5396634615384616 0.1658653846153846 0.06009615384615385 0.10576923076923077
0 0.7339994565652621 0.1784477186599098 0.0657323244221768 0.08442875338230439
0 0.7610478116981217 0.2836772335791838 0.14549592886777268 0.1604194676043125
0 0.7896838051468236 0.13387825432641576 0.04802385832102374 0.0614205683000864
0 0.9441176543424642 0.16085968277043156 0.06053283521482665 0.07442092028189055
0 0.05048076923076923 0.6706730769230769 0.10096153846153846 0.34615384615384615
0 0.30317227428977106 0.7643725331168265 0.23903366984417518 0.3980565468615565
0 0.25961538461538464 0.5625 0.15384615384615385 0.22596153846153846
0 0.3942307692307692 0.6057692307692307 0.17307692307692307 0.3125
0 0.7596153846153846 0.9495192307692307 0.1778846153846154 0.10096153846153846
0 0.6904955245379263 0.8129891720437065 0.12626515963700358 0.15884967366419508
0 0.5540865384615384 0.7668269230769231 0.0889423076923077 0.1346153846153846
0 0.5786085573549846 0.5954169142309602 0.035906678326878404 0.058035600933667005
0 0.5567780435205403 0.5888432037406358 0.035808729101964115 0.05563175477982085
0 0.6239122796129113 0.6194797550251738 0.0486115536705103 0.07584364522316332
0 0.6643103603382312 0.6407463011805121 0.05322334752837376 0.07142840140050037
0 0.7233556050882759 0.5904615578261746 0.0333069337232034 0.053031684383459884
0 0.7022372682061823 0.5719667286878768 0.038310524480724695 0.05823182517618154
0 0.7638291928040026 0.5841819853335394 0.0361025767767074 0.06284329324135918
0 0.8031722742897711 0.6089561885983895 0.05042770447486989 0.06161679254260108
0 0.8120713918093627 0.6803602107431377 0.0659282228720058 0.0892364456899967
0 0.9036134441053455 0.6926244242663875 0.0883464320559366 0.11023323310339815
0 0.9639423076923077 0.7524038461538461 0.07211538461538461 0.12980769230769232
0 0.9557450882120371 0.5902645401193284 0.04302026756350257 0.056220427507364744
0 0.9735576923076923 0.6346153846153846 0.052884615384615384 0.08173076923076923
0 0.9129921359453282 0.5700036927983986 0.04571796139209201 0.06362819021141788
0 0.9255766198295382 0.5554579261322292 0.025409750687263803 0.03561608857899291
0 0.9695090529386626 0.5458669207725968 0.030511290669699393 0.04322007552556073
0 0.9792489191569114 0.5203076221716051 0.027911546066024383 0.03821615897535361
0 0.8468373921021018 0.5634056030523221 0.03330693372320353 0.053031684383459884
0 0.8119326482588753 0.5593584284589362 0.028107444515853376 0.043023851283045915