1 0.054665508396487504 0.30295948752685564 0.08292389566628734 0.12409769509080348
0 0.5841346153846154 0.32091346153846156 0.07211538461538461 0.18028846153846154
0 0.6515082010920283 0.11935465330606736 0.05345590861103926 0.07944268169630006
0 0.6788832585979774 0.18545531172719448 0.06955991851352746 0.10423702466672857
0 0.7043928164766438 0.12212621855661282 0.051220155755134215 0.08172054761148505
0 0.6876081967074259 0.03622276902109912 0.04093239794798501 0.07160124204145578
0 0.7295673076923077 0.02403846153846154 0.06490384615384616 0.04807692307692308
0 0.8999618547442579 0.07609219375010422 0.05580921478221512 0.11309652785014634
0 0.9134615384615384 0.028846153846153848 0.04807692307692308 0.057692307692307696
0 0.9411057692307693 0.018028846153846152 0.026442307692307692 0.036057692307692304
0 0.9779945714203223 0.02749090647996811 0.021752168699886346 0.03706553421698162
0 0.9891826923076923 0.020432692307692308 0.021634615384615384 0.036057692307692304
0 0.9867788461538461 0.09735576923076923 0.026442307692307692 0.06490384615384616
0 0.9963942307692307 0.08774038461538461 0.007211538461538462 0.04567307692307692
0 0.9479289012144354 0.26541890721069095 0.08258770907040504 0.11929000278311118
1 0.345354003072526 0.7235831167571372 0.07023229170529205 0.11385240928211306
1 0.05890134751131599 0.6858179200142517 0.06989610510940981 0.10904471697442074
1 0.016640676529732036 0.6979733526414278 0.03321657959262321 0.06401176286393397
1 0.8269230769230769 0.5612980769230769 0.14423076923076922 0.20432692307692307