0 0.10817307692307693 0.5276442307692307 0.1346153846153846 0.14182692307692307
0 0.03125 0.37259615384615385 0.0625 0.08653846153846154
0 0.013221153846153846 0.32572115384615385 0.026442307692307692 0.06971153846153846
0 0.08608896948748888 0.30811479143595544 0.053630275197298044 0.06333110852713184
0 0.19651946908718243 0.4038350994122171 0.08221424694684551 0.10589099321350509
0 0.15927007532185122 0.3559283633046553 0.06210161604544814 0.08783170644859038
0 0.16700086716696055 0.2977273371099199 0.044392831297897055 0.06992646514467456
0 0.1921101607340419 0.31970048402760176 0.048948563128267036 0.06542686375898012
0 0.2852932496600666 0.3148909493142533 0.041988985144051034 0.06977241968367555
0 0.32380244581200945 0.38683614696027663 0.0674132293077851 0.09775518198597287
0 0.3685357817547698 0.3489746488343716 0.061597695090803484 0.07821632183320577
0 0.32628972532375455 0.29715405257404276 0.043888910343252534 0.06031108052928994
0 0.37949440211466484 0.2837931523695962 0.038577297080915576 0.050387604991907455
0 0.4312349737320457 0.31106656858903575 0.05426017639060386 0.07535033929636274
0 0.4418684218760037 0.28539448820172286 0.04604079601977636 0.05565743368259664
0 0.5018028198160018 0.4461583886901235 0.11573189124274617 0.15116281497572223
0 0.5600194917015225 0.3684328014453271 0.07437280729200123 0.09340962606127744
0 0.5139838064913883 0.2900158520316915 0.04604079601977636 0.05565743368259664
0 0.6862980769230769 0.27403846153846156 0.17548076923076922 0.34134615384615385
0 0.6994067929571048 0.138187028423773 0.10181273527431405 0.1598539268251131
0 0.7917710103318321 0.11775249371042464 0.0957452405800101 0.13550737436465368
0 0.9511279694175988 0.09562161652043155 0.07968442055433819 0.10333310159865992
0 0.018028846153846152 0.9627403846153846 0.036057692307692304 0.07451923076923077
0 0.020432692307692308 0.90625 0.040865384615384616 0.09134615384615384
0 0.015625 0.8497596153846154 0.03125 0.07451923076923077
0 0.07643780920460962 0.8788617508163679 0.04654471697442088 0.06527281829798125
0 0.08821019030616015 0.8520647700826314 0.03933317851288242 0.06481068191498424
0 0.09375 0.9699519230769231 0.07692307692307693 0.06009615384615385
0 0.10697115384615384 0.9519230769230769 0.06490384615384616 0.09615384615384616
0 0.21875 0.9591346153846154 0.07692307692307693 0.08173076923076923
0 0.1624672389787844 0.8975515185279845 0.05198231047541887 0.0776001399892099
0 0.1524841352667005 0.8442047667603725 0.0437629301045911 0.05790723437544379
0 0.18784893626175647 0.8332942948292028 0.034021565250545456 0.05488720637760189
0 0.210806344152314 0.8599210885935781 0.04451881153655822 0.07233031129852072
0 0.2621689750537114 0.8799829663514793 0.054512136867926185 0.08015803160405491
0 0.22694548672624285 0.8250187372433779 0.034021565250545324 0.054887206377601756
0 0.23719588334457528 0.8148946341255656 0.04148506418940624 0.06015703506829094
0 0.29640506471045897 0.8246783633046554 0.036803352120374964 0.06225279030013922
0 0.31715270761480413 0.8319973651077619 0.03389558501188429 0.052483360223755736
0 0.33106164196395227 0.8688252847204491 0.049326503844250524 0.07263840222051858
0 0.37259615384615385 0.9507211538461539 0.07211538461538461 0.0985576923076923
0 0.3779315311543101 0.8945886869409676 0.046796677451743346 0.07008051060567357
0 0.366179593291328 0.8303476047505481 0.04426685105923575 0.0675226189908284
0 0.4170383032380806 0.8407940978930646 0.03933317851288255 0.06481068191498437
0 0.4385418275743929 0.8625361766192482 0.042240945621373364 0.07458011199136785
0 0.446582459206513 0.833104281540167 0.04211496538271193 0.07217626583752171
0 0.5031783808219904 0.9301662589516445 0.06285749747741512 0.10225478337166731
0 0.52937894965626 0.8815340352528628 0.05994973036892431 0.09248535329528369
0 0.5030728438218977 0.8367243498736425 0.054764097345248515 0.08496572391174723
0 0.5467881162360846 0.8251511139790462 0.044140870820574864 0.06511877283698225
0 0.5913461538461539 0.8425480769230769 0.014423076923076924 0.07451923076923077
1 0.9026442307692307 0.7848557692307693 0.19471153846153846 0.25721153846153844