0 0.06773784212682997 0.42501767271177127 0.07453570411916094 0.10807199695773634
0 0.2545737056100305 0.3958095023119601 0.08515964852219245 0.12316744707257772
0 0.40508326348869694 0.47155536618300914 0.08549583511807467 0.12797513938027003
0 0.59375 0.484375 0.07211538461538461 0.10817307692307693
1 0.6586538461538461 0.1045673076923077 0.019230769230769232 0.09375
1 0.9097398958148181 0.16666130793162534 0.05569166146694416 0.07804919002599443
1 0.8350525717476464 0.16385426184929644 0.04506771706391314 0.06295373991115305
1 0.9747596153846154 0.1814903846153846 0.05048076923076923 0.07932692307692307
0 0.05798843084624435 0.6760427058493482 0.11272806931741765 0.17532914928275836
0 0.07692307692307693 0.8846153846153846 0.15384615384615385 0.23076923076923078
0 0.2516579028538358 0.7391052024343671 0.13637980427732652 0.20568814281038236
0 0.34240749348223065 0.8058410415491957 0.13996030351676061 0.2226831591852467
0 0.4038566303868786 0.7388777725123507 0.10724800381796075 0.1653775780714915
0 0.4338942307692308 0.8725961538461539 0.17548076923076922 0.2548076923076923
0 0.21514423076923078 0.9230769230769231 0.2091346153846154 0.15384615384615385
0 0.6810465612785165 0.7301792243271171 0.03187183320909416 0.045286350344524405
0 0.9030749405548083 0.8713161809294656 0.06218028675404788 0.10242383816033833
0 0.7855468556382236 0.807539007844977 0.04970731607366406 0.06088608035318926
0 0.7617352640553386 0.7853413359089028 0.03393949276705809 0.04064675133477307
0 0.7462530873619445 0.7649339135925456 0.02896370716142467 0.03790671858504469