0 0.21088012406276763 0.09773506567349508 0.07921703267446588 0.09945277334377559
0 0.14715022591570565 0.09579190361356528 0.08419257540299153 0.10672025437006957
0 0.055288461538461536 0.14302884615384615 0.11057692307692307 0.16105769230769232
0 0.5420673076923077 0.25600961538461536 0.18509615384615385 0.1466346153846154
0 0.828125 0.04927884615384615 0.06971153846153846 0.0985576923076923
0 0.8997468827433764 0.22304527597559082 0.11471723345747865 0.17917129437398535
0 0.016826923076923076 0.7415865384615384 0.03365384615384615 0.15625
0 0.054086538461538464 0.9230769230769231 0.10817307692307693 0.15384615384615385
0 0.18985694046501103 0.7779150103437023 0.09526266366559846 0.16933213949957976
0 0.1779995304823185 0.47497445239433167 0.10789734597788471 0.19591430360377557
0 0.40024038461538464 0.9387019230769231 0.10336538461538461 0.12259615384615384
0 0.6610576923076923 0.9651442307692307 0.20192307692307693 0.06971153846153846
0 0.7415865384615384 0.8822115384615384 0.17548076923076922 0.23557692307692307
0 0.33653846153846156 0.734375 0.03365384615384615 0.0985576923076923
0 0.358487837267949 0.7074736923444038 0.03466094867884614 0.04366082872251717
0 0.39423981368221195 0.7980095210669211 0.04494773497756418 0.0726188676981815
0 0.4241480152545944 0.7923495467120258 0.04466798427617528 0.06059963692895073
0 0.4721969632613786 0.7917070492826549 0.05193547287799141 0.06308739692992973
0 0.44997487140384645 0.7662149231258718 0.04209628770149584 0.053360127185034786
0 0.4990858671368593 0.7595767959530744 0.03002110679198726 0.05081642461930053
0 0.5167230623087611 0.7429596574939834 0.029965156651709454 0.048412578465454374
0 0.5804249853856841 0.7437008964769899 0.03728859539380353 0.05330418462027954
0 0.5911014127882481 0.6861484451965704 0.03466094867884614 0.04366082872251731
0 0.6105010373788999 0.7452524605836331 0.03471689881912409 0.04606467487636346
0 0.6293671257588144 0.6781825241761504 0.03220115238472232 0.04122901128629353
0 0.6529300111049149 0.6580295446922342 0.042040337561217896 0.05095628103118863
0 0.7044178828606841 0.7018861723913947 0.04209628770149584 0.053360127185034786
0 0.7113506755598829 0.7416195621358004 0.05176762245715812 0.05587585846839128
0 0.7973845808967952 0.6693232062502753 0.054563119592948794 0.07273075282769198
0 0.9182213201413465 0.7500347078048899 0.07189359393237173 0.09456116718895057
0 0.9771634615384616 0.7415865384615384 0.04567307692307692 0.09375
0 0.9358015602339212 0.6793450165254492 0.0348287990996797 0.05087236718405577
0 0.8747552589420943 0.689449056517128 0.052103323298824694 0.0702989353914682