0 0.03365384615384615 0.47716346153846156 0.0625 0.06490384615384616
0 0.015625 0.49158653846153844 0.03125 0.036057692307692304
0 0.06490384615384616 0.4879807692307692 0.04326923076923077 0.04326923076923077
0 0.11778846153846154 0.4723557692307692 0.0625 0.07451923076923077
0 0.09715312505797294 0.45919224207999865 0.041681724643773135 0.055736002056503184
0 0.15179969589903047 0.46943698054887945 0.05199714973355663 0.06786711795524443
0 0.15874307244125446 0.44429449542181654 0.034190169992475136 0.05084439590167815
0 0.22956730769230768 0.47596153846153844 0.0889423076923077 0.0673076923076923
0 0.21387967161439114 0.4629526954291588 0.0518571416386769 0.06546327180139827
0 0.2334723153528049 0.44876737440629155 0.042381765118171884 0.06775523282573395
0 0.21020501991141247 0.3379946523527252 0.034610194277114474 0.05805593436321661
0 0.2818411088899326 0.4337157856950325 0.04959330357971034 0.0678391466728668
0 0.3317307692307692 0.4699519230769231 0.07692307692307693 0.07932692307692307
0 0.3487050683720954 0.468124856473074 0.062032558633580454 0.07519054154629337
0 0.4098557692307692 0.47716346153846156 0.10336538461538461 0.06490384615384616
0 0.409104946948899 0.43279441750719955 0.05255718211307571 0.07748250257062904
0 0.4607757849861462 0.4538145067448216 0.05722486632588815 0.07513459898153813
0 0.5108173076923077 0.46153846153846156 0.07451923076923077 0.09615384615384616
0 0.4651171575026494 0.40461957443810825 0.0490332712001914 0.05822376205748219
0 0.5090164246988392 0.41594036521321287 0.051577125448917426 0.060655579493705966
0 0.6177884615384616 0.46634615384615385 0.08173076923076923 0.08653846153846154
0 0.5806299267116996 0.4287847488125831 0.05496102826692187 0.0775104738530068
0 0.5584471332180101 0.3984989159892965 0.04648941695146537 0.05579194462125842
0 0.6168513356551617 0.39077075086908625 0.04140170845401359 0.05092830974881087
0 0.6382211538461539 0.4206730769230769 0.040865384615384616 0.09134615384615384
0 0.6430288461538461 0.38461538461538464 0.03125 0.0625
0 0.9771634615384616 0.2403846153846154 0.04567307692307692 0.07692307692307693
0 0.7238795177030799 0.2671634205307684 0.08506725496699354 0.09948074462615335
0 0.7350575783278017 0.37659436309552363 0.08831114969011832 0.11393179283160776
0 0.7007211538461539 0.41466346153846156 0.08413461538461539 0.1466346153846154
0 0.1502403846153846 0.8858173076923077 0.17067307692307693 0.2283653846153846
0 0.33653846153846156 0.8293269230769231 0.2644230769230769 0.34134615384615385
0 0.4577193154396814 0.8331187159697169 0.18112626695727924 0.2639492492532857
0 0.5709134615384616 0.7548076923076923 0.17548076923076922 0.49038461538461536
0 0.6730769230769231 0.7139423076923077 0.028846153846153848 0.09615384615384616
0 0.7443596270925524 0.7285793795597868 0.07346804848240204 0.10655242667580385
0 0.7072755826141519 0.6692935508372696 0.06555646954646477 0.09444928205944009
0 0.6742788461538461 0.6189903846153846 0.03125 0.055288461538461536
0 0.6634615384615384 0.5793269230769231 0.009615384615384616 0.038461538461538464
0 0.671875 0.5372596153846154 0.026442307692307692 0.040865384615384616
0 0.6861084085959561 0.5945785210913956 0.02868243721038401 0.03876922256769214
0 0.7063892385383236 0.6128311375042625 0.03645400805144142 0.04846852103020961
0 0.7263900522909316 0.6262760616094373 0.04436558698737883 0.06057166564657324
0 0.7485265502780712 0.6145225580227938 0.060608769143892724 0.09198949334083882
0 0.7155264490920741 0.584110854428808 0.026278591056537855 0.03874125128531452
0 0.6995192307692307 0.5180288461538461 0.019230769230769232 0.016826923076923076
0 0.7782709024704985 0.6509019200778285 0.06555646954646477 0.09444928205944023
0 0.7602194693509927 0.5678153857170595 0.03136629955398963 0.04360488615776207
0 0.8113884247857156 0.6008407200827235 0.03955789467968666 0.060515723081818004
0 0.7954952628664012 0.5754325077730732 0.02868243721038401 0.03876922256769214
0 0.8076923076923077 0.515625 0.028846153846153848 0.01201923076923077
0 0.840969060342373 0.6756536493169191 0.06824033189007067 0.09928494564951015
0 0.871471602786194 0.7456728718846113 0.08364346547730588 0.11627969642069881
0 0.8769686028730705 0.6544525888091566 0.06102879342853221 0.09920103180237715
0 0.9085686231102699 0.6608258308646809 0.07120421042343576 0.10892830154727225
0 0.9591346153846154 0.7007211538461539 0.08173076923076923 0.12740384615384615
0 0.9795673076923077 0.7800480769230769 0.040865384615384616 0.13701923076923078
0 0.9867788461538461 0.5685096153846154 0.026442307692307692 0.10817307692307693
0 0.9543354126216769 0.6217217949737714 0.07290801610288283 0.09693704206041923
0 0.9072859632906923 0.5563144657371285 0.0652764533567053 0.08964158975174784
0 0.8642148903933363 0.5798354585516042 0.03363013761295592 0.04122901128629353
0 0.847551683952183 0.5412060923958001 0.03363013761295592 0.04122901128629353
0 0.8449519230769231 0.5144230769230769 0.026442307692307692 0.009615384615384616
0 0.9483173076923077 0.5216346153846154 0.03125 0.02403846153846154