0 0.04447115384615385 0.04326923076923077 0.0889423076923077 0.08653846153846154
0 0.14903846153846154 0.030048076923076924 0.09134615384615384 0.06009615384615385
0 0.3245192307692308 0.2608173076923077 0.12980769230769232 0.43509615384615385
0 0.36778846153846156 0.10216346153846154 0.04326923076923077 0.20432692307692307
0 0.4110576923076923 0.0625 0.04326923076923077 0.125
0 0.41947115384615385 0.19591346153846154 0.06009615384615385 0.20432692307692307
0 0.4098557692307692 0.014423076923076924 0.040865384615384616 0.028846153846153848
0 0.4362980769230769 0.027644230769230768 0.05048076923076923 0.055288461538461536
0 0.4952720112128703 0.12289843766447078 0.1004877107917471 0.16643877649579125
0 0.5147108809308436 0.31172622725172705 0.16201040003915915 0.2893845595373149
0 0.6465604768521012 0.13700065708295683 0.12480588515398484 0.19061708971240066
0 0.7043269230769231 0.0829326923076923 0.09615384615384616 0.1658653846153846
0 0.7548076923076923 0.054086538461538464 0.09134615384615384 0.10817307692307693
0 0.872703828649094 0.1226902628575477 0.09562407591929983 0.16160311385246937
0 0.9163078727415421 0.19746821923135222 0.14666427079762093 0.2099737254535031
0 0.9939903846153846 0.109375 0.01201923076923077 0.11778846153846154
0 0.9819711538461539 0.05048076923076923 0.036057692307692304 0.10096153846153846
0 0.8432571342971357 0.07083275595217049 0.0881048533516077 0.1351188506567172
0 0.8569711538461539 0.01201923076923077 0.06009615384615385 0.02403846153846154
0 0.1141826923076923 0.9699519230769231 0.12740384615384615 0.06009615384615385
0 0.28965840914657726 0.8326204300973077 0.0560996287274121 0.07003319732127868
0 0.3798076923076923 0.8064903846153846 0.019230769230769232 0.06009615384615385
0 0.23154737428391955 0.7649701011781528 0.05126396513734231 0.06760138083180309
0 0.13434544710622717 0.7511825480354998 0.06333913847132831 0.07247899897856933
0 0.11293460198063261 0.7318259122943973 0.03661711795524443 0.048286700594145006
0 0.04854822455077222 0.686977158917244 0.029265723081818004 0.03622551432146974
0 0.015625 0.6802884615384616 0.03125 0.04326923076923077
0 0.003605769230769231 0.6754807692307693 0.007211538461538462 0.03365384615384615
0 0.40625 0.7439903846153846 0.03365384615384615 0.07932692307692307
0 0.4669852830142686 0.8212149440016291 0.06856640001468464 0.10856466162189121
0 0.4593550173823801 0.753858303606585 0.0465122153944051 0.07238110280386569
0 0.5305062348210513 0.7338381737494293 0.03435312821328637 0.06029194619556099
0 0.5347265301988139 0.7843469133158281 0.05383563898545404 0.0820384429226948
0 0.5866609640479047 0.7630129790392307 0.03686885949664287 0.06992131597876039
0 0.6145988932821003 0.7379334238537164 0.0319213107770626 0.05787411487390005
0 0.603319217365248 0.8809063293363033 0.07108213129804114 0.1181940314050906
0 0.6500412173774852 0.7910278167555537 0.03930067693286678 0.07233914730042133
0 0.6650237199481143 0.7430348046855193 0.03675697436713239 0.060305931363375774
0 0.6938410604465765 0.8489788500524351 0.068678285144195 0.11818004623727582
0 0.7316321301963663 0.8035225432304874 0.04902794667776174 0.08201047258706523
0 0.7919100973779748 0.7882471724258574 0.03672900308475491 0.05790208520952962
0 0.7963122060911918 0.8231309119922562 0.04416431180531419 0.07717480994374334
0 0.7827842102041982 0.7461239240622904 0.029405579493705966 0.04824474509070065
0 0.8392046666136388 0.7524621908905537 0.024597887186013658 0.04821677475507107
0 0.8484843958404921 0.7813642854079667 0.034269214366153516 0.053080407734022526
0 0.8634380850634295 0.8391474966910705 0.04662410052391572 0.08199648741925031
0 0.8793279701807027 0.9197742390196202 0.07113807386279639 0.12300172371278292
0 0.8185096153846154 0.9375 0.0889423076923077 0.125
0 0.8818585291705622 0.8055985392958352 0.03667306051999967 0.05309439290183731
0 0.8870997763551074 0.7683668942468496 0.029405579493705966 0.04824474509070065
0 0.9147440071243381 0.7685277236767197 0.026945790775104575 0.04342306761519355
0 0.9216198901973454 0.7974158330263179 0.0319213107770626 0.05787411487390005
0 0.9433384194290936 0.7903301610751127 0.029517464623216447 0.057860129706085124
0 0.9747842184057368 0.7736850451797819 0.029349636928950727 0.04343705278300834
0 0.9759615384615384 0.8858173076923077 0.04807692307692308 0.0889423076923077
0 0.9495709630074157 0.8745067319631724 0.036784945649510147 0.06270977751722193