0 0.030048076923076924 0.4338942307692308 0.06009615384615385 0.3293269230769231
0 0.04447115384615385 0.2692307692307692 0.0889423076923077 0.24519230769230768
0 0.15995526811577163 0.17800893521965103 0.16502787725679574 0.2777974254597279
0 0.18870192307692307 0.47836538461538464 0.21394230769230768 0.2403846153846154
0 0.7035741280803725 0.12537628031235795 0.10182861886605589 0.15432963156223012
0 0.596400189300904 0.09612663170201016 0.0895436699083439 0.10802665344584739
0 0.48677884615384615 0.025240384615384616 0.06490384615384616 0.05048076923076923
0 0.7668269230769231 0.01201923076923077 0.04326923076923077 0.02403846153846154
0 0.8762019230769231 0.04326923076923077 0.08413461538461539 0.08653846153846154
0 0.19137928135830717 0.7338677582381045 0.14061181618733457 0.21163377691927016
0 0.5612980769230769 0.9831730769230769 0.07932692307692307 0.03365384615384615
0 0.6899038461538461 0.9891826923076923 0.07211538461538461 0.021634615384615384
0 0.8377403846153846 0.9783653846153846 0.06490384615384616 0.04326923076923077
0 0.9759615384615384 0.9759615384615384 0.04807692307692308 0.04807692307692308
0 0.9783653846153846 0.7896634615384616 0.04326923076923077 0.0985576923076923