0 0.11298076923076923 0.5865384615384616 0.06610576923076923 0.09375
0 0.06610576923076923 0.5420673076923077 0.04567307692307692 0.06850961538461539
0 0.05889423076923077 0.4951923076923077 0.03365384615384615 0.05048076923076923
0 0.037259615384615384 0.4831730769230769 0.028846153846153848 0.05048076923076923
0 0.11177884615384616 0.46274038461538464 0.03125 0.052884615384615384
0 0.12620192307692307 0.5036057692307693 0.03125 0.052884615384615384
0 0.15865384615384615 0.5264423076923077 0.04567307692307692 0.06850961538461539
0 0.15264423076923078 0.4723557692307692 0.03125 0.040865384615384616
0 0.21153846153846154 0.4951923076923077 0.039663461538461536 0.0625
0 0.203125 0.4495192307692308 0.03125 0.046875
0 0.25961538461538464 0.5396634615384616 0.056490384615384616 0.08774038461538461
0 0.24879807692307693 0.6298076923076923 0.0733173076923077 0.125
0 0.24879807692307693 0.4639423076923077 0.027644230769230768 0.04447115384615385
0 0.2608173076923077 0.43990384615384615 0.025240384615384616 0.040865384615384616
0 0.3004807692307692 0.4543269230769231 0.03365384615384615 0.04447115384615385
0 0.3173076923076923 0.4495192307692308 0.02283653846153846 0.040865384615384616
0 0.3473557692307692 0.5036057692307693 0.042067307692307696 0.07211538461538461
0 0.3737980769230769 0.5805288461538461 0.051682692307692304 0.09975961538461539
0 0.35697115384615385 0.44350961538461536 0.027644230769230768 0.046875
0 0.3737980769230769 0.4735576923076923 0.027644230769230768 0.04447115384615385
0 0.4110576923076923 0.4699519230769231 0.027644230769230768 0.04447115384615385
0 0.4387019230769231 0.47475961538461536 0.027644230769230768 0.052884615384615384
0 0.4543269230769231 0.44711538461538464 0.028846153846153848 0.052884615384615384
0 0.47836538461538464 0.45913461538461536 0.027644230769230768 0.06009615384615385
0 0.47716346153846156 0.53125 0.05048076923076923 0.08413461538461539
0 0.5300480769230769 0.49399038461538464 0.039663461538461536 0.06009615384615385
0 0.5360576923076923 0.45552884615384615 0.02283653846153846 0.046875
0 0.5817307692307693 0.46875 0.037259615384615384 0.06009615384615385
0 0.6346153846153846 0.4879807692307692 0.04326923076923077 0.07211538461538461
0 0.6177884615384616 0.4675480769230769 0.03125 0.05048076923076923
0 0.6754807692307693 0.47596153846153844 0.03485576923076923 0.06850961538461539
0 0.859375 0.31971153846153844 0.1141826923076923 0.1814903846153846