0 0.07211538461538461 0.04447115384615385 0.052884615384615384 0.0889423076923077
0 0.13221153846153846 0.014423076923076924 0.0673076923076923 0.028846153846153848
0 0.3645636728810462 0.11200735864236358 0.061215005141258154 0.09860257677670739
0 0.39582765852223495 0.11448262164317449 0.0317814543651745 0.04694641684696476
0 0.43860739184985764 0.07417839999932692 0.04656815795916035 0.07878411219645133
0 0.47456718466922826 0.06723417683458208 0.07108213129804114 0.12062898906098049
0 0.5644045733976194 0.14778137507949365 0.12715378874307576 0.19018951354170519
0 0.5946755785144031 0.06492009961876602 0.08558912206825106 0.12842822287200567
0 0.6370192307692307 0.026442307692307692 0.057692307692307696 0.052884615384615384
0 0.7355769230769231 0.056490384615384616 0.09134615384615384 0.11298076923076923
0 0.834893208270067 0.1636083551900614 0.16145097439160677 0.246849264228969
0 0.8341346153846154 0.05048076923076923 0.125 0.10096153846153846
1 0.04807692307692308 0.59375 0.09615384615384616 0.15384615384615385
1 0.2764423076923077 0.5769230769230769 0.0625 0.12980769230769232
1 0.19362486877538196 0.6162905921606497 0.07102618873328605 0.11582129675328819
1 0.051682692307692304 0.7692307692307693 0.10336538461538461 0.32211538461538464
0 0.6944491795402074 0.711907709094763 0.026945790775104575 0.044346672243289746
0 0.8519307580301361 0.9273600494863603 0.06853842873230703 0.1085118090668353
0 0.7319711538461539 0.9567307692307693 0.06490384615384616 0.08653846153846154
0 0.628219223669367 0.9050296177231628 0.05143179283160775 0.08378770295397263
0 0.5189281375164998 0.9077844664510939 0.07834961232433485 0.12573052904341608
0 0.4524447559736328 0.8726389396890235 0.04888809026587364 0.07167052295982743
0 0.417994570337339 0.9060744451585332 0.05875521642265669 0.09369693524410053
0 0.3969744810997169 0.8547611075159911 0.03681291693188777 0.06637308452756284
0 0.3443416072564999 0.8742408399524886 0.06345102360083867 0.0842774490785449
0 0.348743715969717 0.8395809691715482 0.039104877956223444 0.05685564913709266