0 0.06490384615384616 0.453125 0.04927884615384615 0.0733173076923077
0 0.16105769230769232 0.45913461538461536 0.04567307692307692 0.06971153846153846
0 0.24639423076923078 0.4495192307692308 0.040865384615384616 0.0625
0 0.21995192307692307 0.39903846153846156 0.02403846153846154 0.04567307692307692
0 0.2920673076923077 0.40865384615384615 0.025240384615384616 0.04927884615384615
0 0.32572115384615385 0.4567307692307692 0.040865384615384616 0.07692307692307693
0 0.36177884615384615 0.42788461538461536 0.027644230769230768 0.04927884615384615
0 0.4206730769230769 0.4483173076923077 0.042067307692307696 0.07211538461538461
0 0.49399038461538464 0.41947115384615385 0.028846153846153848 0.052884615384615384
0 0.5192307692307693 0.40384615384615385 0.02283653846153846 0.04326923076923077
0 0.5084134615384616 0.3786057692307692 0.019230769230769232 0.03365384615384615
0 0.5276442307692307 0.3629807692307692 0.016826923076923076 0.03245192307692308
0 0.546875 0.3762019230769231 0.016826923076923076 0.03365384615384615
0 0.49158653846153844 0.3545673076923077 0.015625 0.030048076923076924
0 0.5012019230769231 0.3137019230769231 0.014423076923076924 0.028846153846153848
0 0.45072115384615385 0.2932692307692308 0.016826923076923076 0.028846153846153848
0 0.4483173076923077 0.3762019230769231 0.018028846153846152 0.03245192307692308
0 0.421875 0.39663461538461536 0.021634615384615384 0.028846153846153848
0 0.4014423076923077 0.3762019230769231 0.02403846153846154 0.03365384615384615
0 0.36658653846153844 0.3737980769230769 0.02403846153846154 0.03245192307692308
0 0.3545673076923077 0.3918269230769231 0.027644230769230768 0.037259615384615384
0 0.7920673076923077 0.4831730769230769 0.037259615384615384 0.0625
0 0.6730769230769231 0.3894230769230769 0.019230769230769232 0.030048076923076924
0 0.6826923076923077 0.3713942307692308 0.01201923076923077 0.02403846153846154