1 0.5985576923076923 0.04807692307692308 0.08653846153846154 0.09615384615384616
0 0.8164694656837462 0.4191157943035938 0.1276554261343179 0.17883811864290558
0 0.7223557692307693 0.26802884615384615 0.06490384615384616 0.12740384615384615
0 0.8092573672557679 0.24780035253894997 0.11205569612565305 0.16159152688946554
0 0.7528422326479489 0.12829463081404593 0.07023229170529201 0.11239548734183039
0 0.7752403846153846 0.020432692307692308 0.07451923076923077 0.040865384615384616
0 0.9002403846153846 0.019230769230769232 0.07451923076923077 0.038461538461538464
0 0.9286926951409006 0.08359514515737973 0.08309198896422845 0.12476444200815856
0 0.8596117865298614 0.16237175873507367 0.09595168622316486 0.137133396674487
0 0.9783653846153846 0.33413461538461536 0.04326923076923077 0.1778846153846154
0 0.9855769230769231 0.19591346153846154 0.028846153846153848 0.1466346153846154
0 0.040865384615384616 0.7283653846153846 0.08173076923076923 0.10096153846153846
0 0.17067307692307693 0.71875 0.15384615384615385 0.08173076923076923
0 0.25 0.7019230769230769 0.10576923076923077 0.04807692307692308