0 0.040865384615384616 0.44350961538461536 0.08173076923076923 0.15144230769230768
0 0.11111983688734425 0.130735301901928 0.06599472616657291 0.0941275995309995
0 0.2247596153846154 0.33653846153846156 0.03125 0.07211538461538461
0 0.2720919312172757 0.36340651549397107 0.0415646666748248 0.06033390169900535
0 0.2998200758336393 0.35603414760256247 0.03672900308475491 0.05790208520952962
0 0.33236989839888403 0.3474318862986011 0.04399648411104861 0.06275173302066642
0 0.35773615378496787 0.3364677343442381 0.034381099495663994 0.06269579234940714
0 0.3841784614772755 0.33631389749827534 0.039048935391468205 0.05070453191580608
0 0.41811202045489776 0.31207964361040663 0.03667306051999967 0.05309439290183731
0 0.44202461122266007 0.32275709962456645 0.03913284923860106 0.057916070377344406
0 0.4771600932772054 0.29851585315279033 0.041676551804335174 0.06994928631438996
0 0.5034765301988139 0.3091793239991353 0.041508724110069596 0.05552620939131304
0 0.5219389312295128 0.2718148198559089 0.03658914667286681 0.045882854440298854
0 0.549485262510422 0.2800674519645003 0.03921676308573378 0.06512760883888287
0 0.5830272235347578 0.2894870442304777 0.03672900308475491 0.05790208520952962
0 0.5860044809773449 0.2401942129088168 0.03672900308475491 0.05790208520952962
0 0.6132571137932892 0.2736872296327928 0.03667306051999967 0.05309439290183731
0 0.642313052257275 0.2554905614651691 0.04645627282965 0.06757341049617338
0 0.6651495907188134 0.25535770237092853 0.03913284923860106 0.057916070377344406
0 0.7084747640527994 0.25029827704256985 0.041620609239579935 0.06514159400669765
0 0.7324293117441283 0.2573699638259604 0.03907690667384582 0.05310837806965223
0 0.7387745825172748 0.2284888470602695 0.03672900308475491 0.05790208520952962
0 0.7591373466190231 0.23437958851845914 0.03913284923860106 0.057916070377344406
0 0.7999467886696526 0.23894953297329996 0.039104877956223576 0.05551222422349839
0 0.8289327989276944 0.2267624801902916 0.039104877956223576 0.05551222422349839
0 0.8134616409807713 0.21363222993493386 0.031669569235664156 0.03623949948928466
0 0.8782675876462959 0.22166809194239598 0.041564666674824696 0.06033390169900535
0 0.9036897855971348 0.2058962476803406 0.03440907077804175 0.0650996385032533
0 0.931375973289932 0.20212964901970118 0.0391887918033563 0.06272376268503671
0 0.9819711538461539 0.20552884615384615 0.036057692307692304 0.05048076923076923
0 0.5372596153846154 0.6983173076923077 0.2764423076923077 0.31971153846153844
0 0.7257623712236391 0.7012641713254826 0.10526743181706194 0.16406290067757467
0 0.9392579804632191 0.635122637820027 0.08304541950251668 0.11345626493647237