1 0.03125 0.15745192307692307 0.0625 0.14182692307692307
1 0.9502531872008733 0.304132916580048 0.05097113147097305 0.06863210676162487
0 0.041600332877441644 0.5161879049092115 0.0547485473224218 0.08565525408106262
0 0.04790368952758028 0.6957895815988717 0.0801114233148159 0.13309434918677163
0 0.1561504993161624 0.6616447781065732 0.0894814284440158 0.1601253296066232
0 0.2540455876647226 0.7639551102777964 0.1271089146918255 0.18229946247511258
0 0.2460739282210434 0.6809243058488467 0.060144912357658134 0.0932592410276303
0 0.3664868394116179 0.7373161816108081 0.1135198899824772 0.16208757203177
0 0.3519414694776143 0.6322583133122137 0.06294120699653351 0.09826315757783742
0 0.39795783964205056 0.6694441958313241 0.06529589790670962 0.12710931142399126
0 0.4423076923076923 0.6370192307692307 0.03365384615384615 0.09134615384615384
0 0.42224168066669693 0.6451603548066777 0.05052952774227366 0.09247434405757186
1 0.9651442307692307 0.6322115384615384 0.06971153846153846 0.1778846153846154
1 0.8406084284589362 0.7937576093486055 0.07854162937469876 0.1138635799560024
1 0.46875 0.5817307692307693 0.019230769230769232 0.11057692307692307