0 0.038461538461538464 0.4074519230769231 0.07692307692307693 0.040865384615384616
0 0.06811796394472622 0.35096153846153844 0.06093519119239041 0.07451923076923077
0 0.05994044910162471 0.30649038461538464 0.05762058219113633 0.0625
0 0.17130119599062923 0.3485576923076923 0.06628934120852747 0.08173076923076923
0 0.1583339202151282 0.28846153846153844 0.05612749888469783 0.07451923076923077
0 0.18990384615384615 0.3954326923076923 0.10096153846153846 0.06490384615384616
0 0.2417951388559725 0.3112980769230769 0.05834919246906267 0.07211538461538461
0 0.3173076923076923 0.3762019230769231 0.08653846153846154 0.10336538461538461
0 0.40146875551726013 0.3088942307692308 0.05594534631521652 0.07211538461538461
0 0.41947115384615385 0.13341346153846154 0.06009615384615385 0.10336538461538461
0 0.5024897657377836 0.28365384615384615 0.08770594127307553 0.11057692307692307
0 0.5929237373282529 0.19230769230769232 0.06683579891697217 0.0889423076923077
0 0.6416561257736544 0.18509615384615385 0.09746761570735604 0.14423076923076922
0 0.6237980769230769 0.03485576923076923 0.06009615384615385 0.06971153846153846
0 0.6826923076923077 0.009615384615384616 0.057692307692307696 0.019230769230769232
0 0.7726836725335625 0.16947115384615385 0.08788809384255704 0.11298076923076923
0 0.9495192307692307 0.3894230769230769 0.10096153846153846 0.07692307692307693
0 0.9293338404231114 0.14302884615384615 0.0803122502420554 0.10817307692307693
0 0.9735576923076923 0.08533653846153846 0.052884615384615384 0.08413461538461539
0 0.014423076923076924 0.5685096153846154 0.028846153846153848 0.040865384615384616
0 0.055131337385655746 0.5637019230769231 0.030085359081939125 0.04807692307692308
0 0.06999328376542038 0.6646634615384616 0.10209315544556684 0.14182692307692307
0 0.08951379381742824 0.5733173076923077 0.02990320651245754 0.04567307692307692
0 0.08982288542223629 0.5456730769230769 0.030085359081939263 0.04807692307692308
0 0.17865760486278695 0.6394230769230769 0.0963747002904666 0.12980769230769232
0 0.21033653846153846 0.44711538461538464 0.07932692307692307 0.038461538461538464
0 0.4338942307692308 0.75 0.03125 0.2644230769230769
0 0.4182692307692308 0.6153846153846154 0.0625 0.1778846153846154
0 0.5889423076923077 0.45552884615384615 0.13942307692307693 0.055288461538461536
0 0.7033916527451424 0.7884615384615384 0.3292250124582725 0.4110576923076923
0 0.8465818812766239 0.6478365384615384 0.1946067890263346 0.25240384615384615