1 0.1632657968902791 0.08485244746162914 0.11851367811257596 0.15208562541178833
1 0.7512019230769231 0.18509615384615385 0.4110576923076923 0.3701923076923077
0 0.028846153846153848 0.9747596153846154 0.04807692307692308 0.05048076923076923
0 0.0257937532628246 0.9405797227274154 0.030987817903393486 0.04103320662916218
0 0.10075391486736944 0.9317327209866952 0.029087892704191987 0.050634606076732015
0 0.19230769230769232 0.9711538461538461 0.057692307692307696 0.057692307692307696
0 0.23518543993440433 0.9573848666974669 0.049578464321572716 0.07478494895771184
0 0.28649019152611316 0.9642957240509873 0.038577297080915576 0.048286700594145006
0 0.3401442307692308 0.984375 0.055288461538461536 0.03125
0 0.37259615384615385 0.9699519230769231 0.04326923076923077 0.06009615384615385
0 0.38991345545118633 0.939662892880397 0.03920719827422112 0.060305931363375774