0 0.18629807692307693 0.4675480769230769 0.030048076923076924 0.055288461538461536
0 0.2608173076923077 0.4675480769230769 0.025240384615384616 0.037259615384615384
0 0.3161057692307692 0.4495192307692308 0.026442307692307692 0.042067307692307696
0 0.36538461538461536 0.45072115384615385 0.028846153846153848 0.04927884615384615
0 0.4254807692307692 0.45913461538461536 0.030048076923076924 0.051682692307692304
0 0.48197115384615385 0.4639423076923077 0.026442307692307692 0.04447115384615385
0 0.5300480769230769 0.46634615384615385 0.026442307692307692 0.039663461538461536
0 0.5769230769230769 0.4651442307692308 0.030048076923076924 0.055288461538461536
0 0.6237980769230769 0.46274038461538464 0.028846153846153848 0.04447115384615385
0 0.6742788461538461 0.46274038461538464 0.028846153846153848 0.04447115384615385
0 0.7331730769230769 0.47115384615384615 0.03365384615384615 0.04927884615384615
0 0.7764423076923077 0.47836538461538464 0.030048076923076924 0.04927884615384615
0 0.8293269230769231 0.46274038461538464 0.028846153846153848 0.042067307692307696