0 0.22139412637362516 0.2619527902438836 0.1524237768691264 0.24756548898830127
0 0.21043522991736863 0.11304541975372527 0.07858529397734074 0.1047409456213731
0 0.31490384615384615 0.021634615384615384 0.0625 0.04326923076923077
0 0.4185362667887661 0.06485950927069288 0.08702919612687082 0.12434965556812588
0 0.5228365384615384 0.020432692307692308 0.055288461538461536 0.040865384615384616
0 0.7201257948575966 0.17909842048444818 0.10524252835278453 0.14686613262336934
0 0.8570878292160025 0.41299671398163945 0.10191440943294462 0.13231707546163124
0 0.019230769230769232 0.7764423076923077 0.038461538461538464 0.09615384615384616
0 0.03125 0.7451923076923077 0.057692307692307696 0.03365384615384615
0 0.17548076923076922 0.9495192307692307 0.13942307692307693 0.10096153846153846
0 0.17000154107391238 0.8406872481986211 0.09020326958571172 0.13649486657601775
0 0.16105769230769232 0.7524038461538461 0.0673076923076923 0.04807692307692308
0 0.4483173076923077 0.7620192307692307 0.055288461538461536 0.0673076923076923
0 0.5435219676860599 0.8457911082680234 0.08631985004401344 0.15066598302177234
0 0.5024038461538461 0.7415865384615384 0.057692307692307696 0.026442307692307692
0 0.5817307692307693 0.7632211538461539 0.07211538461538461 0.06971153846153846
0 0.75 0.7680288461538461 0.14423076923076922 0.07932692307692307
0 0.9435096153846154 0.7944711538461539 0.11298076923076923 0.13221153846153846