0 0.03485576923076923 0.0625 0.06971153846153846 0.125
0 0.5480769230769231 0.2860576923076923 0.03365384615384615 0.04326923076923077
0 0.6153846153846154 0.296875 0.038461538461538464 0.021634615384615384
0 0.6742788461538461 0.2860576923076923 0.036057692307692304 0.04326923076923077
0 0.7620192307692307 0.2776442307692308 0.038461538461538464 0.06009615384615385
0 0.7716346153846154 0.2980769230769231 0.04807692307692308 0.019230769230769232
0 0.8365384615384616 0.28846153846153844 0.04326923076923077 0.038461538461538464
0 0.8858173076923077 0.29927884615384615 0.040865384615384616 0.016826923076923076
0 0.9627403846153846 0.2980769230769231 0.04567307692307692 0.019230769230769232
0 0.08744604582598582 0.5081688755166083 0.10086545329579799 0.14025673240463993
0 0.20584291707949343 0.5334096568641588 0.08851054820102451 0.1200448419612973
0 0.2938140777936887 0.5394686258585272 0.11562420454441763 0.16066484709049705
0 0.431732703544001 0.3729414307483421 0.06873430819124852 0.08722504802118003
0 0.453125 0.5432692307692307 0.15144230769230768 0.20673076923076922
0 0.766083198674258 0.40141911863305285 0.0739196341151763 0.1092521118908247
0 0.8384922983244925 0.41235931443453594 0.13502281093795815 0.17185002564599916
0 0.9459134615384616 0.4375 0.10817307692307693 0.25961538461538464