0 0.6971153846153846 0.3605769230769231 0.0625 0.11538461538461539
0 0.7127403846153846 0.2792575119983628 0.03365384615384615 0.07025202233019935
0 0.75 0.3000361795833344 0.040865384615384616 0.08049833480754974
0 0.75 0.2735938718910267 0.03125 0.04840709765826201
0 0.8233173076923077 0.3056409770892462 0.04567307692307692 0.07370741492065519
0 0.8533653846153846 0.271762110997722 0.028846153846153848 0.05060063452478635
0 0.875 0.2566481735656708 0.026442307692307692 0.05519801754515664
0 0.9290865384615384 0.2879739069086196 0.05048076923076923 0.09576264887991447
0 0.9459134615384616 0.2504440495896738 0.03125 0.06283017458133901
0 0.9855769230769231 0.2980769230769231 0.028846153846153848 0.08173076923076923
0 0.9855769230769231 0.2512019230769231 0.028846153846153848 0.06490384615384616
0 0.6694711538461539 0.7283653846153846 0.040865384615384616 0.23076923076923078
0 0.6995192307692307 0.4639423076923077 0.09134615384615384 0.09134615384615384
0 0.8100961538461539 0.7603443867897449 0.13221153846153846 0.22070162618732178
0 0.8665865384615384 0.6868925031530642 0.12259615384615384 0.2150526967303417
0 0.9507211538461539 0.6574519230769231 0.0985576923076923 0.16105769230769232
0 0.9831730769230769 0.6310096153846154 0.03365384615384615 0.20432692307692307