1 0.5431495664895498 0.12659966062436018 0.0911350201286038 0.12755313274857535
1 0.3061251453820489 0.20532289704886117 0.0911350201286038 0.12755313274857535
1 0.041913202176522044 0.10763368310000027 0.06810032379519072 0.1016218876242164
1 0.12631597948045192 0.12561839730277818 0.06555646954646477 0.09900773218304829
1 0.953125 0.07932692307692307 0.09375 0.11057692307692307
1 0.08413461538461539 0.4411057692307692 0.07211538461538461 0.08413461538461539
1 0.019230769230769232 0.4699519230769231 0.038461538461538464 0.06009615384615385
1 0.18509615384615385 0.4387019230769231 0.07211538461538461 0.07932692307692307
1 0.37010708464873154 0.4563008902336904 0.0518571416386769 0.06911003190028489
1 0.46875 0.4266826923076923 0.07692307692307693 0.055288461538461536
1 0.49278846153846156 0.43990384615384615 0.052884615384615384 0.08173076923076923
1 0.6346153846153846 0.4543269230769231 0.09134615384615384 0.11057692307692307
1 0.9555288461538461 0.9290865384615384 0.0889423076923077 0.14182692307692307