0 0.6105769230769231 0.47716346153846156 0.027644230769230768 0.046875
0 0.07451923076923077 0.7283653846153846 0.0625 0.0829326923076923
0 0.15865384615384615 0.7271634615384616 0.05889423076923077 0.09134615384615384
0 0.12860576923076922 0.8497596153846154 0.10697115384615384 0.13701923076923078
0 0.2536057692307692 0.7728365384615384 0.07932692307692307 0.09014423076923077
0 0.30408653846153844 0.6826923076923077 0.051682692307692304 0.051682692307692304
0 0.3918269230769231 0.65625 0.037259615384615384 0.06370192307692307
0 0.4387019230769231 0.6274038461538461 0.038461538461538464 0.05889423076923077
0 0.45552884615384615 0.6935096153846154 0.052884615384615384 0.08052884615384616
0 0.4182692307692308 0.8533653846153846 0.11658653846153846 0.13942307692307693
0 0.5348557692307693 0.7007211538461539 0.056490384615384616 0.078125
0 0.4951923076923077 0.6754807692307693 0.04447115384615385 0.06370192307692307
0 0.6069711538461539 0.6586538461538461 0.040865384615384616 0.06971153846153846
0 0.6490384615384616 0.6466346153846154 0.038461538461538464 0.05048076923076923
0 0.6598557692307693 0.7451923076923077 0.06971153846153846 0.09615384615384616
0 0.7091346153846154 0.6382211538461539 0.040865384615384616 0.05048076923076923
0 0.7355769230769231 0.6394230769230769 0.028846153846153848 0.051682692307692304
0 0.7692307692307693 0.6370192307692307 0.037259615384615384 0.055288461538461536
0 0.8329326923076923 0.6887019230769231 0.054086538461538464 0.0733173076923077
0 0.8425480769230769 0.7752403846153846 0.0625 0.0829326923076923
0 0.9038461538461539 0.765625 0.05889423076923077 0.08774038461538461
0 0.8762019230769231 0.6658653846153846 0.036057692307692304 0.06129807692307692
0 0.8786057692307693 0.6237980769230769 0.03245192307692308 0.04447115384615385
0 0.9519230769230769 0.6430288461538461 0.05048076923076923 0.07211538461538461