0 0.018028846153846152 0.4495192307692308 0.036057692307692304 0.13942307692307693
0 0.09495192307692307 0.4807692307692308 0.09375 0.07692307692307693
0 0.18269230769230768 0.484375 0.125 0.06971153846153846
0 0.33653846153846156 0.3993354980265227 0.07211538461538461 0.08875597921458414
0 0.3485576923076923 0.49278846153846156 0.17307692307692307 0.052884615384615384
0 0.671875 0.4723557692307692 0.06490384615384616 0.09375
0 0.7572115384615384 0.30460402884970417 0.052884615384615384 0.08752361552659238
0 0.6586538461538461 0.32572115384615385 0.038461538461538464 0.06009615384615385
0 0.671875 0.31235656883039503 0.03365384615384615 0.05023355953090845
0 0.7043269230769231 0.3252534902461886 0.019230769230769232 0.03248236368799162
0 0.7908653846153846 0.40291451145753565 0.04567307692307692 0.08225378683590333
0 0.8209134615384616 0.40363815664309954 0.036057692307692304 0.05519529729959976
0 0.8269230769230769 0.450898270295597 0.052884615384615384 0.08031207706505392
0 0.7572115384615384 0.3851328750035503 0.038461538461538464 0.06015703506829094
0 0.8004807692307693 0.34944415483999297 0.03125 0.052483360223755736
0 0.8425480769230769 0.3509380273305516 0.03365384615384615 0.052637405684754605
0 0.8485576923076923 0.381371217906126 0.03365384615384615 0.05023355953090845
0 0.875 0.4191234102848068 0.04807692307692308 0.07519629383536373
0 0.8966346153846154 0.37964443481841276 0.03125 0.04527182176221727
0 0.8966346153846154 0.4807692307692308 0.0625 0.07692307692307693
0 0.9278846153846154 0.48197115384615385 0.052884615384615384 0.07451923076923077
0 0.9447115384615384 0.4368118824999303 0.036057692307692304 0.050387604991907316
0 0.953125 0.40730296469034977 0.03125 0.04286797560837112
0 0.9867788461538461 0.41586538461538464 0.026442307692307692 0.04326923076923077
0 0.9831730769230769 0.49278846153846156 0.03365384615384615 0.052884615384615384
0 0.9927884615384616 0.4579326923076923 0.014423076923076924 0.055288461538461536
0 0.025240384615384616 0.5444711538461539 0.05048076923076923 0.05048076923076923
0 0.016826923076923076 0.5949519230769231 0.03365384615384615 0.0985576923076923
0 0.015625 0.7355769230769231 0.03125 0.1346153846153846
0 0.02403846153846154 0.9026442307692307 0.04807692307692308 0.16105769230769232
0 0.12259615384615384 0.6529486368799164 0.06490384615384616 0.11954384283158713
0 0.09014423076923077 0.5480769230769231 0.04567307692307692 0.057692307692307696
0 0.23076923076923078 0.6118037595479464 0.04567307692307692 0.08465763298974949
0 0.2848557692307692 0.5540865384615384 0.04567307692307692 0.06971153846153846
0 0.28725961538461536 0.7115776740352681 0.0625 0.1121782589090498
0 0.33653846153846156 0.6522356059857466 0.055288461538461536 0.09488919944912985
0 0.37740384615384615 0.5444711538461539 0.04807692307692308 0.05048076923076923
0 0.40384615384615385 0.619289263509102 0.052884615384615384 0.08992746168043854
0 0.46634615384615385 0.5595925224181517 0.052884615384615384 0.07790823091120777
0 0.44591346153846156 0.6820812129227375 0.06490384615384616 0.1051207659085102
0 0.44350961538461536 0.7876963982309693 0.0625 0.10737056660135735
0 0.34615384615384615 0.8776114032143577 0.07211538461538461 0.13683290229150707
0 0.18509615384615385 0.9747596153846154 0.11057692307692307 0.05048076923076923
0 0.15504807692307693 0.79084555829571 0.07451923076923077 0.12737156313712147
0 0.4891826923076923 0.9495192307692307 0.08413461538461539 0.10096153846153846
0 0.5673076923076923 0.8160624317801078 0.07932692307692307 0.14450657713604242
0 0.6177884615384616 0.7776442307692307 0.04326923076923077 0.10817307692307693
0 0.625 0.7019230769230769 0.028846153846153848 0.08173076923076923
0 0.5480769230769231 0.5864646834767316 0.04326923076923077 0.0796958952210581
0 0.5 0.6146337742567525 0.04807692307692308 0.0776001399892099
0 0.9098557692307693 0.5853365384615384 0.18028846153846154 0.13221153846153846
0 0.7884615384615384 0.5420673076923077 0.09615384615384616 0.04567307692307692