0 0.04072464954760058 0.19072478209117055 0.07642515051162033 0.1070280094900157
0 0.22719209254255668 0.16030180132067237 0.08672617970140614 0.12402276972971006
0 0.3768488719518967 0.23628352397197483 0.08922797508016672 0.12646857517424911
0 0.28431306545914636 0.41147666146007167 0.1500546579697368 0.20439867507395404
0 0.390625 0.5516826923076923 0.23317307692307693 0.25240384615384615
0 0.47458217613470066 0.37630892731792037 0.10472849347730263 0.15316263861071386
0 0.5528846153846154 0.25721153846153844 0.052884615384615384 0.1201923076923077
0 0.5456730769230769 0.41466346153846156 0.0673076923076923 0.18990384615384615
0 0.5997596153846154 0.3641826923076923 0.040865384615384616 0.09375
0 0.5997596153846154 0.5432692307692307 0.040865384615384616 0.15865384615384615
0 0.7367788461538461 0.5793269230769231 0.2283653846153846 0.1971153846153846
0 0.7114814137479688 0.44519617631877123 0.09943105504503791 0.14105948926009731
0 0.7138505472369808 0.2984986219981166 0.05881463363538176 0.08750352522439665
0 0.8519125068154365 0.12770848026395282 0.06063078443974108 0.07312240759201255
0 0.8285801405685869 0.4051429145797194 0.06661386744640706 0.10205248001955197
0 0.8972856544030313 0.4015310620567728 0.07132361052918466 0.09973255244709159
0 0.8669253777141457 0.4972233560129978 0.09153387200909845 0.12410668831109571
0 0.9146634615384616 0.5745192307692307 0.13221153846153846 0.20673076923076922
0 0.9420506559239286 0.3950957704730517 0.05390899210277503 0.08501576048916484
0 0.6499751679447363 0.27212533653402554 0.056410787481535336 0.08746156593370376
1 0.08774038461538461 0.7872596153846154 0.17548076923076922 0.21875
1 0.3889721336067809 0.8038070960253086 0.15873543480499194 0.24058224525372474
1 0.24158653846153846 0.9711538461538461 0.1658653846153846 0.057692307692307696
1 0.5072115384615384 0.8870192307692307 0.14423076923076922 0.22596153846153846