0 0.18389423076923078 0.3605769230769231 0.038461538461538464 0.08653846153846154
0 0.23798076923076922 0.3870192307692308 0.04447115384615385 0.09014423076923077
0 0.21754807692307693 0.33774038461538464 0.021634615384615384 0.056490384615384616
0 0.16466346153846154 0.34615384615384615 0.021634615384615384 0.051682692307692304
0 0.1502403846153846 0.3425480769230769 0.021634615384615384 0.04807692307692308
0 0.2668269230769231 0.3557692307692308 0.03245192307692308 0.06370192307692307
0 0.28966346153846156 0.359375 0.030048076923076924 0.06610576923076923
0 0.3389423076923077 0.3389423076923077 0.02283653846153846 0.04567307692307692
0 0.36899038461538464 0.44591346153846156 0.055288461538461536 0.1201923076923077
0 0.38221153846153844 0.38822115384615385 0.03485576923076923 0.06850961538461539
0 0.375 0.3473557692307692 0.019230769230769232 0.042067307692307696
0 0.42908653846153844 0.3425480769230769 0.025240384615384616 0.051682692307692304
0 0.4483173076923077 0.35216346153846156 0.028846153846153848 0.06370192307692307
0 0.49759615384615385 0.42788461538461536 0.04927884615384615 0.11177884615384616
0 0.5228365384615384 0.34615384615384615 0.026442307692307692 0.06370192307692307
0 0.5564903846153846 0.375 0.03245192307692308 0.07451923076923077
0 0.5600961538461539 0.3485576923076923 0.025240384615384616 0.042067307692307696
0 0.6274038461538461 0.3954326923076923 0.038461538461538464 0.06610576923076923
0 0.6610576923076923 0.36899038461538464 0.02403846153846154 0.04567307692307692
0 0.6850961538461539 0.3581730769230769 0.020432692307692308 0.051682692307692304
0 0.734375 0.40024038461538464 0.039663461538461536 0.08774038461538461
0 0.7548076923076923 0.36658653846153844 0.025240384615384616 0.057692307692307696
0 0.7956730769230769 0.4254807692307692 0.03485576923076923 0.07572115384615384
0 0.7956730769230769 0.37740384615384615 0.027644230769230768 0.06009615384615385