1 0.33533653846153844 0.040865384615384616 0.040865384615384616 0.08173076923076923
1 0.25 0.03485576923076923 0.04807692307692308 0.06971153846153846
1 0.29242851799004416 0.06500300656772072 0.03646326217432138 0.07097070082301976
1 0.40418638639216814 0.06470537247789797 0.04131290998545804 0.0783501275994224
1 0.640625 0.09375 0.24759615384615385 0.1875
0 0.039663461538461536 0.5588942307692307 0.07932692307692307 0.1658653846153846
0 0.125 0.5408653846153846 0.08653846153846154 0.14423076923076922
0 0.30528846153846156 0.4963942307692308 0.08653846153846154 0.055288461538461536
0 0.44350961538461536 0.7463942307692307 0.05048076923076923 0.2860576923076923
0 0.4567307692307692 0.5132211538461539 0.02403846153846154 0.0889423076923077
1 0.7693402465078394 0.9046206461088958 0.09212932324378241 0.13780526259780393
1 0.7928488743796375 0.5817497640766225 0.07022898967068596 0.0913766882578382