0 0.1778846153846154 0.5228365384615384 0.3076923076923077 0.09375
0 0.1310096153846154 0.08653846153846154 0.15144230769230768 0.17307692307692307
0 0.33653846153846156 0.09615384615384616 0.04326923076923077 0.19230769230769232
0 0.42908653846153844 0.08052884615384616 0.14182692307692307 0.16105769230769232
0 0.53125 0.06009615384615385 0.16826923076923078 0.1201923076923077
0 0.7427884615384616 0.038461538461538464 0.1201923076923077 0.07692307692307693
0 0.8834134615384616 0.042067307692307696 0.0985576923076923 0.08413461538461539
0 0.05889423076923077 0.5853365384615384 0.07451923076923077 0.03125
0 0.15985576923076922 0.5769230769230769 0.06009615384615385 0.014423076923076924
0 0.11538461538461539 0.5901442307692307 0.057692307692307696 0.040865384615384616
0 0.040865384615384616 0.7475961538461539 0.08173076923076923 0.125
0 0.3137019230769231 0.7752403846153846 0.0889423076923077 0.1466346153846154
0 0.32572115384615385 0.6225961538461539 0.06490384615384616 0.10576923076923077
0 0.24278846153846154 0.6057692307692307 0.08653846153846154 0.07211538461538461
0 0.5564903846153846 0.6358173076923077 0.27163461538461536 0.13221153846153846