0 0.17908653846153846 0.8930288461538461 0.16947115384615385 0.21153846153846154
0 0.08774038461538461 0.7403846153846154 0.109375 0.15504807692307693
0 0.17668269230769232 0.6754807692307693 0.07091346153846154 0.09735576923076923
0 0.1201923076923077 0.6430288461538461 0.04927884615384615 0.0733173076923077
0 0.0829326923076923 0.6153846153846154 0.042067307692307696 0.057692307692307696
0 0.042067307692307696 0.6213942307692307 0.042067307692307696 0.055288461538461536
0 0.051682692307692304 0.5793269230769231 0.036057692307692304 0.04927884615384615
0 0.11177884615384616 0.5829326923076923 0.037259615384615384 0.042067307692307696
0 0.15144230769230768 0.5793269230769231 0.03365384615384615 0.052884615384615384
0 0.17427884615384615 0.5865384615384616 0.028846153846153848 0.037259615384615384
0 0.23557692307692307 0.578125 0.027644230769230768 0.04927884615384615
0 0.2620192307692308 0.5829326923076923 0.03125 0.051682692307692304
0 0.3088942307692308 0.6057692307692307 0.03365384615384615 0.056490384615384616
0 0.34615384615384615 0.5853365384615384 0.028846153846153848 0.05889423076923077
0 0.3954326923076923 0.5949519230769231 0.04447115384615385 0.07211538461538461
0 0.40024038461538464 0.7043269230769231 0.08052884615384616 0.15625
0 0.5745192307692307 0.8112980769230769 0.1502403846153846 0.23798076923076922
0 0.5012019230769231 0.6382211538461539 0.056490384615384616 0.08774038461538461
0 0.48677884615384615 0.5913461538461539 0.04326923076923077 0.0625
0 0.4254807692307692 0.5673076923076923 0.03245192307692308 0.06370192307692307
0 0.37259615384615385 0.5685096153846154 0.025240384615384616 0.04567307692307692
0 0.2860576923076923 0.5697115384615384 0.02403846153846154 0.04326923076923077
0 0.48197115384615385 0.4963942307692308 0.02403846153846154 0.04326923076923077
0 0.5360576923076923 0.47115384615384615 0.02403846153846154 0.04447115384615385
0 0.5913461538461539 0.6069711538461539 0.04326923076923077 0.06490384615384616
0 0.5733173076923077 0.5721153846153846 0.028846153846153848 0.056490384615384616
0 0.6466346153846154 0.6262019230769231 0.04927884615384615 0.08653846153846154
0 0.6971153846153846 0.6502403846153846 0.06490384615384616 0.11177884615384616
0 0.6694711538461539 0.5769230769230769 0.036057692307692304 0.05889423076923077
0 0.6454326923076923 0.5516826923076923 0.027644230769230768 0.051682692307692304
0 0.6935096153846154 0.5516826923076923 0.028846153846153848 0.04927884615384615
0 0.734375 0.5612980769230769 0.03245192307692308 0.052884615384615384
0 0.7367788461538461 0.6129807692307693 0.04447115384615385 0.08413461538461539
0 0.84375 0.6526442307692307 0.0625 0.10576923076923077
0 0.8305288461538461 0.59375 0.04567307692307692 0.06490384615384616
0 0.7836538461538461 0.5697115384615384 0.040865384615384616 0.051682692307692304
0 0.84375 0.5504807692307693 0.04567307692307692 0.06490384615384616
0 0.8942307692307693 0.5456730769230769 0.040865384615384616 0.056490384615384616
0 0.9819711538461539 0.5564903846153846 0.03365384615384615 0.056490384615384616
0 0.9507211538461539 0.6442307692307693 0.06971153846153846 0.10576923076923077
0 0.9771634615384616 0.6911057692307693 0.04326923076923077 0.12139423076923077