0 0.421875 0.17668269230769232 0.27163461538461536 0.35336538461538464
0 0.8130197729363644 0.19287186879203097 0.18342656716926561 0.2856368990963996
0 0.7980769230769231 0.07932692307692307 0.13942307692307693 0.15865384615384615
0 0.032538157835703144 0.6849039104897574 0.03990882883266618 0.06261755331527069
0 0.07867337114177694 0.6744985993673374 0.045024612062356355 0.06776143221884535
0 0.10713441133543342 0.6784910951766593 0.03688880083482415 0.052834075401945096
0 0.16185327314933004 0.7021851334442734 0.032697290371127716 0.062113273421447485
0 0.18841918569156804 0.7170789835948737 0.034484954680977994 0.05266598210400398
0 0.21765045319021933 0.7090522486349646 0.03750498267882003 0.06244946001732971
0 0.18180768756566312 0.670876356786638 0.026349143453445915 0.03773862528710358
0 0.20576912637362524 0.6703973468841498 0.022003587528750482 0.04461397715275982
0 0.23159525222193705 0.678163705222182 0.021387405684754605 0.0349985925373752
0 0.14961727329130703 0.6503931244962755 0.02875298960729207 0.03790671858504469
0 0.11149426636283505 0.6291282023738425 0.026657234375443786 0.042546317594796025
0 0.0884571003208667 0.6151841353532539 0.024253388221597633 0.042378224296854776
0 0.07112145874151586 0.6056275273955046 0.02588700707044904 0.030527086825565118
0 0.05175278555811003 0.6464676420195541 0.021849542067751478 0.04221013099891366
0 0.013221153846153846 0.6526442307692307 0.026442307692307692 0.040865384615384616
0 0.02056366678024716 0.6103594097291914 0.023637206377601822 0.03276283968147016
0 0.006009615384615385 0.6069711538461539 0.01201923076923077 0.03125
0 0.36128118208535515 0.7456735574605555 0.04006287429366532 0.06502139946911684
0 0.4166000842348851 0.7226606890261109 0.034639000141976996 0.05506982825785
0 0.40120615242638363 0.720147526231959 0.022003587528750482 0.04461397715275995
0 0.4569263097367735 0.7282165644995733 0.029369171451287677 0.04752210320042931
0 0.47894603877388625 0.7206941094334878 0.021849542067751478 0.04221013099891366
0 0.49227465596160813 0.6994209506360897 0.016733758838061163 0.037066252095339126
0 0.502060227546354 0.7334362533771532 0.026657234375443786 0.042546317594795886
0 0.5455300858960148 0.7459515273652423 0.023945297299599898 0.037570531989162465
0 0.5300895719680822 0.7254935650662149 0.02154145114575347 0.037402438691221354
0 0.003605769230769231 0.5673076923076923 0.007211538461538462 0.02403846153846154
0 0.011702367961494983 0.5619210300650509 0.01867546860891058 0.030022806931741777
0 0.018174119729107242 0.5542892583586596 0.013251594457222392 0.020071235720474936
0 0.003605769230769231 0.5444711538461539 0.007211538461538462 0.026442307692307692
0 0.26360118042422565 0.7201975062481895 0.032081108527131835 0.05249788880606287
0 0.3086580755033067 0.7266191182026926 0.029523216912286817 0.04992594935427546
0 0.3432057538120781 0.7289894576902385 0.022003587528750482 0.04461397715275982
0 0.39479528188090857 0.6894858527747529 0.026503188914445055 0.04014247144094987
0 0.37658194965499475 0.7122971212449563 0.021695496606752747 0.039806284845067506
0 0.3735457801487904 0.6849890770716077 0.023791251838600893 0.03516668583531631
0 0.3446996263026367 0.6870061966469014 0.023945297299599762 0.037570531989162465
0 0.3305076175710582 0.6844089872037789 0.01898355953090845 0.034830499239434085
0 0.3137577172246346 0.6843837172124437 0.02634914345344578 0.03773862528710358
0 0.2886713780702489 0.6837448506869795 0.021695496606752476 0.039806284845067506
0 0.2763440563790202 0.6893930094843774 0.024253388221597633 0.042378224296854776
0 0.2732308641423164 0.663286888387952 0.02107931476275673 0.03019090022968289
0 0.29269270156458416 0.6583363727736538 0.018521423147911574 0.027618960777895624
0 0.3168081858335452 0.6554535167173193 0.015963531533066417 0.02504702132610822
0 0.3361159777948138 0.6529068472568672 0.018829514069909584 0.03242665308558793
0 0.3538833151460929 0.6743986393348766 0.018829514069909584 0.03242665308558793
0 0.40362429768293606 0.6637411882655451 0.01867546860891058 0.030022806931741777
0 0.42103696199278645 0.6720958731463712 0.02138740568475474 0.0349985925373752
0 0.43106790087173696 0.6462671619881925 0.013405639918221258 0.02247508187432109
0 0.45632442699548387 0.6815937044464848 0.018829514069909584 0.03242665308558793
0 0.4422864637249043 0.6765926488495163 0.013713730840219266 0.027282774182013397
0 0.4712866630320572 0.6721716831203767 0.013559685379220263 0.024878928028167244
0 0.48566315783570313 0.6532183238278542 0.013405639918221258 0.02247508187432109
0 0.4944312924155935 0.6657671044822435 0.013559685379220263 0.024878928028167244
0 0.5528846153846154 0.7247596153846154 0.009615384615384616 0.03125
0 0.5504807692307693 0.6887019230769231 0.014423076923076924 0.026442307692307692
0 0.5189480318454144 0.6939661551279681 0.018829514069909584 0.03242665308558793
0 0.35708782921600246 0.643064592685906 0.015809486072067412 0.022643175172262067
0 0.41598205998523324 0.6389463068863483 0.015501395150069678 0.01783548286456976
0 0.40516475229292553 0.6397027267270835 0.013097548996223524 0.01766738956662878
0 0.5128148116108684 0.6776435119448684 0.013405639918221258 0.02247508187432109
0 0.5288715073827966 0.6884860896285112 0.011155839225374109 0.024710834730225992
0 0.4427647416162635 0.7064726324746521 0.02138740568475474 0.0349985925373752
0 0.16282228562909853 0.6123770892709249 0.023945297299599762 0.037570531989162465
0 0.16795421036715105 0.6443247324540246 0.01867546860891058 0.030022806931741777
0 0.18986647606269583 0.6571509230466608 0.026503188914444784 0.040142471440949734
0 0.20559893940426388 0.6357096709513217 0.023791251838600758 0.03516668583531631
0 0.2006676422466412 0.6193029811192515 0.023791251838600758 0.03516668583531631
0 0.24162619110088757 0.6523349940640035 0.02107931476275673 0.03019090022968289
0 0.25367586248118695 0.6323478049924991 0.013713730840219266 0.027282774182013397
0 0.26771382575176644 0.6373488605894676 0.015809486072067412 0.022643175172262203
0 0.2809349795979203 0.6364243474507915 0.013559685379220263 0.024878928028167244
0 0.2953580565209972 0.6354157876631447 0.015809486072067412 0.022643175172262203
0 0.2989172436323356 0.6172188482113573 0.013251594457222527 0.020071235720474936
0 0.31252351113098686 0.6102847196880657 0.011001793764375104 0.02230698857637984
0 0.303524308359598 0.6013417082644458 0.01069370284237737 0.01749929626868753
0 0.29487977862963805 0.605535804038009 0.008443902149530084 0.01973504912459271
0 0.34361946566998786 0.6105033529686773 0.010385611920379362 0.012691603960995224
0 0.3558393240196486 0.6252038398300009 0.010847748303376101 0.019903142422533684
0 0.27848455132464334 0.6186476412438571 0.013405639918221258 0.02247508187432109
0 0.2772360461282893 0.600786888387952 0.011001793764375241 0.02230698857637984
0 0.26060975063179603 0.6175044948245693 0.01069370284237737 0.01749929626868753
0 0.23278103379049778 0.6409881364865372 0.0212333602237556 0.03259474638352904
0 0.22885103212936833 0.6089564466544669 0.018213332225913568 0.022811268470203316
0 0.2371408888178994 0.5916252436837204 0.010847748303376373 0.019903142422533684
0 0.22678571750858859 0.585170125062917 0.010539657381378366 0.015095450114841378
0 0.18985033455433348 0.6200594009599866 0.013713730840219266 0.027282774182013397
0 0.18522712831870874 0.598845018820224 0.013405639918221258 0.02247508187432109
0 0.19673764058551166 0.5872712912871811 0.010847748303376373 0.019903142422533684
0 0.20553621577647058 0.5806733493597719 0.01069370284237737 0.017499296268687667
0 0.21325647274043688 0.5909023305092856 0.01069370284237737 0.01749929626868753
0 0.18252949034557084 0.5475825597573845 0.01069370284237737 0.0174992962686876
0 0.16668956366243476 0.5893724575114454 0.013097548996223524 0.01766738956662878
0 0.1745638660873999 0.597197592507113 0.013097548996223524 0.01766738956662878
0 0.14311323850697008 0.5838418520293183 0.013251594457222392 0.020071235720474936
0 0.15226648673935783 0.5903810172990921 0.015963531533066417 0.02504702132610822
0 0.1408795793224852 0.6186976212600874 0.016271622455064423 0.029854713633800527
0 0.12758140274583185 0.6208240574756867 0.018829514069909584 0.03242665308558793
0 0.13152570350966764 0.596617502639284 0.013405639918221395 0.02247508187432109
0 0.12291161439077622 0.5816648758310485 0.010847748303376238 0.019903142422533684
0 0.130662311965811 0.5727471343987637 0.01069370284237737 0.01749929626868753
0 0.1381819413493474 0.567435162197248 0.008443902149530084 0.01973504912459257
0 0.10508339581735995 0.5984665289166364 0.018829514069909584 0.03242665308558793
0 0.09910422104381311 0.5797400395796907 0.015655440611068546 0.02023932901841605
0 0.11631625777323357 0.5725537711094874 0.015809486072067412 0.022643175172262067
0 0.09366420538376265 0.5526000887042832 0.010539657381378366 0.015095450114841378
0 0.08398793954624094 0.5915659070596451 0.016271622455064423 0.029854713633800527
0 0.08297050254138529 0.5700993849729709 0.015963531533066417 0.025047021326108358
0 0.06432547454354338 0.580975469322914 0.015655440611068546 0.02023932901841605
0 0.07622110046284376 0.5633921264052558 0.011001793764375241 0.02230698857637984
0 0.0796262421131831 0.5475990331073147 0.013405639918221395 0.02247508187432102
0 0.24680285555271497 0.6088976699968315 0.010847748303376238 0.019903142422533684
0 0.26319808285770974 0.5957858327909834 0.01069370284237737 0.01749929626868753
0 0.37294389740750095 0.6383662170185195 0.013405639918221258 0.02247508187432109
0 0.38624207398415433 0.6362397808029202 0.013405639918221258 0.02247508187432109
0 0.6336412850611903 0.6049804241950753 0.14095984672175427 0.22044740632934137
0 0.7929006987676384 0.8271686600943433 0.28127491339410027 0.3188029387063524
0 0.8365384615384616 0.5336538461538461 0.14423076923076922 0.09134615384615384
0 0.9350961538461539 0.5204326923076923 0.125 0.06490384615384616