0 0.53125 0.08173076923076923 0.22596153846153846 0.16346153846153846
0 0.9206730769230769 0.07211538461538461 0.15865384615384615 0.14423076923076922
0 0.8509615384615384 0.03125 0.16346153846153846 0.0625
0 0.0585959734983326 0.4117460640851568 0.11061562464406194 0.13564526433946228
0 0.22956730769230768 0.3762019230769231 0.10817307692307693 0.09375
0 0.20552884615384615 0.9038461538461539 0.19471153846153846 0.19230769230769232
0 0.4501166437870008 0.47019789766135656 0.06071717587232314 0.10768231795070736
0 0.43028846153846156 0.7524038461538461 0.02403846153846154 0.11538461538461539
0 0.49787879762600945 0.7541708561668927 0.06960395020978141 0.09885183030538144
0 0.5792811244684012 0.7833606999865714 0.07033256048770777 0.10846721492076607
0 0.6665661276600818 0.7822081305194015 0.06625347845794166 0.11769015105112118
0 0.7562549770056086 0.7808593368097168 0.06053502330284156 0.1052784717968612
0 0.8593292013914782 0.7605005757336125 0.06366747973461392 0.1150900806547605
0 0.9463589071042292 0.7784806633759543 0.07273640664155377 0.10866343916328074
0 0.9747596153846154 0.6165865384615384 0.05048076923076923 0.09375
0 0.8896160638264684 0.6445518652432882 0.07142547590459714 0.12289029184384298
0 0.7995270465913927 0.6196545755031799 0.052594874563376755 0.09507441445393255
0 0.7227309087036422 0.6557856039442116 0.06643563102742324 0.12009399720496748
0 0.6564802690622537 0.6158030300540601 0.06479625790208911 0.09845938182035209
0 0.5655894966398038 0.6172499358850021 0.07809055665769091 0.11626742610984855
0 0.4702553370486247 0.6142815978932812 0.06089932844180473 0.1100861641045535
0 0.5178976488936899 0.4742208913650731 0.06330317459565088 0.11028238834706819
0 0.605000499515889 0.4754721680517492 0.057402566871069066 0.09546686293896191
0 0.6540971931002535 0.4738534172340446 0.06053502330284156 0.1052784717968612
0 0.7151041097938152 0.45692858040194706 0.05980641302491536 0.09566308718147659
0 0.7773488123148857 0.47095940720607754 0.05408795786981512 0.08325140792721647
0 0.8446565046225781 0.46546512841566684 0.062028106609279925 0.09345546527014512
0 0.9088496718737908 0.485309346361898 0.060352870733359834 0.10287462564301506
0 0.9711538461538461 0.4987980769230769 0.057692307692307696 0.10336538461538461
0 0.8942307692307693 0.36778846153846156 0.057692307692307696 0.07692307692307693
0 0.8183977689080285 0.3863833864588456 0.058495482287958575 0.10988993986203884
0 0.7391826923076923 0.3701923076923077 0.055288461538461536 0.08173076923076923
0 0.6442307692307693 0.3581730769230769 0.0625 0.057692307692307696
0 0.5805288461538461 0.3581730769230769 0.06009615384615385 0.057692307692307696
0 0.5300480769230769 0.35336538461538464 0.055288461538461536 0.04807692307692308