0 0.020432692307692308 0.41346153846153844 0.036057692307692304 0.042067307692307696
0 0.13581730769230768 0.578125 0.07451923076923077 0.1045673076923077
0 0.19110576923076922 0.5084134615384616 0.06971153846153846 0.07572115384615384
0 0.28725961538461536 0.47115384615384615 0.052884615384615384 0.06129807692307692
0 0.31971153846153844 0.4423076923076923 0.03245192307692308 0.042067307692307696
0 0.3545673076923077 0.43509615384615385 0.030048076923076924 0.038461538461538464
0 0.3473557692307692 0.4074519230769231 0.02283653846153846 0.03365384615384615
0 0.578125 0.41586538461538464 0.028846153846153848 0.04447115384615385
0 0.6129807692307693 0.44471153846153844 0.042067307692307696 0.055288461538461536
0 0.6370192307692307 0.484375 0.04447115384615385 0.057692307692307696
0 0.6382211538461539 0.5432692307692307 0.07091346153846154 0.07091346153846154
0 0.7680288461538461 0.5769230769230769 0.0889423076923077 0.09615384615384616
0 0.8112980769230769 0.7043269230769231 0.109375 0.15144230769230768
0 0.7884615384615384 0.4495192307692308 0.03365384615384615 0.051682692307692304
0 0.7536057692307693 0.43149038461538464 0.030048076923076924 0.04567307692307692
0 0.7283653846153846 0.41586538461538464 0.025240384615384616 0.036057692307692304
0 0.8822115384615384 0.4567307692307692 0.04807692307692308 0.057692307692307696
0 0.8677884615384616 0.40625 0.03365384615384615 0.04447115384615385
0 0.9050480769230769 0.4230769230769231 0.021634615384615384 0.03245192307692308
0 0.9663461538461539 0.4362980769230769 0.036057692307692304 0.046875