0 0.03245192307692308 0.19951923076923078 0.06490384615384616 0.22596153846153846
0 0.13341346153846154 0.04927884615384615 0.07932692307692307 0.0985576923076923
0 0.17091726621276432 0.08019399943209188 0.10012708951564384 0.14271891282619215
0 0.2692307692307692 0.055288461538461536 0.09134615384615384 0.11057692307692307
0 0.3283200340460173 0.09910422104381311 0.1019422629419461 0.1356614198256527
0 0.39302884615384615 0.05048076923076923 0.05048076923076923 0.10096153846153846
0 0.29454270468474714 0.35136832083936653 0.24509320374063584 0.30744141318113477
0 0.625 0.09134615384615384 0.16826923076923078 0.18269230769230768
0 0.7618949540974752 0.39863027689752006 0.12392017156792065 0.17054762966749046
0 0.9180714195980529 0.37291529920208843 0.09571184569298087 0.1472185142118866
0 0.921875 0.5528846153846154 0.15625 0.22115384615384615
0 0.10336538461538461 0.7716346153846154 0.19230769230769232 0.08653846153846154
0 0.22956730769230768 0.8641826923076923 0.2283653846153846 0.27163461538461536
0 0.5240384615384616 0.8377403846153846 0.21153846153846154 0.21875
0 0.8701923076923077 0.8629807692307693 0.25961538461538464 0.2692307692307692
0 0.8485576923076923 0.75 0.13942307692307693 0.04326923076923077