0 0.045991583453518184 0.2253789191163597 0.07903718225568447 0.09554639669254687
0 0.18435902711856794 0.18381461560180673 0.0629747322072734 0.07307173273865294
0 0.19820120299089103 0.08009921074922269 0.06093519119239041 0.07773941695146537
0 0.21673638587776647 0.27765832819013664 0.14478006575576716 0.17356582983377186
0 0.3602578956141788 0.2154513202255717 0.09397085413662044 0.1347079756284843
0 0.31551493232207917 0.14267033637189291 0.0579848873300995 0.07038787039504718
0 0.16410706797208058 0.2615777410941622 0.08216963868745694 0.10530178940281122
0 0.49243499073340824 0.09766398026234054 0.07754409894924609 0.1074256193668979
0 0.5064578997669363 0.07052163209563403 0.060753038622908824 0.07533557079761923
0 0.5432692307692307 0.06009615384615385 0.052884615384615384 0.07211538461538461
0 0.5528846153846154 0.1875 0.03365384615384615 0.16346153846153846
0 0.5853365384615384 0.29086538461538464 0.03125 0.21153846153846154
0 0.6000823801398865 0.07816056281133515 0.043561810407022575 0.06954782182576863
0 0.6177289897794765 0.0663631984548691 0.03784335525192238 0.05724857486677825
0 0.7543839154097441 0.06319042935441463 0.056856109162624305 0.08707478537709051
0 0.7741059288148031 0.08717074111588136 0.05980641302491522 0.09442633193350872
0 0.8221153846153846 0.04447115384615385 0.0625 0.0889423076923077
0 0.8221153846153846 0.010817307692307692 0.04807692307692308 0.021634615384615384
0 0.8605769230769231 0.010817307692307692 0.04807692307692308 0.021634615384615384
0 0.8918269230769231 0.038461538461538464 0.07692307692307693 0.07692307692307693
0 0.9086538461538461 0.007211538461538462 0.038461538461538464 0.014423076923076924
0 0.8408643245974974 0.2484158586002336 0.17093263262683622 0.2660320484389639
0 0.1532746677210333 0.5769145873783231 0.021416600064548118 0.029966218605192003
0 0.030048076923076924 0.7524038461538461 0.06009615384615385 0.09615384615384616
0 0.016826923076923076 0.6730769230769231 0.03365384615384615 0.057692307692307696
0 0.1829197379380082 0.7068159922743453 0.07368303223954752 0.0880548420412488
0 0.16115818351806632 0.6781679963000662 0.06020658091446407 0.06812403233608076
0 0.10723586625071661 0.6633593363284547 0.0500447385906347 0.06035246149502335
0 0.08827832587416973 0.6608736318567237 0.03157844238837749 0.037737789446249545
0 0.07374624129105917 0.6473606075503652 0.0313962898188959 0.03533394329240339
0 0.2346590631881322 0.5925170004126634 0.023820446218394273 0.03010622670007174
0 0.26323198818006366 0.5944426725048755 0.028810291095568166 0.0327900890436775
0 0.28244482603554005 0.5777676117932772 0.023638293648912685 0.027702380546225588
0 0.3025311445795621 0.5969402312470516 0.03176059495785894 0.0401416356000957
0 0.3181382132042692 0.580475182677773 0.02899244366504975 0.03519393519752366
0 0.3422856824027644 0.5934281746046124 0.03933643855836057 0.045369352192427215
0 0.35687298052003 0.5746292839289275 0.03121413724941432 0.0329300971385571
0 0.4127258311422291 0.5797525552377145 0.04228674242065148 0.05272089874884555
0 0.3960810606347876 0.5783287657480267 0.03434659368118668 0.04268548984882159
0 0.44310235045368357 0.5420847698389049 0.02935674880401292 0.040001627505215964
0 0.47628288380853295 0.5305792759426434 0.031214137249414457 0.0329300971385571
0 0.5008305208965769 0.5698345674669107 0.05244858474448085 0.06049246958990295
0 0.5230668075237921 0.529051041169411 0.0288102910955683 0.0327900890436775
0 0.5540865384615384 0.5480769230769231 0.03125 0.0625
0 0.5661057692307693 0.515625 0.007211538461538462 0.03125
0 0.6081730769230769 0.7175480769230769 0.07692307692307693 0.13221153846153846
0 0.6833751193617121 0.6348039313672751 0.07532240536488165 0.1096894574258642
0 0.6490384615384616 0.4795673076923077 0.052884615384615384 0.021634615384615384
0 0.6050155920746286 0.5161161499073097 0.05907780274698894 0.08481094731812423
0 0.7778178668890526 0.5886182391464593 0.08530209511922944 0.11505718211307571
0 0.6887019230769231 0.5144230769230769 0.06971153846153846 0.09134615384615384
0 0.8929844669536009 0.5531917048409564 0.06461410533260753 0.09470634812326832
0 0.8490196498404763 0.7543910327487443 0.069786102779263 0.0997940566207201
0 0.7292275100377174 0.7876937370901606 0.10191100287608525 0.14474338452850796
0 0.9663461538461539 0.7079326923076923 0.0673076923076923 0.11778846153846154