0 0.009615384615384616 0.25 0.019230769230769232 0.0625
0 0.040763473996734 0.2704426088819772 0.05131980657700579 0.07771300343011234
0 0.05336502522499514 0.24539558755586882 0.05113765400752421 0.07530915727626618
0 0.21713565529134166 0.2061529192287 0.0383898129603671 0.06485330617117586
0 0.2392987970091089 0.22756066465773891 0.04891596042315964 0.07754491013217109
0 0.27892639579698486 0.25620521853965134 0.05445226300877802 0.08749648134343793
0 0.2947141975828969 0.19347834858407478 0.045601351421905564 0.06535758606499921
0 0.3306628822305556 0.20546407268700537 0.048369502714714886 0.07033337167063262
0 0.37118189308227 0.18208974766534322 0.04283320012909651 0.06038180045936578
0 0.41057354517478584 0.25545759534032125 0.0725542540720722 0.10550005750594894
0 0.4422954385655059 0.16382579488095544 0.056127498884698104 0.0780491900259945
0 0.515625 0.35216346153846156 0.04567307692307692 0.15144230769230768
0 0.5180288461538461 0.23076923076923078 0.040865384615384616 0.10096153846153846
0 0.5228365384615384 0.16706730769230768 0.03125 0.08413461538461539
0 0.5757211538461539 0.06129807692307692 0.07451923076923077 0.12259615384615384
0 0.6045673076923077 0.04447115384615385 0.0889423076923077 0.0889423076923077
0 0.7512019230769231 0.1045673076923077 0.1658653846153846 0.2091346153846154
0 0.9026442307692307 0.14903846153846154 0.19471153846153846 0.2980769230769231
1 0.2883638860677176 0.696780877918822 0.043197505268059405 0.06518949276705809
1 0.4463665250779153 0.9322237743305443 0.05317719502240719 0.07066955826651486
1 0.37768843027428123 0.679660071553722 0.0398828962668056 0.05300216869988607
1 0.3870192307692308 0.6358173076923077 0.03365384615384615 0.036057692307692304
1 0.47901569328305954 0.7571550016696627 0.03489305138963143 0.05026213595015769
1 0.5016880105504092 0.7374452225364053 0.04061150654473194 0.06261755331527095
0 0.6163935515581471 0.8835326947530521 0.052048416854932 0.08732838804549695
0 0.7307692307692307 0.9831730769230769 0.04807692307692308 0.03365384615384615
0 0.8245192307692307 0.9891826923076923 0.052884615384615384 0.021634615384615384
0 0.8425480769230769 0.9855769230769231 0.04567307692307692 0.028846153846153848
0 0.8335773233422609 0.8635125589816876 0.05095550143804262 0.0729053111224199
0 0.9476330766146267 0.8857442975505018 0.0884345515510018 0.12573938652436498
0 0.9807692307692307 0.8293269230769231 0.038461538461538464 0.0673076923076923