0 0.22716346153846154 0.23918269230769232 0.3485576923076923 0.3389423076923077
0 0.1778846153846154 0.021634615384615384 0.09134615384615384 0.04326923076923077
0 0.5297313067001064 0.168047144640838 0.02985325637115384 0.04360488615776207
0 0.5203127525147433 0.10782512002398494 0.02974135609059829 0.03879719385006976
0 0.5700102197816236 0.14206636310776083 0.029965156651709454 0.048412578465454374
0 0.5687533515034718 0.09275954567153705 0.027449410217307683 0.04357691487538445
0 0.6207427646436428 0.13183645234538288 0.03723264525352572 0.05090033846643339
0 0.6655496193314634 0.11793084414629171 0.03220115238472232 0.04122901128629353
0 0.7173991571209398 0.1630173662047529 0.03214520224444451 0.03882516513244738
0 0.6583091008607368 0.17074553132496303 0.03225710252500006 0.043632857440139686
0 0.6348571108561428 0.1969221118346835 0.039860291968482967 0.06054369436419549
0 0.5969260937881941 0.22533471080398443 0.04723968085085472 0.06783914667286695
0 0.5327206194487709 0.24622808720559325 0.04981137742553429 0.0750786564167829
0 0.7884615384615384 0.3629807692307692 0.08173076923076923 0.09134615384615384
0 0.6637282249552878 0.351145877992935 0.07698103694145307 0.10663634052293657
0 0.6018436764983435 0.3239763169588096 0.0595946124617522 0.08240208000783183
0 0.724357915012179 0.22561526569307452 0.04707183043002143 0.06062760821132835
0 0.7514716243878201 0.19707679595307434 0.039860291968482967 0.06054369436419549
0 0.7633240096752666 0.1527315128776197 0.02985325637115384 0.04360488615776207
0 0.7733869954128736 0.133612628776361 0.03471689881912395 0.04606467487636333
0 0.7965582297770296 0.1711519569847524 0.03499664952051285 0.05808390564559423
0 0.8351316685191235 0.1667918051951018 0.037176695113247914 0.048496492312587236
0 0.863111600130021 0.1526903980193674 0.03471689881912395 0.04606467487636346
0 0.8841597439807689 0.12648584622726938 0.03248090308611122 0.0532482420555243
0 0.9951923076923077 0.06370192307692307 0.009615384615384616 0.055288461538461536
0 0.06959059372954023 0.6355812359227262 0.12958590162467956 0.09523247796601317
0 0.12504891556693346 0.5256196810581104 0.0881050654662394 0.0683146584732862
0 0.34615384615384615 0.4206730769230769 0.052884615384615384 0.02403846153846154
0 0.4567307692307692 0.49158653846153844 0.0625 0.07932692307692307
0 0.6005868082201918 0.5975680800445434 0.06708590162467956 0.09450522462419532
0 0.5486253701501599 0.5572892502937745 0.04450013385534192 0.053388098467412264
0 0.5695616137203522 0.5358923908093688 0.03225710252499999 0.043632857440139686
0 0.5069776885099355 0.5387709066983202 0.01738642447970088 0.02423426051510474
0 0.6166604142814632 0.5268224462003476 0.01733047433942307 0.021830414361258585
0 0.6451428922158116 0.5427831015888788 0.022361967208226474 0.03150174154139844
0 0.6868475289353628 0.5072009210816059 0.020014071194658263 0.033877616412866976
0 0.7119200631299141 0.5147061580081091 0.019734320493269227 0.021858385643636204
0 0.7606394078809824 0.5393180308353116 0.039580541267094066 0.04852446359496472
0 0.7496272796367518 0.4959089436541928 0.024765813362072626 0.03152971282377606
0 0.8012260467340273 0.5001160954560806 0.0320892521041667 0.03642131897860123
0 0.8499733665552346 0.52352604520636 0.05199142301826935 0.0654912430837759
0 0.9386649035553416 0.4836816123977581 0.03706479483269257 0.04368880000489493
0 0.984375 0.5276442307692307 0.03125 0.0889423076923077