0 0.07572115384615384 0.6730769230769231 0.06490384615384616 0.10216346153846154
0 0.18389423076923078 0.5961538461538461 0.04927884615384615 0.0829326923076923
0 0.234375 0.5961538461538461 0.06850961538461539 0.13581730769230768
0 0.25240384615384615 0.4362980769230769 0.042067307692307696 0.08533653846153846
0 0.31971153846153844 0.40024038461538464 0.042067307692307696 0.07572115384615384
0 0.36778846153846156 0.5985576923076923 0.06610576923076923 0.10576923076923077
0 0.5132211538461539 0.9050480769230769 0.125 0.18509615384615385
0 0.6586538461538461 0.7512019230769231 0.10336538461538461 0.17668269230769232
0 0.5276442307692307 0.5949519230769231 0.057692307692307696 0.10096153846153846
0 0.5877403846153846 0.546875 0.040865384615384616 0.07932692307692307
0 0.625 0.5588942307692307 0.036057692307692304 0.07091346153846154
0 0.7079326923076923 0.5649038461538461 0.037259615384615384 0.06370192307692307
0 0.7548076923076923 0.4182692307692308 0.026442307692307692 0.051682692307692304
0 0.8028846153846154 0.39783653846153844 0.040865384615384616 0.06009615384615385
0 0.9194711538461539 0.4074519230769231 0.038461538461538464 0.06850961538461539
0 0.90625 0.6117788461538461 0.04807692307692308 0.078125
0 0.8858173076923077 0.5612980769230769 0.040865384615384616 0.06490384615384616
0 0.8173076923076923 0.5985576923076923 0.04807692307692308 0.08653846153846154
0 0.75 0.7103365384615384 0.0673076923076923 0.11298076923076923