0 0.6298076923076923 0.29447115384615385 0.04447115384615385 0.0829326923076923
0 0.6454326923076923 0.4483173076923077 0.051682692307692304 0.08774038461538461
0 0.7175480769230769 0.49399038461538464 0.0625 0.09375
0 0.8245192307692307 0.5492788461538461 0.08413461538461539 0.1141826923076923
0 0.9122596153846154 0.4699519230769231 0.051682692307692304 0.08533653846153846
0 0.9495192307692307 0.5709134615384616 0.08653846153846154 0.13341346153846154
0 0.8389423076923077 0.7980769230769231 0.20552884615384615 0.3245192307692308
0 0.6971153846153846 0.7259615384615384 0.11778846153846154 0.21634615384615385
0 0.5865384615384616 0.5444711538461539 0.08413461538461539 0.1201923076923077
0 0.49158653846153844 0.53125 0.06850961538461539 0.10576923076923077
0 0.44471153846153844 0.49278846153846156 0.0625 0.10817307692307693
0 0.39663461538461536 0.4951923076923077 0.05048076923076923 0.06850961538461539
0 0.1310096153846154 0.47716346153846156 0.06610576923076923 0.08774038461538461
0 0.11658653846153846 0.5865384615384616 0.06610576923076923 0.10216346153846154
0 0.051682692307692304 0.6153846153846154 0.09975961538461539 0.1310096153846154