0 0.18269230769230768 0.2644230769230769 0.20673076923076922 0.08653846153846154
0 0.734375 0.14783653846153846 0.30528846153846156 0.2956730769230769
0 0.1812125123619645 0.6225000253857255 0.04308834278262097 0.056024203264850206
0 0.15332637091353127 0.7603531100026022 0.07007113434358941 0.09164029184384284
0 0.2794977826441579 0.7912110582497387 0.09296760545213664 0.10782938694955171
0 0.3874910616262092 0.7388174002035759 0.05898358471695148 0.07402847179686106
0 0.45072115384615385 0.7740384615384616 0.055288461538461536 0.10576923076923077
0 0.07452522105491297 0.7728381253902016 0.07184405263547006 0.0846249776248192
0 0.10790882527442874 0.7531659507968159 0.05375527383461513 0.06882833100413968
0 0.01201923076923077 0.7475961538461539 0.02403846153846154 0.057692307692307696
0 0.5132211538461539 0.5144230769230769 0.06971153846153846 0.11057692307692307
0 0.5818473643880335 0.5283571801685304 0.15153057159444408 0.17705016643872076
0 0.7282411591390306 0.555143376200446 0.20759924758960088 0.2723208051351681
0 0.8713942307692307 0.5829326923076923 0.25721153846153844 0.43028846153846156