1 0.40451539648297385 0.30367100047782086 0.034702828421166905 0.06205626717447069
1 0.4891826923076923 0.296875 0.021634615384615384 0.05048076923076923
0 0.5412916845690393 0.487048129648391 0.046889896353168994 0.07237169226425412
0 0.5956929177107739 0.4658691013597501 0.04436017232724438 0.06502014570783579
0 0.6722593406629619 0.48182153463128985 0.034576950549088444 0.0548447287129321
0 0.6856693113172335 0.47023418241714343 0.029601421078624776 0.04494932790778787
0 0.7877908135650021 0.4666876845385995 0.03208918581385671 0.04989702831036005
0 0.840696408594964 0.4624055833743216 0.024877647352318115 0.04947700402572071
0 0.882784695932618 0.4587535186370025 0.03217310439524222 0.05470472061805236
0 0.9115049719066934 0.4642849599599837 0.024751769480239716 0.042265465564182245
0 0.9248939629156185 0.45389953082276036 0.024793728770932468 0.0446693117180284
0 0.9680582954581174 0.45738900049953995 0.02462589160816118 0.03505392710264378
0 0.9951923076923077 0.46033653846153844 0.009615384615384616 0.036057692307692304
0 0.008413461538461538 0.6153846153846154 0.016826923076923076 0.11538461538461539
0 0.027644230769230768 0.7788461538461539 0.055288461538461536 0.22115384615384615
0 0.13593499625794353 0.6968398547265467 0.06982524974926217 0.14815099588740266
0 0.20609927385611157 0.8044184580339999 0.10204031343519714 0.20525956265930118
0 0.2233336232556081 0.642520717157029 0.06974133116787652 0.14334330357971034
0 0.41482310939479017 0.6781950695666475 0.07214517732172254 0.14348331167459022
0 0.47596153846153844 0.6442307692307693 0.04807692307692308 0.14903846153846154
0 0.5264219518015103 0.7865262552493422 0.03921680569400939 0.04550936028730709
0 0.5478826467311769 0.7264419556736335 0.029601421078624776 0.04494932790778801
0 0.5871474950080565 0.7469683605696557 0.04908394605355101 0.06049246958990295
0 0.6177410427101402 0.7139682593836587 0.03681295954016324 0.045369352192427215
0 0.6369569155877405 0.782489729038719 0.044611928071401345 0.07944322263091272
0 0.6899254495537416 0.7746018586436718 0.0493776610884009 0.07731939266682603
0 0.6681378933595238 0.7158357816988759 0.019734280719083095 0.029966218605192003
0 0.7171440041238666 0.7285906157538407 0.02462589160816118 0.03505392710264378
0 0.7628170810469435 0.725930461951125 0.029517502497239133 0.0401416356000957
0 0.7669534247035507 0.7641119842229038 0.02972729895070331 0.05216086636932647
0 0.8555539747781382 0.7097228426059463 0.03196330794177818 0.04268548984882159
0 0.8747427847182146 0.7110066240007543 0.02972729895070331 0.052160866369326334
0 0.9323721534744831 0.711252198954409 0.03938464285678068 0.0551247449026917
0 0.9867788461538461 0.7043269230769231 0.026442307692307692 0.04326923076923077
0 0.9776764098423161 0.5921455147850347 0.027197574924778624 0.044809319812908206
0 0.9555288461538461 0.9362980769230769 0.0889423076923077 0.12740384615384615