1 0.2848557692307692 0.021634615384615384 0.11778846153846154 0.04326923076923077
0 0.5396634615384616 0.020432692307692308 0.04567307692307692 0.040865384615384616
0 0.5673076923076923 0.021634615384615384 0.04326923076923077 0.04326923076923077
0 0.6129807692307693 0.026442307692307692 0.04326923076923077 0.052884615384615384
0 0.6478365384615384 0.02283653846153846 0.040865384615384616 0.04567307692307692
0 0.6189903846153846 0.009615384615384616 0.036057692307692304 0.019230769230769232
0 0.6935096153846154 0.018028846153846152 0.036057692307692304 0.036057692307692304
0 0.8592649468403033 0.07441703087101022 0.03757407281047957 0.06966099847886817
0 0.9152771573940537 0.049605116175443574 0.047049449330984455 0.06792952551678647
0 0.9712775136773592 0.04514184713859862 0.03983791086944613 0.06742524562296313
0 0.038461538461538464 0.5432692307692307 0.07692307692307693 0.15865384615384615
0 0.07631338431131678 0.4711527262209663 0.062172566728460325 0.08095731607366406
0 0.10529954625235036 0.475573691950106 0.06513644526182542 0.09074079398698978
0 0.14742500372165301 0.5000658933997207 0.04959330357971034 0.07050146496857387
0 0.234375 0.4951923076923077 0.12259615384615384 0.15384615384615385
0 0.389197845784621 0.561262330391017 0.13620064759038158 0.20104854380063103
0 0.3798076923076923 0.45913461538461536 0.09615384615384616 0.08173076923076923
0 0.44591346153846156 0.4423076923076923 0.040865384615384616 0.04807692307692308