0 0.6069711538461539 0.26802884615384615 0.07451923076923077 0.22355769230769232
0 0.7186929032416843 0.10019373709016058 0.13352221821232732 0.16339041283886815
0 0.6057692307692307 0.9230769230769231 0.07211538461538461 0.15384615384615385
0 0.6514423076923077 0.96875 0.14903846153846154 0.0625
0 0.6706730769230769 0.9519230769230769 0.07211538461538461 0.09615384615384616
0 0.7716346153846154 0.9639423076923077 0.1346153846153846 0.07211538461538461
0 0.7951616802871683 0.9123126403425477 0.07677145697506606 0.10502177321305176
0 0.8257211538461539 0.9411057692307693 0.08413461538461539 0.11778846153846154
0 0.8914248430813202 0.9222673124999171 0.0594402540043195 0.09683017808735486
0 0.861040579562361 0.9288251059936065 0.0642479463120118 0.09711019427711448
0 0.9338536073608452 0.9317663975613121 0.07162757807149124 0.09993406471559997
0 0.9447115384615384 0.9555288461538461 0.09134615384615384 0.0889423076923077
0 0.9855769230769231 0.9543269230769231 0.028846153846153848 0.09134615384615384