0 0.41586538461538464 0.11177884615384616 0.07211538461538461 0.21875
0 0.4447830339750695 0.15982911530729502 0.02727341621943953 0.0513202108050901
0 0.4854173503989558 0.15765039675287126 0.024407433682596638 0.04402472818611955
0 0.5206116511627914 0.182864076495382 0.02681127983644279 0.04410867234355164
0 0.5508603556662982 0.16833035054199913 0.04185053860351546 0.05422772190352877
0 0.5636659552488861 0.14359363087120702 0.02363720637760189 0.03200549741688878
0 0.6224365811681866 0.16243521372650013 0.027427461680438532 0.053724056958936256
0 0.6365049850498347 0.17611806043853045 0.02409934276059863 0.039217035878427245
0 0.6824557122838409 0.16333189458537925 0.029369171451287947 0.046596462654829876
0 0.7752814395178471 0.15218263980215369 0.15760044132095366 0.28852260728490714
0 0.8557332629411939 0.15379284599920548 0.032081108527131835 0.05148809911995427
0 0.8690152980094848 0.1926321331691883 0.045486748445353095 0.07354243529173009
0 0.9534741458244604 0.1632021997598203 0.03735093721782116 0.05886752589635691
1 0.13550184714768532 0.665640307965362 0.1655213258653498 0.2624160762223277
1 0.5533356973336756 0.8586386502771635 0.08283768566317438 0.132409961188087
1 0.39783653846153844 0.8040865384615384 0.036057692307692304 0.1466346153846154
1 0.7592496571400191 0.8718254911222224 0.0822215038191785 0.12279457657270239
1 0.9008920941448746 0.8551855531048159 0.06850777297895924 0.09593254809323426