1 0.3173076923076923 0.27403846153846156 0.0625 0.1201923076923077
1 0.07451923076923077 0.06906592797836056 0.0673076923076923 0.11611567538302153
1 0.015625 0.08173076923076923 0.03125 0.11538461538461539
1 0.25961538461538464 0.24794493605966667 0.07451923076923077 0.1212592504927409
0 0.3737980769230769 0.3786057692307692 0.05048076923076923 0.12740384615384615
0 0.49038461538461536 0.2974972348427925 0.06971153846153846 0.10180455939395362
0 0.5132211538461539 0.12215475981586071 0.04326923076923077 0.06691914296600839
0 0.5805288461538461 0.26445254597130063 0.0625 0.08704559966884964
0 0.6899038461538461 0.26296409270465987 0.06009615384615385 0.09174133104253293
0 0.8533653846153846 0.30342767226897016 0.09615384615384616 0.1559207450526681
0 0.8810096153846154 0.10742858306632812 0.04326923076923077 0.062111450658316074
1 0.23197115384615385 0.9399038461538461 0.18990384615384615 0.1201923076923077
1 0.24639423076923078 0.7076887087266365 0.19471153846153846 0.23262652796242228
1 0.051682692307692304 0.9471153846153846 0.10336538461538461 0.10576923076923077
0 0.3545673076923077 0.9338942307692307 0.01201923076923077 0.06009615384615385
0 0.3894230769230769 0.9329259931934163 0.055288461538461536 0.08430587071297643
0 0.42908653846153844 0.9471153846153846 0.08413461538461539 0.10576923076923077
0 0.4855769230769231 0.9675480769230769 0.11538461538461539 0.06490384615384616
0 0.4326923076923077 0.8948530040735617 0.038461538461538464 0.052272144174913424
0 0.47596153846153844 0.9060588611075533 0.040865384615384616 0.057191797416614745
0 0.5132211538461539 0.9139388512457983 0.04326923076923077 0.05970760450446992
0 0.5132211538461539 0.8706696204765675 0.03365384615384615 0.05204822230689538
0 0.5492788461538461 0.9026440526202785 0.038461538461538464 0.05948368263645188
0 0.5973557692307693 0.9340586800939443 0.07211538461538461 0.1043203664818088
0 0.5877403846153846 0.8575834469069036 0.040865384615384616 0.05238410510892244
0 0.6370192307692307 0.8829324785289495 0.052884615384615384 0.0793862174712751
0 0.7103365384615384 0.9555288461538461 0.11778846153846154 0.0889423076923077
0 0.6706730769230769 0.8404996408374389 0.036057692307692304 0.04975633708705825
0 0.7475961538461539 0.8741765063337659 0.0625 0.09666098428423425
0 0.7379807692307693 0.8325570423774942 0.036057692307692304 0.047352490933212095
0 0.7211538461538461 0.8345426919924802 0.036057692307692304 0.05456402939475055
0 0.7956730769230769 0.8070334414997394 0.04567307692307692 0.05981956543847881
0 0.8173076923076923 0.8348719469398121 0.04807692307692308 0.0671430648340263
0 0.8569711538461539 0.8522553607594328 0.0625 0.08223790736115734
0 0.8605769230769231 0.9350961538461539 0.1201923076923077 0.12980769230769232
0 0.9254807692307693 0.8274298587555605 0.06009615384615385 0.08452979258099447
0 0.9170673076923077 0.7773409527938229 0.03365384615384615 0.04483668384535692
0 0.9735576923076923 0.8107675631523035 0.05048076923076923 0.06965887192188146