1 0.1138481856111298 0.16100475698456215 0.08347871554278104 0.09554040448888902
1 0.6129807692307693 0.025240384615384616 0.07211538461538461 0.05048076923076923
1 0.8665865384615384 0.08533653846153846 0.13221153846153846 0.17067307692307693
1 0.7800480769230769 0.0829326923076923 0.040865384615384616 0.15144230769230768
0 0.0985576923076923 0.5108173076923077 0.15384615384615385 0.12259615384615384
0 0.18643378348759768 0.6415542069488785 0.19632433817546951 0.302161283317201
0 0.33413461538461536 0.5072115384615384 0.14423076923076922 0.11538461538461539
0 0.4375 0.5420673076923077 0.16346153846153846 0.18509615384615385
0 0.5108173076923077 0.4807692307692308 0.10817307692307693 0.0625
0 0.5180288461538461 0.8665865384615384 0.2764423076923077 0.2668269230769231
0 0.6207317741517511 0.7491768269206204 0.20829302896202997 0.33603893003215835