1 0.010817307692307692 0.2668269230769231 0.021634615384615384 0.22596153846153846
1 0.06971153846153846 0.2824519230769231 0.13942307692307693 0.25240384615384615
1 0.1711201744742976 0.2839203656974767 0.13578062330574212 0.18582338257252326
1 0.2966802068538167 0.27503220980846155 0.1528875625724248 0.1907289710549191
1 0.5192307692307693 0.14302884615384615 0.057692307692307696 0.2860576923076923
1 0.5 0.2247596153846154 0.09615384615384616 0.21394230769230768
1 0.5576923076923077 0.5252403846153846 0.019230769230769232 0.08413461538461539
1 0.6455190369264989 0.4884159121433267 0.04648941695146537 0.05554019455912796
1 0.078125 0.8713942307692307 0.15625 0.25721153846153844
1 0.37626455915483964 0.8509771263396521 0.16854700380852952 0.25329889689399315
1 0.027644230769230768 0.8870192307692307 0.055288461538461536 0.21153846153846154