1 0.021634615384615384 0.054086538461538464 0.04326923076923077 0.10817307692307693
0 0.8774038461538461 0.4963942307692308 0.014423076923076924 0.007211538461538462
0 0.7896634615384616 0.4879807692307692 0.026442307692307692 0.02403846153846154
0 0.7415865384615384 0.4891826923076923 0.021634615384615384 0.021634615384615384
0 0.7211538461538461 0.4891826923076923 0.02403846153846154 0.021634615384615384
0 0.6802884615384616 0.484375 0.028846153846153848 0.03125
0 0.663620670996963 0.4769659784311902 0.021541451145753607 0.03628146256671313
0 0.6331874804213887 0.47130600407629497 0.021541451145753607 0.03628146256671327
0 0.6225961538461539 0.49158653846153844 0.03365384615384615 0.016826923076923076
0 0.6157748161115385 0.48113117330951155 0.021387405684754605 0.033877616412866976
0 0.5492788461538461 0.4891826923076923 0.040865384615384616 0.021634615384615384
0 0.5408653846153846 0.47596153846153844 0.028846153846153848 0.04807692307692308
0 0.5038419244966933 0.4800279917862242 0.026503188914444815 0.03874125128531452
0 0.4735576923076923 0.4807692307692308 0.02403846153846154 0.038461538461538464
1 0.03245192307692308 0.7391826923076923 0.06490384615384616 0.15625
1 0.1922860235823616 0.6956147106816124 0.14157602856575016 0.2226363241198593
1 0.08870386987818477 0.7497440481320313 0.06989418212794987 0.11611186872643323
1 0.3715266075048991 0.6959346962983268 0.13328617187721895 0.20572548719580339
1 0.6545499727120431 0.6279722050507028 0.14228537464860766 0.19622198770992924