1 0.9170673076923077 0.09375 0.1658653846153846 0.1875
0 0.019230769230769232 0.9759615384615384 0.038461538461538464 0.04807692307692308
0 0.02882662657997285 0.9412606330713447 0.03337725774617125 0.047128569065194054
0 0.10216346153846154 0.9783653846153846 0.05048076923076923 0.04326923076923077
0 0.14182692307692307 0.9699519230769231 0.04326923076923077 0.06009615384615385
0 0.21153846153846154 0.9891826923076923 0.04807692307692308 0.021634615384615384
0 0.21394230769230768 0.9783653846153846 0.038461538461538464 0.04326923076923077
0 0.581398378505042 0.8830449739098154 0.031085372526334254 0.04942045428503132
0 0.7163461538461539 0.5865384615384616 0.014423076923076924 0.0625
0 0.751063807022038 0.6916657520497667 0.04903190494334726 0.07424264236155573
0 0.775688406500373 0.6796201880107073 0.03600502576803531 0.05204822230689538
0 0.7540801243855859 0.653428135456246 0.03326529681216223 0.044724722911347894
0 0.7825903954297128 0.6475601282028158 0.0283456435704609 0.04209695488948384
0 0.8358108936163552 0.6572348072125525 0.02845760450446992 0.04450080104332999
0 0.8760111404823809 0.7478565289149953 0.1026475803263688 0.14390151428343748
0 0.9479026032297475 0.7464076646275735 0.0777134313158351 0.12355113571257803
0 0.8824916189455133 0.6809966803433392 0.045956293185446986 0.05970760450446992
0 0.9025587812540026 0.648350482595574 0.03315333587815307 0.04232087675750174
0 0.9309867385612963 0.6664649564136008 0.057975523954677755 0.06026740917451489
0 0.9539615712266722 0.6447480272921524 0.025941797416614613 0.041984993955474684
0 0.9702879840279024 0.6862851775115911 0.036228947636053346 0.05685591461458769
0 0.9891826923076923 0.6875 0.021634615384615384 0.08173076923076923