1 0.5836325368764158 0.10015360414887799 0.09265992339966381 0.14470626493647223
1 0.6802884615384616 0.08173076923076923 0.12980769230769232 0.16346153846153846
1 0.4322275113429705 0.1473284839017466 0.08304453878427918 0.1446503242652131
1 0.29992489659669125 0.14535737659500975 0.07324700159941298 0.1421905374401078
1 0.3522451228975691 0.1540715192414894 0.06661778359690483 0.11812410556601668
0 0.10328282478030343 0.658416899656144 0.06570702074949704 0.1061048747967859
0 0.08533653846153846 0.9242788461538461 0.10336538461538461 0.15144230769230768
0 0.37812729973096904 0.9243224043675894 0.09509963230409564 0.11348423527210208
0 0.5327020638550491 0.9348328397231209 0.08566640025819247 0.11583214075468881
0 0.5216346153846154 0.9831730769230769 0.10576923076923077 0.03365384615384615
0 0.7379807692307693 0.9783653846153846 0.08173076923076923 0.04326923076923077
0 0.7884615384615384 0.9134615384615384 0.019230769230769232 0.04326923076923077
0 0.8197115384615384 0.9879807692307693 0.07692307692307693 0.02403846153846154
0 0.8942307692307693 0.9747596153846154 0.057692307692307696 0.05048076923076923
0 0.8737721500304274 0.9253860784766634 0.039700743697323744 0.048286700594145006
0 0.8502980775757034 0.9168397578439612 0.03285351037474872 0.05305243739839295
0 0.8458905531575601 0.8903834649838387 0.02935674880401306 0.03861537530750125
0 0.9087369269212304 0.9111727790708084 0.043197505268059405 0.06272376268503685
0 0.9427550782140396 0.9161762637279078 0.03747905011295945 0.050676561580176374
0 0.9975961538461539 0.921875 0.004807692307692308 0.04567307692307692
0 0.9831730769230769 0.9711538461538461 0.03365384615384615 0.057692307692307696
0 0.9770643897363642 0.909167510199684 0.030813969359865467 0.05784614453827048
0 0.9591346153846154 0.9891826923076923 0.057692307692307696 0.021634615384615384