0 0.5184525599399591 0.5703178663476073 0.08352360984209366 0.14885103636180147
0 0.4928310921284317 0.4320385627244586 0.05540262744371772 0.08961863962581641
0 0.588530297216051 0.4220138865196494 0.05038510079776691 0.08212708497451834
0 0.6102477192068773 0.38488242495946867 0.04324350711564796 0.08411090684372528
0 0.6845663643739764 0.4648038216520156 0.0651579016179414 0.09498636431302779
0 0.6658653846153846 0.6286057692307693 0.1201923076923077 0.14182692307692307
0 0.6993648888477337 0.3960723398546354 0.05540262744371772 0.08961863962581654
0 0.6989930543877179 0.34205580544053693 0.04296372799796991 0.07449552222834067
0 0.7658682161921017 0.37234833574203824 0.04268394888029192 0.06488013761295605
0 0.7794869281518543 0.345544153542086 0.0354024656393339 0.06205626717447069
0 0.7754799877168218 0.49649643290231454 0.06833114034540208 0.12156868010021536
0 0.7932069441900715 0.4459338053536604 0.05794636315640293 0.09456634002838846
0 0.9030715576460082 0.4691310967476129 0.0701054834844727 0.10007407281047957
0 0.8516943681095768 0.3941455461871931 0.04536757415181606 0.0746355303232204
0 0.8453478906546551 0.3409809146128181 0.040000323608767645 0.0551247449026917
0 0.882257782142173 0.33113180931422376 0.030384938993383032 0.054564712523172625
0 0.9034598670234799 0.3587641858130095 0.040419992285284624 0.06954782182576863
0 0.9532982714126822 0.3808651209888139 0.05031515601834736 0.07972323882067218
0 0.9216764369526663 0.32502848134127843 0.027981092839536877 0.054424704428292885
0 0.9322139655272961 0.3160431331528527 0.037736367013760486 0.059792429115504135
0 0.9879807692307693 0.3269230769230769 0.02403846153846154 0.0625
0 0.9591346153846154 0.5661057692307693 0.08173076923076923 0.1466346153846154
0 0.11057692307692307 0.734375 0.0625 0.06971153846153846
0 0.25841346153846156 0.734375 0.06009615384615385 0.06971153846153846
0 0.28966346153846156 0.7608173076923077 0.07932692307692307 0.12259615384615384
0 0.3269230769230769 0.7415865384615384 0.057692307692307696 0.08413461538461539
0 0.36177884615384615 0.71875 0.06490384615384616 0.038461538461538464
0 0.39302884615384615 0.7451923076923077 0.07932692307692307 0.09134615384615384
0 0.4156925452216338 0.8226472221530918 0.08296405160673768 0.12962026713103222
0 0.43509615384615385 0.7391826923076923 0.04807692307692308 0.07932692307692307
0 0.45072115384615385 0.7932692307692307 0.016826923076923076 0.125
1 0.8205050641528693 0.778375347754043 0.06798141644830452 0.1095494493309846
1 0.9507211538461539 0.7788461538461539 0.0985576923076923 0.15865384615384615
1 0.9242788461538461 0.7776442307692307 0.0889423076923077 0.15625