1 0.33774038461538464 0.19831730769230768 0.2860576923076923 0.39663461538461536
1 0.1201923076923077 0.15985576923076922 0.2403846153846154 0.31971153846153844
1 0.6286057692307693 0.052884615384615384 0.07451923076923077 0.10576923076923077
1 0.9663461538461539 0.10576923076923077 0.0673076923076923 0.125
1 0.7463741427611104 0.06774725391752104 0.0634535032582902 0.1167833688915599
1 0.6630089199501097 0.09614781651955105 0.037946201352019045 0.06574309825801286
1 0.7062431783296307 0.09393879091762791 0.03766642223434106 0.056127713642628245
1 0.8240187780413007 0.13209059372954016 0.0530687260692912 0.09011726063814098
1 0.9278516655497036 0.10441637801207221 0.053208615628130056 0.09492495294583328
1 0.7964923262679906 0.09544642988798038 0.03603196865410943 0.08251407119465813
1 0.20793269230769232 0.7992788461538461 0.18509615384615385 0.21875
1 0.8149038461538461 0.7103365384615384 0.14903846153846154 0.040865384615384616