0 0.5038011512063698 0.0461728613794593 0.02501768845033462 0.034493287728167024
0 0.5664760131549186 0.049999928670840424 0.02268378707590803 0.03681318972458109
0 0.6267470289496212 0.0539109401196537 0.029965270316866056 0.0394688683507235
0 0.7161789500978654 0.06763192937158956 0.02501768845033462 0.034493287728167024
0 0.7329009560056593 0.06343855103879573 0.02515757800917375 0.03930098003585933
0 0.8156330627112199 0.13634757561097471 0.03271884036780976 0.05157204327738636
0 0.8594968241055165 0.15526927308488947 0.037316698337243374 0.04452839313071207
0 0.9479587670780145 0.21835305264810365 0.05986059585431255 0.07653389054760086
0 0.9903846153846154 0.18028846153846154 0.019230769230769232 0.057692307692307696
0 0.9903846153846154 0.15384615384615385 0.019230769230769232 0.04326923076923077
0 0.7993456098615326 0.4449212969563193 0.1229643752155052 0.1819978790987875
0 0.679357500862021 0.24938941366511264 0.06240433156699755 0.08142552701272511
0 0.7593967335599305 0.2297503613142147 0.05752669447988596 0.07885379254401506
0 0.605795386441745 0.24353624892832967 0.06543768073561938 0.10314408655477272
0 0.6413413547305823 0.18334088371890161 0.0551228483260398 0.07876984838658284
0 0.6183078437575767 0.13601945805886734 0.042404169762613936 0.054311666060960724
0 0.5703008654600732 0.14010218736135516 0.037526532675502065 0.051739931592250536
0 0.4567307692307692 0.14182692307692307 0.014423076923076924 0.04326923076923077
0 0.5110918831834547 0.13134151152613358 0.03519263130107548 0.054059833588664605
0 0.10697115384615384 0.5709134615384616 0.07451923076923077 0.06490384615384616
0 0.04927884615384615 0.8125 0.0985576923076923 0.17307692307692307
0 0.3360621419282477 0.8312690254154931 0.10212487605808736 0.12603786430086927
0 0.4266826923076923 0.9387019230769231 0.04567307692307692 0.12259615384615384
0 0.1658653846153846 0.9711538461538461 0.12980769230769232 0.057692307692307696
0 0.04326923076923077 0.9735576923076923 0.08653846153846154 0.052884615384615384
1 0.9362980769230769 0.7247596153846154 0.12740384615384615 0.37259615384615385