1 0.4162795179846845 0.20245076192354095 0.06434620879048457 0.10904471697442088
1 0.5712646559717223 0.21418225654795472 0.1308025486999655 0.20138849111057985
1 0.5206370292235281 0.21995013307453198 0.08209623626265 0.16281119402966426
1 0.6407663979797965 0.2298549142383591 0.054562987012328534 0.09892541140439161
1 0.6802884615384616 0.28365384615384615 0.038461538461538464 0.12980769230769232
1 0.9314903846153846 0.33774038461538464 0.05048076923076923 0.06009615384615385
1 0.6334134615384616 0.4170673076923077 0.13221153846153846 0.0985576923076923
0 0.7679035920363166 0.8327793680184297 0.11334623626265 0.1644489371322594
0 0.7757384365660702 0.7285270109227748 0.06417837162771342 0.09942933235903627
0 0.8135496060218698 0.7678023101259688 0.06708572926987344 0.12840146644385114
0 0.8741492713563375 0.7421056622463438 0.047267529969404296 0.09373977838071582
0 0.8439753165611822 0.7477424477246177 0.05207522227709687 0.09399173885803815
0 0.9184945473304129 0.7516478351231137 0.05932872002932809 0.09677352572786778
0 0.9357891058971345 0.7946599946053801 0.07889516358563989 0.11701213686792619
0 0.9375 0.9146634615384616 0.125 0.17067307692307693
0 0.984375 0.7896634615384616 0.03125 0.11298076923076923