1 0.1605897256624118 0.26347501560457603 0.08933435944517115 0.12398081043901718
1 0.30025818207167343 0.23950830606314538 0.07275281585443293 0.09728674700255255
1 0.5 0.23798076923076922 0.18269230769230768 0.23076923076923078
1 0.6317931237920937 0.28179484702445784 0.23704800979753451 0.1985717932052789
0 0.03245192307692308 0.765625 0.06490384615384616 0.19951923076923078
0 0.1546050846317972 0.7434415603130146 0.06294120699653363 0.0947150636859351
0 0.18614942099556922 0.7475928003227907 0.03257441445393256 0.04617658841139079
0 0.22608283964205056 0.707482682939877 0.049352182287185596 0.0752744980017017
0 0.2627537822991219 0.7009215134840775 0.07432260979455034 0.11651751623332178
0 0.3473557692307692 0.78125 0.12259615384615384 0.18269230769230768
0 0.37259615384615385 0.6983173076923077 0.07211538461538461 0.12740384615384615
0 0.40024038461538464 0.6370192307692307 0.016826923076923076 0.09615384615384616
0 0.523105107006978 0.6000587899570936 0.046359663405795275 0.06802100024947048
0 0.5776822060748031 0.6070124893822977 0.044348265736978615 0.07278673326647003
0 0.6212457732078059 0.611373525845538 0.051363579956002395 0.07050876498470228
0 0.6464126233237683 0.596210078043159 0.03277063869644737 0.04858043456523694
0 0.6739831212274938 0.6398989017193182 0.0555334442924805 0.09218533966001055
0 0.6997877993146703 0.6031427978230167 0.04336714452440523 0.06076750249723913
0 0.7662124825310467 0.5935003502701083 0.03257441445393256 0.046176588411390926
0 0.7970700340460172 0.5892381287414228 0.03757833100413968 0.04866435314662272
0 0.8354824172638856 0.618713671947969 0.04356336876691977 0.06317134865108529
0 0.8451715347447755 0.5756752172775488 0.027570497903725438 0.04368882367615912
0 0.8845160822976299 0.5871638736209418 0.03537070909280807 0.05102624000977612
0 0.9086772335791837 0.5743832923270626 0.0273742736612109 0.04128497752231297
0 0.9089222163332027 0.6656035683011381 0.06593372587792382 0.10196856143816646
0 0.9505972739065641 0.6027198513927252 0.03836322797419838 0.05827973776200734
0 0.9743659767030887 0.5851315777911538 0.029974344057571593 0.04373078296685188