0 0.3656580123421479 0.5414813479013865 0.030805138344442814 0.04942045428503118
0 0.3087758308271055 0.5292348813367901 0.030805138344442814 0.04942045428503132
0 0.5096153846153846 0.828125 0.019230769230769232 0.09375
0 0.5048076923076923 0.6334134615384616 0.028846153846153848 0.06490384615384616
0 0.3567874187178027 0.7654012562809343 0.061316429014142346 0.09162937010852391
0 0.3642479203850695 0.712964484632355 0.03850642293055355 0.061775567856289015
0 0.38166662895492137 0.6693890182582731 0.0333069337232034 0.05193626137288636
0 0.3439172674457337 0.6556343930119026 0.04630565674157858 0.076534527581393
0 0.29090817045825423 0.6795575796890077 0.04100821830931413 0.06429137494414419
0 0.25403626182985445 0.7462198396624744 0.07161745820392795 0.10890413692148307
0 0.24575137203769926 0.6606593793329179 0.04890540134525359 0.08145418082309433
0 0.2267124111133167 0.7233536540037598 0.05130924749909988 0.08156614175710321
0 0.2980769230769231 0.9795673076923077 0.13942307692307693 0.040865384615384616
0 0.2527282092411326 0.8613245527120672 0.09182771968384174 0.13383828593201677
0 0.1332929629701908 0.9037474486215351 0.11356028429337155 0.1372497804919441
0 0.12775883176252448 0.7679301409292274 0.08093899514456929 0.10214044219598069
0 0.152954331908894 0.7091215378241773 0.051211298274185454 0.07916229560325706
0 0.15931085972415213 0.6590326318624397 0.04591385984192087 0.06691914296600839
0 0.10465906814763451 0.6720825303802324 0.05140719672401431 0.0839699879109495
0 0.05770856115722756 0.6974875424692828 0.063622325943074 0.08933748488868677
0 0.02403846153846154 0.7103365384615384 0.04807692307692308 0.07932692307692307