1 0.055288461538461536 0.5721153846153846 0.11057692307692307 0.18269230769230768
1 0.18131435814617064 0.5349720044580751 0.08918189685210993 0.1569879442882702
1 0.49589742632764316 0.5045941678876696 0.07889516358563989 0.11791022398273572
1 0.30666492882488233 0.45396303800721366 0.07425530844071901 0.1272175176761226
1 0.5528846153846154 0.46875 0.07211538461538461 0.09615384615384616
1 0.0955609565465181 0.3465800147088061 0.049335701797708006 0.07519629383536373
1 0.38789218656733754 0.488046737527332 0.0663304620374025 0.08588999667774097
1 0.5240384615384616 0.5985576923076923 0.12980769230769232 0.18269230769230768
1 0.34784500812046315 0.43855296469034977 0.06869234890055563 0.08364019598489382
1 0.008413461538461538 0.3449519230769231 0.016826923076923076 0.04567307692307692
1 0.1769919274502601 0.3000578453445788 0.027239534215471376 0.04736757699406542
0 0.7383021709576918 0.503351189908284 0.03200526723247093 0.04527182176221727
0 0.764723499004653 0.5062476130561956 0.027197574924778624 0.04496373084021927
0 0.779041677700998 0.5131815012068046 0.034576950549088374 0.05504125183860076
0 0.8128843406629619 0.5045208299684825 0.037022755993627414 0.05759914345344578
0 0.86226808504354 0.5016691465343456 0.027155615634085868 0.04255988468637311
0 0.8766492026759243 0.5049972654541854 0.02972729895070331 0.052329314762756735
0 0.8924630194840419 0.495181253258371 0.03714863386570581 0.06481068191498437
0 0.9255923745042277 0.5273859666354332 0.041956326173398124 0.06511877283698225
0 0.9747596153846154 0.5024038461538461 0.05048076923076923 0.08173076923076923
1 0.11271747065680644 0.8493994151262183 0.0863164985006426 0.1303915911349635
1 0.426203513988088 0.8129349404406978 0.05439514984955725 0.08992746168043854
1 0.22797620816934333 0.8640051357157066 0.027281493506164267 0.049771423147911574
1 0.29777166521226744 0.8636647617769839 0.036980796702934526 0.05519529729959963
1 0.5120496472301177 0.8581440385751218 0.05194934440501807 0.08736957006559337
1 0.7067307692307693 0.9543269230769231 0.23557692307692307 0.09134615384615384