1 0.05048076923076923 0.2932692307692308 0.10096153846153846 0.23076923076923078
1 0.421875 0.27403846153846156 0.13221153846153846 0.24519230769230768
1 0.2736477536708644 0.21287296953418944 0.11559350595170469 0.12929201423502362
0 0.06146627985976849 0.7003198108157578 0.039277878489926914 0.055917850898853934
0 0.07531747013288129 0.6892717270246395 0.03136629955398963 0.04377274225754477
0 0.17748093167134282 0.6874884571701941 0.034190169992475136 0.051026240009775986
0 0.230505555150838 0.6841615066211058 0.0268386234360568 0.048496515983851435
0 0.2726428668905855 0.6822252959570582 0.03433017808735501 0.05343008616362228
0 0.30113900049953995 0.6877313998533595 0.02641859915141759 0.04128497752231297
0 0.3149201867252129 0.6778852391391644 0.02896245340014348 0.04373078296685188
0 0.35783939725724423 0.6831395872913089 0.026138582961657983 0.03647728521462067
0 0.3924151502982539 0.687338869883955 0.023594728712932094 0.03403147977008162
0 0.40485440535212397 0.6799175349689525 0.018787036405239925 0.03394756118869598
0 0.44402783855850636 0.6876386682109822 0.028262412925744666 0.03171155219762111
0 0.45228943773164304 0.6694839441850576 0.018787036405239925 0.03394756118869598
0 0.47716346153846156 0.6875 0.021634615384615384 0.028846153846153848
0 0.5289217657697459 0.9699735264768184 0.036313999956561815 0.04626050699277657
0 0.6165865384615384 0.9771634615384616 0.07451923076923077 0.04567307692307692
0 0.671875 0.9831730769230769 0.05048076923076923 0.03365384615384615
0 0.7043269230769231 0.9891826923076923 0.038461538461538464 0.021634615384615384
0 0.8617788461538461 0.9399038461538461 0.15144230769230768 0.1201923076923077
0 0.9723557692307693 0.9807692307692307 0.055288461538461536 0.038461538461538464