1 0.3137019230769231 0.1935096153846154 0.2668269230769231 0.3870192307692308
0 0.6274038461538461 0.0673076923076923 0.07692307692307693 0.1346153846153846
0 0.711352374499158 0.11723546287206393 0.07661719530387227 0.12366309664658705
0 0.7884615384615384 0.051682692307692304 0.07692307692307693 0.10336538461538461
0 0.9309476436051921 0.10704719602619618 0.11827980644242057 0.17123950944781718
0 0.45072115384615385 0.484375 0.0889423076923077 0.03125
0 0.47596153846153844 0.5192307692307693 0.09615384615384616 0.10096153846153846
0 0.4766532430034211 0.5811680069312811 0.10571510489418319 0.13942970477777208
0 0.5528846153846154 0.5949519230769231 0.07211538461538461 0.13701923076923078
0 0.5805288461538461 0.5841346153846154 0.016826923076923076 0.13942307692307693
0 0.5276442307692307 0.49759615384615385 0.07932692307692307 0.057692307692307696
1 0.9038604264447738 0.9114563615803714 0.10588294205695448 0.14904508939315655
1 0.9783653846153846 0.49278846153846156 0.04326923076923077 0.04807692307692308