1 0.3161950701112666 0.25126823400350473 0.1505768299980891 0.27223385172006864
1 0.15492060770244487 0.2800871733978226 0.14575515252258214 0.26957804508890015
1 0.0673076923076923 0.2283653846153846 0.1346153846153846 0.3125
0 0.5516826923076923 0.04447115384615385 0.026442307692307692 0.06490384615384616
0 0.578125 0.020432692307692308 0.03125 0.040865384615384616
0 0.6374783372416708 0.05175245364029051 0.03404543085266044 0.0690714156489486
0 0.6766826923076923 0.018028846153846152 0.026442307692307692 0.036057692307692304
0 0.7229057792940055 0.04059975211276154 0.029223753377153345 0.06641560901778011
0 0.7572115384615384 0.02283653846153846 0.02403846153846154 0.04567307692307692
0 0.8107230823323714 0.03197687697773988 0.029181797873708986 0.059204070556241654
0 0.8389423076923077 0.013221153846153846 0.02403846153846154 0.026442307692307692
0 0.8894230769230769 0.006009615384615385 0.02403846153846154 0.01201923076923077
0 0.8959827023709285 0.0496703292963649 0.029195783041523773 0.06160791671008781
0 0.9249617153113229 0.028345553698760257 0.026722011048603687 0.049462705702195874
0 0.9459134615384616 0.007211538461538462 0.016826923076923076 0.014423076923076924
0 0.9646181842658771 0.03162615071359239 0.024332150062572184 0.05174057161738087
0 0.9891826923076923 0.04326923076923077 0.021634615384615384 0.0625
0 0.0733173076923077 0.5228365384615384 0.07932692307692307 0.1466346153846154
0 0.16170559854563202 0.6199385572125943 0.11398770131343465 0.1789979942939975
0 0.16339000991216562 0.5370688550242326 0.053402066593762884 0.09171387294285314
0 0.27727202111183974 0.5947356086683299 0.10185658920168532 0.15913732386992244
0 0.27524038461538464 0.49278846153846156 0.055288461538461536 0.08653846153846154
0 0.3173480451008378 0.5259008210677775 0.05600170509701631 0.12549369933536048
0 0.37523614514255266 0.495270500641799 0.04138283582453211 0.09108397174954747
0 0.34633405062513967 0.5033741223932497 0.04378668197837827 0.09120995198820864
0 0.42088125173 0.5024718174840533 0.050998220439916725 0.09158789270419199
0 0.44107619618484084 0.5444080341280577 0.07034087101320424 0.11182650384425039
0 0.4723557692307692 0.7175480769230769 0.13221153846153846 0.27163461538461536
0 0.5228365384615384 0.6153846153846154 0.03125 0.16346153846153846
0 0.5024441989469917 0.5356012994446865 0.04867828529295929 0.10588498938860774
0 0.5300480769230769 0.5240384615384616 0.016826923076923076 0.07211538461538461
0 0.5600961538461539 0.8016826923076923 0.04326923076923077 0.15625
0 0.6216016042210044 0.7384777893733807 0.04619052813222442 0.09133593222686952
0 0.6889232816965116 0.7396013899020469 0.06788108418809895 0.10208513899020488
0 0.7166374383048163 0.7290309318774195 0.05343003692939245 0.09652156525054532
0 0.800443402245784 0.7899306248459446 0.06796499519498794 0.11650821591328153
0 0.8019669841824473 0.7347051534268136 0.050956264936472234 0.08437635424265366
0 0.9005246764901396 0.739870343211921 0.11907509697742295 0.22732687784824288