1 0.1557544882498935 0.0889790118744384 0.04981137742553422 0.07647821526751973
0 0.5661057692307693 0.11298076923076923 0.09375 0.22596153846153846
0 0.7307692307692307 0.06490384615384616 0.1778846153846154 0.12980769230769232
0 0.9627403846153846 0.12259615384615384 0.07451923076923077 0.24519230769230768
0 0.0829326923076923 0.7752403846153846 0.1658653846153846 0.2860576923076923
0 0.18028846153846154 0.3737980769230769 0.1201923076923077 0.06971153846153846
0 0.3629807692307692 0.8786057692307693 0.18269230769230768 0.24278846153846154
0 0.44591346153846156 0.8185096153846154 0.1466346153846154 0.23798076923076922
0 0.5783288650033658 0.47930607405625286 0.10985359100950867 0.17979053512700488
0 0.5384615384615384 0.3641826923076923 0.038461538461538464 0.05048076923076923
0 0.6995192307692307 0.3485576923076923 0.028846153846153848 0.019230769230769232
0 0.7134178159330131 0.4019564875686842 0.052327123859935924 0.08138385680012647
0 0.765625 0.3545673076923077 0.03125 0.03125
0 0.8052884615384616 0.36899038461538464 0.038461538461538464 0.06009615384615385
0 0.8413461538461539 0.3485576923076923 0.028846153846153848 0.019230769230769232
0 0.8766845338426286 0.45183729101964015 0.09453531184198738 0.14074130131597984
0 0.9566808487247866 0.38064833389750063 0.03007705693226507 0.05406000608358879
0 0.9915865384615384 0.3762019230769231 0.016826923076923076 0.05048076923076923
0 0.9819711538461539 0.4831730769230769 0.036057692307692304 0.12980769230769232