1 0.4026442307692308 0.38822115384615385 0.05048076923076923 0.16105769230769232
1 0.07211538461538461 0.31971153846153844 0.14423076923076922 0.3076923076923077
1 0.014423076923076924 0.2608173076923077 0.028846153846153848 0.20432692307692307
1 0.7203620791683107 0.359068796491452 0.05945459790140662 0.10600896135726473
1 0.7410289010981769 0.09925781323910154 0.06198432192733131 0.11343080910612521
0 0.015625 0.9723557692307693 0.03125 0.055288461538461536
0 0.04155435938845314 0.9590986538103979 0.032382900848706396 0.06763786688903131
0 0.0829326923076923 0.9711538461538461 0.036057692307692304 0.057692307692307696
0 0.1201923076923077 0.9747596153846154 0.028846153846153848 0.05048076923076923
0 0.14423076923076922 0.9783653846153846 0.028846153846153848 0.04326923076923077
0 0.19110576923076922 0.984375 0.036057692307692304 0.03125
0 0.22235576923076922 0.9795673076923077 0.026442307692307692 0.040865384615384616
0 0.2704326923076923 0.9903846153846154 0.03125 0.019230769230769232
0 0.29447115384615385 0.9891826923076923 0.03125 0.021634615384615384
0 0.3269230769230769 0.9927884615384616 0.028846153846153848 0.014423076923076924
0 0.3629807692307692 0.9879807692307693 0.04326923076923077 0.02403846153846154
1 0.8193840534424385 0.8407233963610388 0.09369587412495242 0.14260713753361806