1 0.3576662119113998 0.17668269230769232 0.1623462637348153 0.21153846153846154
0 0.6622596153846154 0.3449519230769231 0.1658653846153846 0.04567307692307692
0 0.5745192307692307 0.08173076923076923 0.12980769230769232 0.16346153846153846
0 0.02403846153846154 0.5961538461538461 0.04807692307692308 0.125
0 0.06519966720296118 0.7608173076923077 0.12173263486358762 0.22596153846153846
0 0.17293825486594086 0.6670673076923077 0.09162770229664884 0.15384615384615385
0 0.2636008934766546 0.765625 0.1310962637348153 0.21153846153846154
0 0.24877039023100414 0.6045673076923077 0.08913993756141718 0.14903846153846154
0 0.44738141295816164 0.6213942307692307 0.09394762986910948 0.14903846153846154
0 0.4879807692307692 0.5793269230769231 0.04326923076923077 0.15384615384615385
1 0.6225961538461539 0.4951923076923077 0.22596153846153846 0.2548076923076923
1 0.9783653846153846 0.5540865384615384 0.04326923076923077 0.1658653846153846