1 0.45072115384615385 0.03485576923076923 0.2091346153846154 0.06971153846153846
0 0.5985576923076923 0.24879807692307693 0.038461538461538464 0.29086538461538464
0 0.6646634615384616 0.078125 0.12259615384615384 0.15625
0 0.7740384615384616 0.10817307692307693 0.13942307692307693 0.21634615384615385
0 0.8365384615384616 0.04567307692307692 0.09134615384615384 0.09134615384615384
0 0.8918269230769231 0.4182692307692308 0.21634615384615385 0.20192307692307693
0 0.9471153846153846 0.31490384615384615 0.10576923076923077 0.32211538461538464
0 0.1112903974656961 0.8677884615384616 0.0684295007659938 0.10096153846153846
0 0.20418951822434356 0.8233173076923077 0.06767400334910502 0.07932692307692307
0 0.2668269230769231 0.9855769230769231 0.07692307692307693 0.028846153846153848
0 0.3625342926213353 0.8665865384615384 0.04852717827576788 0.08173076923076923
0 0.59375 0.5745192307692307 0.028846153846153848 0.11057692307692307
0 0.6812689846559733 0.7668269230769231 0.07589287169982839 0.10817307692307693
0 0.6165865384615384 0.8810096153846154 0.07451923076923077 0.13221153846153846
0 0.8005760491564337 0.8954326923076923 0.1222680362940465 0.1971153846153846
0 0.786649029049728 0.7091346153846154 0.051518633531638644 0.0985576923076923
0 0.96875 0.6382211538461539 0.0625 0.18028846153846154
0 0.6302464079407061 0.6790865384615384 0.040644086554772724 0.0625