1 0.07892639187433194 0.6194510965304217 0.0734020636047543 0.11477716592331597
1 0.14100682263866793 0.5870336146896032 0.07558213949957977 0.09568640478742675
1 0.11057692307692307 0.671875 0.12980769230769232 0.09375
0 0.4021720872300676 0.31994301599428737 0.1078670769475513 0.1864488177131713
0 0.5372596153846154 0.5745192307692307 0.19471153846153846 0.28846153846153844
0 0.6028372985114662 0.3268259996090557 0.07600170873524394 0.13174409709511892
0 0.5549553323458724 0.23755738022043865 0.06879017027370547 0.1313240728104797
0 0.7348259087792979 0.4185910561646184 0.11519050053860024 0.19648422661319523
0 0.7279351979997878 0.3425198820812651 0.07834961232433485 0.12707641288230648
0 0.8799509169808365 0.40061923821253664 0.0956800184840548 0.17132570031569555
1 0.04481186162656943 0.8498832829081284 0.0391887918033563 0.06474012951807631
1 0.1348442072662897 0.845518201850735 0.036645089237622185 0.05258089065396595
1 0.1487078585418145 0.7982813273430907 0.03180942564755212 0.04989702831036005
1 0.21514423076923078 0.9362980769230769 0.007211538461538462 0.05048076923076923