1 0.11385293137635931 0.31296557335408653 0.04891606154825139 0.07379426776402635
0 0.4098557692307692 0.08173076923076923 0.040865384615384616 0.16346153846153846
0 0.5132211538461539 0.030048076923076924 0.10336538461538461 0.06009615384615385
0 0.5721153846153846 0.07932692307692307 0.1346153846153846 0.15865384615384615
0 0.8538188195906246 0.25523895266068375 0.20318346876069718 0.3218712112207092
1 0.31490384615384615 0.5444711538461539 0.14903846153846154 0.23317307692307693
1 0.22903837952307526 0.5617446044819107 0.18554537849482353 0.25157206365714624
0 0.6158503518704161 0.6481456611677926 0.06585486975468481 0.08399726148143544
0 0.6968547098246816 0.6918231750571521 0.07329017847524409 0.10347986318450107
0 0.726091619558808 0.6231609385635147 0.04894403283062888 0.07619811391787251
0 0.6631152656930746 0.4767895933182273 0.03675697436713253 0.06135531620763515
0 0.7903389826420943 0.672260458735465 0.06339508103608342 0.07910562501631119
0 0.8380794082651721 0.5417697755012842 0.04162060923958021 0.06633089683019164
0 0.8660453087817452 0.5703793640809841 0.061047177446992645 0.08382937316657141
0 0.9571257354453119 0.5507327036018649 0.048804176418740915 0.06417888314864174
0 0.9879807692307693 0.5480769230769231 0.02403846153846154 0.07692307692307693