0 0.003605769230769231 0.5396634615384616 0.007211538461538462 0.05048076923076923
0 0.10305176647641835 0.5104579239526044 0.037196891756822156 0.055875891608161185
0 0.21651081359854676 0.4783958010762716 0.1438258292585973 0.22101580169741292
0 0.27682189412783675 0.5182541627150283 0.029677262373285683 0.05094232142839034
0 0.31730216509072395 0.5115312393886348 0.02681127983644279 0.04368882367615912
0 0.359375 0.6838942307692307 0.040865384615384616 0.10817307692307693
0 0.36177884615384615 0.7728365384615384 0.04567307692307692 0.13221153846153846
0 0.3954326923076923 0.9314903846153846 0.11298076923076923 0.13701923076923078
0 0.472278306357727 0.8394823189336861 0.10074292696709009 0.14822906843094275
0 0.44391780002555686 0.434476201301302 0.08268364020217539 0.128704584165324
0 0.549024266831361 0.44106443369462534 0.046102930289349114 0.08244407717254741
0 0.5837223057898189 0.6257619742791973 0.05439278697788033 0.09939687812154901
0 0.6199806256779412 0.6094866052734584 0.05423874151688132 0.09699303196770287
0 0.6572563825709188 0.5715346615924114 0.04292885683050821 0.07038288711262375
0 0.6948383879802384 0.6322453084457886 0.069740136666951 0.11407171078878274
0 0.6071856403867473 0.8792418656378881 0.13793981872391223 0.20410496003910422
0 0.8111777167419161 0.6639060882917254 0.07950956674333462 0.11664339410540045
0 0.7493261816026366 0.6000092651145071 0.04819868552119726 0.07767834415554785
0 0.7689116238748347 0.5864314572974643 0.04006287429366532 0.06312938936039239
0 0.7670344801374347 0.4444786563484626 0.047582503677201515 0.06806295954016324
0 0.8799220851293422 0.4786062212842847 0.08206745835817977 0.11908919954993936
0 0.9198793384870954 0.4261682617441215 0.04006287429366505 0.06312938936039239
0 0.9795673076923077 0.41586538461538464 0.040865384615384616 0.15865384615384615
0 0.8480323921543594 0.8822574750301434 0.11547409481216502 0.15328851648279213