0 0.4855769230769231 0.038461538461538464 0.04807692307692308 0.07692307692307693
0 0.578125 0.036057692307692304 0.06009615384615385 0.07211538461538461
0 0.6616842599873212 0.05091170919821108 0.05742097571239299 0.08079576344473284
0 0.74164211092621 0.06043142538059339 0.04822620967165228 0.08532367663474716
0 0.82452958123725 0.07603070172701057 0.05522743884586872 0.08312966481915943
0 0.8897341806717229 0.05395069401229527 0.053454520553988354 0.09027125850127832
0 0.9591346153846154 0.03365384615384615 0.052884615384615384 0.0673076923076923
0 0.13822115384615385 0.9747596153846154 0.07932692307692307 0.05048076923076923
0 0.11438755136709308 0.8972383947458081 0.04894758152692296 0.06616285218339722
0 0.03856124287727828 0.8938332111171705 0.043088342782620984 0.05400373185532759
0 0.16601031102777686 0.8843541029699604 0.04350896135726487 0.058811424163019904
0 0.20976009301866003 0.904808905840571 0.04486126107450134 0.046862138173208695
0 0.2238382847100419 0.8464742333066965 0.03284203030527057 0.04651241427611101
0 0.2654996844780618 0.8704648606286567 0.05333465525997137 0.06149504943454404
0 0.2927085860222926 0.8388872472944775 0.04005356876680903 0.04672224861436957
0 0.320442170739244 0.9092282887707915 0.052402974117378806 0.07825202773204755
0 0.3728010129055547 0.9047574585334055 0.05700035713774909 0.07598807113704052
0 0.3435048191840448 0.8439618568930565 0.02436863611980054 0.03187950301477553
0 0.39415067570548346 0.8610207248711566 0.026982791560968576 0.03435329394804125
0 0.4397185979848995 0.8611477526032041 0.03221110244330479 0.03930087581457255
0 0.44471153846153844 0.8978365384615384 0.028846153846153848 0.05048076923076923
1 0.4831730769230769 0.7043269230769231 0.04807692307692308 0.1875
1 0.5072115384615384 0.7740384615384616 0.09615384615384616 0.16826923076923078