1 0.3161057692307692 0.07091346153846154 0.29086538461538464 0.14182692307692307
0 0.9783653846153846 0.013221153846153846 0.038461538461538464 0.026442307692307692
0 0.9282443755004698 0.21999534631750814 0.07331546528665155 0.09845661234235173
0 0.9466440362041072 0.16800173740526875 0.047428458216202514 0.06792952551678647
0 0.9718235395973547 0.12760712601740729 0.04200458406451446 0.05797795430551963
0 0.9357354066785937 0.11081370960678441 0.05541022398273586 0.08045303617984072
0 0.8789673717522798 0.12927102568044846 0.049832304370048666 0.06809761881472773
0 0.8298568701621389 0.19186330900438414 0.08897090589772023 0.11869594136076764
0 0.8376094101428297 0.1056022574041695 0.060680052673425036 0.0880007612372614
0 0.8064507319760355 0.16573191791662353 0.0630838988272712 0.08816885453520253
0 0.8069719071755134 0.30574332138249444 0.11230002135332412 0.1466510887345455
0 0.6875 0.3233173076923077 0.11538461538461539 0.13221153846153846
0 0.7000491778544465 0.20094034709320524 0.09587435343726068 0.1143925289468988
0 0.7363236392509311 0.1452821922925612 0.06292985336627219 0.08576500838135637
0 0.751271576184798 0.09594456948107964 0.05735193375358513 0.07340959101624324
0 0.6950892824914114 0.10470245429038852 0.06323794428827006 0.09057270068904867
0 0.6538461538461539 0.12379807692307693 0.04807692307692308 0.0985576923076923
1 0.4831730769230769 0.6478365384615384 0.2932692307692308 0.5168269230769231
1 0.671875 0.41586538461538464 0.08413461538461539 0.052884615384615384