1 0.1374801592123029 0.20663708006901782 0.07619760239694393 0.09702095590755196
1 0.41696178571102666 0.177443811389086 0.059035004994478266 0.07759438770013952
1 0.3464259577888006 0.19825327394356196 0.04916786463493658 0.06305942564755213
1 0.48414360014664043 0.17101546883412055 0.056715077422017895 0.08237410872545421
1 0.10275026785361217 0.21344303493608094 0.05173954795155416 0.07270278154531436
0 0.5865384615384616 0.3329326923076923 0.057692307692307696 0.12259615384615384
0 0.773968815555696 0.3960794000636334 0.13017315933957294 0.1601363241198593
0 0.5829326923076923 0.21514423076923078 0.05048076923076923 0.06971153846153846
0 0.5839153821156107 0.1787673949101381 0.05157171078878287 0.06308739692992973
0 0.6965963530193526 0.2317507518483891 0.06396857517424911 0.08486186872643323
0 0.6693568188038811 0.18576999081915851 0.046805977771783455 0.06543530051902079
0 0.7554547077900681 0.1615365723693678 0.051529751498089985 0.06068355077608359
0 0.8639573757465102 0.25052167905055595 0.081089213286022 0.1018845907799995
0 0.8259215134840775 0.20561697032754914 0.0591608828665568 0.08480592616167798
0 0.8356898389090645 0.14564668725209456 0.0420402447547839 0.06778320410811157
0 0.8612868774953379 0.16637307802475176 0.04676401848109043 0.0630314543651745
0 0.9536251579649507 0.15543074162705886 0.0420402447547839 0.06778320410811157
0 0.9783653846153846 0.22235576923076922 0.04326923076923077 0.09375
0 0.9855769230769231 0.13221153846153846 0.028846153846153848 0.057692307692307696
0 0.4483173076923077 0.6526442307692307 0.21875 0.24759615384615385
0 0.25240384615384615 0.6310096153846154 0.1875 0.20432692307692307
0 0.06129807692307692 0.5757211538461539 0.12259615384615384 0.09375
1 0.6298076923076923 0.6622596153846154 0.14423076923076922 0.20432692307692307
1 0.59375 0.6826923076923077 0.07211538461538461 0.16346153846153846
1 0.6985176673302314 0.6567025929099259 0.0642203309184059 0.09928494564951015
1 0.775986215032315 0.6888476739460093 0.09120810938972049 0.13084262975566383
1 0.9699519230769231 0.6442307692307693 0.06009615384615385 0.19230769230769232