1 0.1875 0.21394230769230768 0.375 0.42788461538461536
0 0.48197115384615385 0.3137019230769231 0.04567307692307692 0.1466346153846154
0 0.4651442307692308 0.19230769230769232 0.01201923076923077 0.0673076923076923
0 0.48702521747044547 0.19302124887428224 0.04895973380215624 0.07273721782447878
0 0.5709146517349589 0.231524530677086 0.06534505315037979 0.09778423915058714
0 0.6198502046474458 0.26879238273666645 0.07334148858197696 0.10790390365979509
0 0.5925480769230769 0.36538461538461536 0.13701923076923078 0.125
0 0.7092339177023701 0.23998797223177798 0.06053736084268749 0.09744805255470478
0 0.7633206545299914 0.30300048880056646 0.06853379627428466 0.10756771706391287
0 0.7996724848353729 0.24268570167380113 0.05195225268354629 0.0801168495839585
0 0.8411267405443845 0.29756216664237495 0.0681413477892553 0.10276002475622056
0 0.9162836009187464 0.2653453501959934 0.06534505315037965 0.09778423915058727
0 0.9771634615384616 0.09495192307692307 0.04567307692307692 0.10817307692307693
0 0.016826923076923076 0.6947115384615384 0.03365384615384615 0.057692307692307696
0 0.008413461538461538 0.7956730769230769 0.016826923076923076 0.0673076923076923
0 0.050187424697411734 0.7177743869122135 0.03914812494425689 0.06966099847886817
0 0.08631865150452629 0.70458673973236 0.026343997204967478 0.05920514737377785
0 0.07636017201386537 0.7969667233574957 0.04532938694955186 0.08682410815167348
0 0.13780551630186974 0.8290654265221664 0.044936938464522576 0.08201641584398117
0 0.14263738949923133 0.7254479019598701 0.038559452216712926 0.06244946001732971
0 0.20746770115365515 0.7456954676532512 0.033555535666505806 0.059709427267601325
0 0.235406268286658 0.744022771348805 0.033751759909020615 0.062113273421447485
0 0.26619028530220634 0.7667247231787025 0.03615560606286677 0.062281366719388595
0 0.25059006129012434 0.8393696576792458 0.04474071422200783 0.07961256969013501
0 0.31252556945224963 0.746997910729075 0.03895190070174227 0.06725715232502202
0 0.3500305643230497 0.7762137578374114 0.038559452216712926 0.06244946001732971
0 0.3781407780767321 0.7576300918070715 0.03654805454789612 0.06708905902708076
0 0.35910662982064334 0.8723423339999224 0.04135574685558843 0.06742524562296313
0 0.41476296222229914 0.8568936639728286 0.04474071422200783 0.07961256969013501
0 0.41903074031395177 0.7749948014441183 0.03895190070174227 0.06725715232502202
0 0.4495192307692308 0.7776442307692307 0.019230769230769232 0.06009615384615385
0 0.4519230769230769 0.8810096153846154 0.014423076923076924 0.055288461538461536
0 0.6465626678138563 0.6040778212490947 0.03517448485029339 0.05026213595015783
0 0.46634615384615385 0.7247596153846154 0.014423076923076924 0.06490384615384616
0 0.47475961538461536 0.7920673076923077 0.03125 0.0889423076923077
0 0.5339505629106129 0.8137842898265739 0.06917162424549872 0.08610119497723873
0 0.4990456384361736 0.7823326898623326 0.05597504802117989 0.07083765156445583
0 0.6126150803944869 0.7830215364040272 0.05155980419851694 0.07530915727626618
0 0.656571096012519 0.777633754228506 0.04758616410455351 0.055910294747555704
0 0.6508316361020063 0.8775614629110625 0.08516449510869305 0.10634052399565465
0 0.7168634741011874 0.7794322405231882 0.049990010258399525 0.05607838804549695
0 0.7430114454297231 0.7848870360313099 0.03797077948916876 0.05523792155579125
0 0.7766652915835692 0.7872403422024857 0.045574766435736845 0.06054989375730676
0 0.830850140532448 0.8490509356943511 0.06637532960662348 0.08112540937160517
0 0.8261899139557661 0.9357574905307537 0.07697183543458135 0.0938170133326004
0 0.8878804393638723 0.9352361773205602 0.07476421352324973 0.09605276618850557
0 0.8780930113956422 0.8330139391244633 0.04616343916328074 0.0677614322188455
0 0.8875365510242644 0.7913668646770085 0.03998217715798583 0.050598322546039916
0 0.9563896580163219 0.8215660015816565 0.06397148345277706 0.0809573160736642