1 0.4389236728778484 0.17687361513007532 0.14945690002193693 0.1994231456034903
1 0.5084134615384616 0.042067307692307696 0.12259615384615384 0.08413461538461539
0 0.8013448874072637 0.2748654807679634 0.11808703472791994 0.17007348026902244
0 0.698357079461039 0.09905512050382889 0.09224623359686589 0.12161892357586392
0 0.8007308502868224 0.10324223651212036 0.10240210208091138 0.1553986476017886
0 0.7487980769230769 0.01201923076923077 0.06490384615384616 0.02403846153846154
0 0.9242788461538461 0.013221153846153846 0.07451923076923077 0.026442307692307692
0 0.8533653846153846 0.046875 0.08653846153846154 0.09375
0 0.9747596153846154 0.2403846153846154 0.05048076923076923 0.16826923076923078
0 0.9831730769230769 0.10216346153846154 0.03365384615384615 0.13701923076923078
1 0.5793269230769231 0.6574519230769231 0.057692307692307696 0.13221153846153846
1 0.45113741223846077 0.6193254351863783 0.07217422721680891 0.11166786463493658
1 0.285902955485042 0.6236417825901115 0.06850852533903105 0.09720282842116691
1 0.40626035046801917 0.6413437674794066 0.055648057420512625 0.08737764735231825
1 0.31225481918404474 0.6505036831893475 0.050630055825498434 0.08488988261708631
1 0.8040865384615384 0.6850961538461539 0.3918269230769231 0.3125