1 0.08607723930913572 0.11129912402685663 0.07730669353585039 0.12824298462517433
0 0.49038461538461536 0.19591346153846154 0.08173076923076923 0.24278846153846154
0 0.6057365096216935 0.1556329476570646 0.11282157496307108 0.1743076595015378
0 0.6950747043571012 0.1052911927728693 0.06381822439290293 0.09204543590559393
0 0.7205109874223147 0.10980518661559681 0.043803861362818 0.07259089641580402
0 0.9711538461538461 0.09615384615384616 0.057692307692307696 0.09615384615384616
0 0.05392933571113696 0.571861958943358 0.03639642445145068 0.06769929026097884
0 0.1251366449243419 0.5782483445747572 0.036494373676365106 0.07010313641482487
0 0.19141587037043245 0.5522247640527994 0.036592322901279534 0.07250698256867102
0 0.25737471576383003 0.547849784556646 0.041400015208971845 0.07256292513342626
0 0.3489881849067775 0.582858553775178 0.031588732143758375 0.06764334769622361
0 0.41499600491263233 0.5796854973559478 0.033698730622861245 0.060459780517062765
0 0.3969732404195251 0.845646152744479 0.08569362269636226 0.15717305231846104
0 0.41039847300239213 0.7324555988958777 0.04120411675914299 0.06775523282573423
1 0.8245192307692307 0.515625 0.13942307692307693 0.09375