1 0.05598688669890856 0.12260064014707552 0.1063185272942287 0.17132570031569555
1 0.22716346153846154 0.10817307692307693 0.17548076923076922 0.21634615384615385
1 0.019230769230769232 0.09975961538461539 0.038461538461538464 0.19951923076923078
1 0.11874218417783816 0.13826120295841066 0.08639501053611881 0.12948025903615262
1 0.3918269230769231 0.11177884615384616 0.1346153846153846 0.22355769230769232
0 0.5161068292486564 0.10892053447925594 0.089563329718477 0.10812565984129673
0 0.5005535547498278 0.04705057090621496 0.05521673603729017 0.06544016999247514
0 0.5108173076923077 0.019230769230769232 0.04567307692307692 0.038461538461538464
0 0.4879807692307692 0.006009615384615385 0.028846153846153848 0.01201923076923077
0 0.4735576923076923 0.003605769230769231 0.02403846153846154 0.007211538461538462
0 0.5733173076923077 0.020432692307692308 0.036057692307692304 0.040865384615384616
0 0.6013150092665918 0.0544613888148584 0.0450548937134608 0.057668599151417595
0 0.6816079087250778 0.09445228362485968 0.06574288350008271 0.07801943314122498
0 0.7233123306866991 0.16687139297089393 0.11356592850635285 0.14063573269521462
0 0.8955143536667999 0.11338157127544007 0.08420917970233993 0.1006341051899988
0 0.8137463022771683 0.0698549112821095 0.05834919246906267 0.07519556270273949
0 0.7671803938819763 0.04480083026815439 0.04654797701989903 0.04578937647706656
0 0.6906395534731555 0.03839377756455939 0.04727658729782537 0.055404761092451175
0 0.6478365384615384 0.021634615384615384 0.040865384615384616 0.04326923076923077
0 0.6274038461538461 0.01201923076923077 0.028846153846153848 0.02403846153846154
0 0.609375 0.006009615384615385 0.026442307692307692 0.01201923076923077
0 0.7019230769230769 0.008413461538461538 0.02403846153846154 0.016826923076923076
0 0.7348554098403798 0.016502854531074636 0.02640644494172201 0.03265008094879763
0 0.7115276272045518 0.04321332414269682 0.02935674880401292 0.040001627505215964
0 0.6682692307692307 0.008413461538461538 0.02403846153846154 0.016826923076923076
0 0.7163461538461539 0.004807692307692308 0.019230769230769232 0.009615384615384616
0 0.7283653846153846 0.002403846153846154 0.019230769230769232 0.004807692307692308
0 0.7680288461538461 0.009615384615384616 0.021634615384615384 0.019230769230769232
0 0.78125 0.015625 0.02403846153846154 0.03125
0 0.7848557692307693 0.004807692307692308 0.016826923076923076 0.009615384615384616
0 0.8113962502492007 0.022909907234669628 0.029174596234531336 0.03759778135136981
0 0.8366918483987404 0.054031753410234876 0.03951859112784216 0.04777319834627337
0 0.8748622266307636 0.06388085870882926 0.04764089243678855 0.06021245340014348
0 0.9497278311636648 0.08004330412268867 0.0450548937134608 0.057668599151417595
0 0.9247233932436403 0.03683222313045265 0.02658859751120346 0.03505392710264378
0 0.9064213182355717 0.034276514611281714 0.03434659368118668 0.04268548984882159
0 0.9014423076923077 0.010817307692307692 0.02403846153846154 0.021634615384615384
0 0.8713942307692307 0.015625 0.026442307692307692 0.03125
0 0.8553030150116171 0.02880322306529531 0.021234447495066533 0.02756237245134585
0 0.8426462502492007 0.021089802001232654 0.026770750080685184 0.03745777325648994
0 0.8269230769230769 0.007211538461538462 0.02403846153846154 0.014423076923076924
0 0.9230769230769231 0.01201923076923077 0.019230769230769232 0.02403846153846154
0 0.9362980769230769 0.01201923076923077 0.016826923076923076 0.02403846153846154
0 0.9581040105432641 0.031266340571366714 0.02935674880401292 0.040001627505215964
0 0.9915865384615384 0.052884615384615384 0.016826923076923076 0.04807692307692308
0 0.9888075528348194 0.022234696876391277 0.018466296202257346 0.02261467204877367
1 0.01201923076923077 0.5673076923076923 0.02403846153846154 0.125
1 0.1967402451425117 0.6814711623754162 0.09065624513536637 0.12254873676437364
1 0.33774038461538464 0.5072115384615384 0.0889423076923077 0.057692307692307696
0 0.4735576923076923 0.7127403846153846 0.028846153846153848 0.04567307692307692
0 0.532772369947944 0.77911880206639 0.05372365273085195 0.07731939266682616
0 0.5378160089509963 0.734157619888157 0.03176059495785907 0.040141635600095565
0 0.5552252524869499 0.7089990935906573 0.03471089882014985 0.047493182156513894
0 0.5876233814379943 0.7541939964521002 0.03452874625066826 0.04508933600266774
0 0.6065091963133699 0.8122481786520522 0.06443195276312608 0.09230250196942216
0 0.6122620948107792 0.7129204418225213 0.03194274752734066 0.042545481753941856
0 0.6291621627971502 0.7288373122827257 0.02953890137349437 0.042405473659062116
0 0.6682612352518741 0.7350106443031111 0.04265104755961492 0.057528591056537855
0 0.7006593642029186 0.7802055471645537 0.0579848873300995 0.07038787039504718
0 0.7284484653827688 0.7327123650080399 0.034528746250668534 0.04508933600266774
0 0.7584248168046744 0.7937422800118024 0.053359347591888776 0.07251170035913372
0 0.7708800782140396 0.7350699156553363 0.035075203959113295 0.052300874464206205
0 0.7951559058561379 0.7686656120321876 0.03729689754347786 0.050037036405239786
0 0.8779616591285037 0.7940234177767924 0.0478230450062704 0.06261629955398963
0 0.8953709026644572 0.7688648914792927 0.037296897543477585 0.050037036405239925
0 0.9855769230769231 0.7908653846153846 0.028846153846153848 0.057692307692307696