1 0.8926401186632099 0.16635028812840125 0.06479851307453216 0.10446174083353267
1 0.6084824483063233 0.19368855101652158 0.061946823184650196 0.09470634812326832
1 0.4675480769230769 0.24639423076923078 0.036057692307692304 0.07932692307692307
1 0.5387412626476087 0.22412108941290262 0.05943101609679502 0.0921624938745423
1 0.6718484885812193 0.19718987496374615 0.054623323789102715 0.09188247768478283
1 0.722579512949835 0.21461239323152345 0.05406351911905761 0.07986324691555205
1 0.6413525679221064 0.20855536076512793 0.04696394159152817 0.08184706878475886
1 0.8021863383617807 0.20398251071587575 0.05898317236075894 0.08254710925915767
1 0.7614032674832288 0.23033110581985342 0.05177163389922047 0.08212708497451834
1 0.8578106827022692 0.19355078607210263 0.05406351911905734 0.07986324691555205
1 0.9480108939385044 0.18709855943718823 0.06664255455833348 0.09258251815918164
1 0.9537999013824494 0.14001354729486865 0.05383959725103957 0.07505555460785975
1 0.4177355812200619 0.8249200328139016 0.0513237901631844 0.07251170035913372
1 0.7951394273739081 0.6638623405062093 0.0513237901631844 0.07251170035913372