1 0.1687568216703694 0.2515887601685179 0.08289410682731799 0.1295363603277776
1 0.23838353097089898 0.5504911196987883 0.07498312057158457 0.10486697092735014
1 0.3463817459454272 0.5659646530128908 0.07320877743251394 0.1262912770246438
1 0.4854699833529959 0.29978227840270527 0.05292883651045207 0.08855111041837602
1 0.45913461538461536 0.5901442307692307 0.08653846153846154 0.11778846153846154
1 0.2783195454457096 0.296118756616096 0.02777125850127832 0.04798647908361818
1 0.3464444645435177 0.31533372515092495 0.037526532675502065 0.05363540854059815
1 0.5582405946367389 0.36639802015583905 0.05052499035660592 0.088340801131054
1 0.717835082222084 0.1779222070621782 0.23568386280085024 0.35390368839287706
1 0.9321343399928181 0.4328475845727191 0.05561246178197621 0.0983768043210825
0 0.7740384615384616 0.6778846153846154 0.052884615384615384 0.057692307692307696
0 0.8233173076923077 0.6971153846153846 0.055288461538461536 0.09615384615384616
0 0.8100961538461539 0.6610576923076923 0.028846153846153848 0.02403846153846154
0 0.7572115384615384 0.6598557692307693 0.028846153846153848 0.021634615384615384
0 0.7427884615384616 0.6550480769230769 0.028846153846153848 0.01201923076923077
0 0.8569711538461539 0.6778846153846154 0.040865384615384616 0.057692307692307696
0 0.8774038461538461 0.6814903846153846 0.038461538461538464 0.06490384615384616
0 0.9302884615384616 0.6706730769230769 0.028846153846153848 0.04326923076923077
0 0.9465445550891036 0.7804044026683753 0.07094482083750678 0.13088866004501407
0 0.9674190266362314 0.7255964923515662 0.04296372799796991 0.07569064249985757
0 0.9662042417325168 0.6845207984488597 0.02529746756801274 0.04537232364245014