1 0.5538963903747003 0.1976712572494626 0.09932500415275751 0.14375887584004915
1 0.3858173076923077 0.1346153846153846 0.09375 0.15865384615384615
1 0.7586428321247417 0.21963005679762565 0.09859639387483117 0.13414349122466454
1 0.9029646776402517 0.20990282570565413 0.07976579253361066 0.10642611554598574
0 0.31971153846153844 0.6622596153846154 0.038461538461538464 0.04567307692307692
0 0.22955789276667446 0.6542363858777664 0.03988289626680533 0.05321305777299287
0 0.2419414286748684 0.6581333153380509 0.032307052666303696 0.04785890775685581
0 0.17354082095028658 0.6488105103604581 0.06148164890083517 0.08592027832884543
0 0.11382690361838875 0.642455940620449 0.07218994893310916 0.10107196552984868
0 0.019230769230769232 0.6358173076923077 0.038461538461538464 0.11778846153846154
0 0.025174336747319614 0.5573029741366687 0.042468894990133066 0.05579905649632048
0 0.008413461538461538 0.49158653846153844 0.016826923076923076 0.040865384615384616
0 0.03245192307692308 0.4735576923076923 0.021634615384615384 0.028846153846153848
0 0.058790900742303566 0.5064026862327812 0.021416600064548118 0.03030337440200639
0 0.10322619183787173 0.5344650162668536 0.03157844238837749 0.0382435231414712
0 0.11908855794150842 0.5683189463654742 0.03951859112784216 0.04840536546530057
0 0.1555837002976118 0.5873123494926068 0.024184751357357443 0.03529321927918042
0 0.1655261078930973 0.5430412795912273 0.024184751357357443 0.035293219279180284
0 0.13247251357357442 0.5056547251712854 0.024002598787875994 0.0328893731253342
0 0.09080537377081552 0.48221793487542375 0.019012753910701966 0.030121221832524876
0 0.10338899362378388 0.4728026342048135 0.021052294925585083 0.025495682094314152
0 0.06009615384615385 0.46274038461538464 0.02403846153846154 0.007211538461538462
0 0.1622596153846154 0.4723557692307692 0.021634615384615384 0.026442307692307692
0 0.1742486610363669 0.5145773622593295 0.024184751357357443 0.035293219279180284
0 0.2145137938174283 0.5514174589708266 0.03212490009682224 0.045455061603009654
0 0.22675245931500293 0.6012606942084103 0.02953890137349437 0.042869062879682056
0 0.3170609112784224 0.6125498952914381 0.029356748804012785 0.040465216725835765
0 0.33413461538461536 0.5745192307692307 0.009615384615384616 0.03365384615384615
0 0.3293269230769231 0.546875 0.019230769230769232 0.026442307692307692
0 0.3016897893490753 0.5532734280079514 0.021416600064548257 0.03030337440200653
0 0.28460756879322263 0.5352266504788125 0.016244602617892775 0.025131376955351052
0 0.28582742324543864 0.5194194979093308 0.0208701423561035 0.023091835940468066
0 0.3054583603657567 0.491337817091689 0.015880297478929606 0.020323684647658744
0 0.24785712895818982 0.4969114018361699 0.01606245004841119 0.022727530801504827
0 0.23443589116726146 0.5112254710992131 0.021052294925585083 0.025495682094314152
0 0.2459638777622026 0.5357372454366714 0.02640644494172215 0.033071525694815716
0 0.19783174115112448 0.5067462211798983 0.018648448771738792 0.025313529524832568
0 0.20914029301772175 0.48050399743236505 0.018466296202257346 0.022909683370986415
0 0.5192034229298431 0.9384409479648871 0.05040904372959787 0.06596089882014985
0 0.36538461538461536 0.9819711538461539 0.052884615384615384 0.036057692307692304