0 0.6610576923076923 0.23197115384615385 0.02403846153846154 0.2283653846153846
0 0.6778846153846154 0.16466346153846154 0.057692307692307696 0.19471153846153846
0 0.7259615384615384 0.2848557692307692 0.15384615384615385 0.21875
0 0.7920673076923077 0.35336538461538464 0.1658653846153846 0.17307692307692307
0 0.8798076923076923 0.35216346153846156 0.1778846153846154 0.17548076923076922
0 0.9747596153846154 0.1778846153846154 0.05048076923076923 0.20192307692307693
0 0.6610576923076923 0.3641826923076923 0.02403846153846154 0.13701923076923078
0 0.7049901221343038 0.49087260676521133 0.05234470116857564 0.08252799575393305
0 0.741023435186244 0.536036088907797 0.059703308628958604 0.1138619143353187
0 0.7776442307692307 0.46634615384615385 0.04567307692307692 0.052884615384615384
0 0.8128199058160216 0.5264565802909277 0.046948336133339444 0.07523253871100895
0 0.8076201617554657 0.6491366527184673 0.10787814546105629 0.17471333541394346
0 0.8531209969596143 0.48984733391205126 0.04513316270703718 0.08240211788185452
0 0.9484899461434018 0.5011410901551491 0.05312959813863435 0.09214338036931767
0 0.9139041340206524 0.5414610039915269 0.07491128252209424 0.12372905469486024
0 0.9795673076923077 0.6754807692307693 0.040865384615384616 0.24519230769230768