1 0.19715599265055678 0.058806406123588534 0.0445981815782014 0.04718407175685449
0 0.484375 0.04807692307692308 0.01201923076923077 0.08173076923076923
0 0.515833243802392 0.04974048807032293 0.06247427634641712 0.08382937316657127
0 0.5456730769230769 0.013221153846153846 0.028846153846153848 0.026442307692307692
0 0.5913461538461539 0.016826923076923076 0.03365384615384615 0.03365384615384615
0 0.592896210284308 0.05186196734018852 0.03759647745492149 0.05414377774609669
0 0.6838942307692307 0.016826923076923076 0.036057692307692304 0.03365384615384615
0 0.7043269230769231 0.021634615384615384 0.038461538461538464 0.04326923076923077
0 0.7608173076923077 0.027644230769230768 0.04567307692307692 0.055288461538461536
0 0.8220788216898083 0.03062414645927044 0.03979048927050909 0.047016183441990315
0 0.8820314728864586 0.14764184337500103 0.09738712852981461 0.12827382213985125
0 0.7818357139078702 0.30153379883868137 0.16508876586044116 0.2266941605443639
0 0.9807692307692307 0.18269230769230768 0.038461538461538464 0.08653846153846154
0 0.9576255990005649 0.09928255341409738 0.05986059585431255 0.07653389054760086
0 0.9783653846153846 0.046875 0.04326923076923077 0.06971153846153846
0 0.9951923076923077 0.03485576923076923 0.009615384615384616 0.06009615384615385