0 0.7232714297236398 0.08374213210949358 0.059184979654204994 0.11156207706505392
0 0.6141826923076923 0.02283653846153846 0.04567307692307692 0.04567307692307692
0 0.5264834783797949 0.148341572152654 0.07727197558504593 0.13427501067666206
0 0.5216346153846154 0.04447115384615385 0.0673076923076923 0.0889423076923077
0 0.7091346153846154 0.016826923076923076 0.052884615384615384 0.03365384615384615
0 0.0430637049278328 0.7163443114404977 0.060468761049012956 0.09248535329528369
0 0.0977565712754401 0.6679735965442829 0.06555646954646477 0.09760113652497387
0 0.21073734050620935 0.6752137332112339 0.08011955456442149 0.10092925544481378
0 0.3198323243164498 0.6870304939943787 0.06796031570031093 0.09775518198597274
0 0.4206730769230769 0.6826923076923077 0.057692307692307696 0.11057692307692307
0 0.5096153846153846 0.78125 0.1201923076923077 0.2980769230769231
0 0.5945685831788493 0.5753429696737382 0.1231776516161023 0.22343224505210577
0 0.7078530771402681 0.6187948441093803 0.13872079329821724 0.24358728704886878
0 0.7617403361547017 0.5221161379447441 0.09181135206211238 0.17831446875088758
0 0.875 0.9122596153846154 0.23557692307692307 0.17548076923076922
0 0.9230769230769231 0.8233173076923077 0.15384615384615385 0.3293269230769231