1 0.3171614378185196 0.4768825368425155 0.04760948171050353 0.0752744980017017
1 0.36239078191606705 0.4424734234561984 0.05185714163867662 0.06574303196770273
1 0.9227291459901845 0.1287505207339289 0.1322330038519677 0.2088287337654108
1 0.7488714456962081 0.24825322989861912 0.05566106874132068 0.08982345279685716
1 0.047986575214284406 0.8606973414113731 0.0831997326517763 0.15033919954993935
1 0.37245951047696535 0.8970581855694559 0.07388807276704139 0.11415562937016852
1 0.25063340115265026 0.8859769555486364 0.059184979654204994 0.10909618131831914
1 0.4277942675219767 0.854067773481906 0.06186884199781062 0.11394583291670433
1 0.1474898829500303 0.9045871484800048 0.053537238777234 0.09458918581385657
1 0.1829875428782035 0.9135731437349969 0.040117927059205596 0.07034092782193085
0 0.693221109650102 0.9145470204819237 0.029942510064301767 0.06055770604377496
0 0.8098195023820856 0.9329237075456672 0.03234635621814792 0.060599665334467846
0 0.8462390691974224 0.9466964154630053 0.02952248577966256 0.053346167582236495
0 0.8629807692307693 0.9891826923076923 0.038461538461538464 0.021634615384615384
0 0.9134615384615384 0.9903846153846154 0.03365384615384615 0.019230769230769232
0 0.923302154215379 0.9429498720069885 0.037154048525840366 0.06068358391585349
0 0.9603365384615384 0.9939903846153846 0.021634615384615384 0.01201923076923077
0 0.9879807692307693 0.9891826923076923 0.02403846153846154 0.021634615384615384