1 0.3088453152022973 0.29810331300113807 0.07916108253418813 0.10153283168796233
1 0.07486397606234013 0.43485281054064717 0.06965759819935907 0.10566815080389019
0 0.6346153846153846 0.021634615384615384 0.03365384615384615 0.04326923076923077
0 0.6754807692307693 0.054086538461538464 0.07211538461538461 0.10817307692307693
0 0.7115384615384616 0.015625 0.052884615384615384 0.03125
0 0.7524038461538461 0.04927884615384615 0.07211538461538461 0.0985576923076923
0 0.8269230769230769 0.030048076923076924 0.0673076923076923 0.06009615384615385
0 0.7139423076923077 0.43149038461538464 0.19230769230769232 0.2956730769230769
0 0.8603661867234513 0.2886236349502742 0.15133442716794904 0.2121767680974858
0 0.9447115384615384 0.15144230769230768 0.11057692307692307 0.16346153846153846
0 0.96875 0.09975961538461539 0.0625 0.14182692307692307
1 0.4890798364785795 0.7615930007151726 0.08452827624465825 0.1259074798223061
1 0.21095902457793841 0.7088083453630178 0.08436042582382496 0.11869594136076764
1 0.018028846153846152 0.7103365384615384 0.036057692307692304 0.11298076923076923
1 0.16545379807569477 0.7192136564854379 0.039972192249038585 0.06759333892090424
0 0.9699519230769231 0.59375 0.06009615384615385 0.028846153846153848