1 0.4050480769230769 0.04326923076923077 0.12740384615384615 0.08653846153846154
1 0.07692307692307693 0.051682692307692304 0.15384615384615385 0.10336538461538461
1 0.23312496043030484 0.055317336393923 0.06756440919489844 0.10170719827422112
0 0.3798076923076923 0.5805288461538461 0.39903846153846156 0.37740384615384615
0 0.05895228311993908 0.45734533799514876 0.09713917331897859 0.11283434575353969
0 0.5372596153846154 0.5060096153846154 0.08413461538461539 0.12259615384615384
0 0.3051450105361188 0.40440450370447034 0.0585672077891298 0.04616677625843739
0 0.5877403846153846 0.5492788461538461 0.016826923076923076 0.055288461538461536
0 0.5961538461538461 0.5216346153846154 0.03365384615384615 0.0625
0 0.6081730769230769 0.65625 0.057692307692307696 0.13942307692307693
0 0.642671638056266 0.5468511063554151 0.037843355251922346 0.057052184879717825
0 0.6358602674842764 0.5201568381857851 0.032671357805266865 0.05199253209470319
0 0.7075919961771284 0.4556785904383267 0.04301535269857782 0.06211183766473232
0 0.7036233412156727 0.5296939002529129 0.04782304500627013 0.06236379814205465
0 0.742231169496107 0.5652374499866764 0.05131980657700579 0.07691285530379274
0 0.7612066412479467 0.5470775127845269 0.05113765400752421 0.07450900914994658
0 0.9294579406418847 0.5714581393714773 0.0383898129603671 0.06426372334125628
0 0.9458846958292588 0.598656328495752 0.05131980657700579 0.07691285530379274
0 0.9735576923076923 0.6394230769230769 0.052884615384615384 0.08653846153846154
0 0.9927884615384616 0.5877403846153846 0.014423076923076924 0.06490384615384616