1 0.03125 0.31850961538461536 0.0625 0.1658653846153846
1 0.025240384615384616 0.21634615384615385 0.05048076923076923 0.09615384615384616
1 0.2433830357396784 0.2530676403094756 0.07237210150259074 0.10385574685558843
1 0.27163461538461536 0.1778846153846154 0.052884615384615384 0.09134615384615384
1 0.11754683720999506 0.17972535826316707 0.06701795148645368 0.09625175990902061
1 0.2350979326448199 0.2047699153682028 0.06479625790208911 0.09845938182035209
0 0.013221153846153846 0.7764423076923077 0.026442307692307692 0.052884615384615384
0 0.038978709528477554 0.82734069812819 0.05521673603729017 0.06662070909280807
0 0.07509019596204834 0.8709779981266978 0.07849072454723977 0.0900213426600554
0 0.0585199897723314 0.7743825482441523 0.036932592404514554 0.0460163701644361
0 0.08458006095038308 0.7615048860054406 0.03434659368118682 0.04341629976807527
0 0.09861948195092747 0.8284447074499386 0.0598422757755009 0.06460931142399126
0 0.14132432363642064 0.8165973216674705 0.050591196299079454 0.06863210676162487
0 0.16106568782504896 0.7767622135083292 0.03176059495785907 0.04081622937171458
0 0.2212529179559436 0.7706546843685393 0.03747905011295917 0.0532279086259747
0 0.2535226884633851 0.7704095032484375 0.024184751357357443 0.035419864336478105
0 0.3076923076923077 0.45072115384615385 0.019230769230769232 0.06009615384615385
0 0.34975961538461536 0.44711538461538464 0.03125 0.057692307692307696
0 0.3918269230769231 0.4326923076923077 0.038461538461538464 0.028846153846153848
0 0.4387019230769231 0.43149038461538464 0.036057692307692304 0.026442307692307692
0 0.5192307692307693 0.42788461538461536 0.03365384615384615 0.019230769230769232
0 0.49072105329034954 0.5237209361154348 0.03136042706831022 0.06706231282150746
0 0.5544050449919797 0.5029941058100533 0.038207660390885516 0.06284329324135932
0 0.610622200753142 0.5019886053417278 0.033399968083193204 0.06245084475632996
0 0.6554024462041039 0.5258064633819225 0.030449664220902298 0.05504308205227669
0 0.6869256750583262 0.5196497789984627 0.037843355251922346 0.058035600933667005
0 0.6225961538461539 0.43149038461538464 0.028846153846153848 0.026442307692307692
0 0.6610576923076923 0.43149038461538464 0.028846153846153848 0.026442307692307692
0 0.7366419712605835 0.49409067876355384 0.038936270668811855 0.07245867785674392
0 0.7884615384615384 0.4387019230769231 0.03365384615384615 0.040865384615384616
0 0.8245192307692307 0.4338942307692308 0.03365384615384615 0.03125
0 0.833524427692356 0.47662632444758246 0.03689672965392887 0.07707014592192142
0 0.7870840389242139 0.6165889188545333 0.039664880946738194 0.08207406247212855
0 0.8533653846153846 0.4266826923076923 0.03365384615384615 0.016826923076923076
0 0.8786331155316953 0.46458271442259946 0.036532424514965425 0.07226245361422912
0 0.9242788461538461 0.42908653846153844 0.036057692307692304 0.021634615384615384
0 0.9116673590676487 0.4857759244445983 0.03412857836111955 0.07206622937171457
0 0.9533882929962861 0.5026765803870266 0.038571965529848685 0.06765098554905162