1 0.1466346153846154 0.06490384615384616 0.15384615384615385 0.12980769230769232
1 0.026442307692307692 0.09254807692307693 0.052884615384615384 0.18509615384615385
1 0.4014575239487502 0.15393777716956036 0.055906605052170516 0.08807724668569072
1 0.2415903170509492 0.09014943439576181 0.0889194323582442 0.1394672980489136
1 0.46875 0.14543269230769232 0.038461538461538464 0.07932692307692307
1 0.35475041226361437 0.15049400806054847 0.04827534580347148 0.0758481815782014
1 0.5782508652867484 0.3048317979174368 0.07290141644395777 0.09337455244931957
0 0.10336538461538461 0.6081730769230769 0.1201923076923077 0.15865384615384615
0 0.20072115384615385 0.5649038461538461 0.06971153846153846 0.07211538461538461
0 0.2247596153846154 0.5625 0.04567307692307692 0.0673076923076923
0 0.4675480769230769 0.5709134615384616 0.040865384615384616 0.08413461538461539
1 0.8275335104097652 0.7779806608206055 0.0809523964798171 0.11762284832603967
1 0.6177884615384616 0.5600961538461539 0.07211538461538461 0.0625
1 0.5396634615384616 0.5612980769230769 0.06971153846153846 0.06490384615384616
1 0.7675365679268857 0.7425046373111877 0.0786324944834029 0.1199567497004664