1 0.5600961538461539 0.25721153846153844 0.11538461538461539 0.27403846153846156
0 0.7992788461538461 0.5240384615384616 0.3245192307692308 0.3076923076923077
0 0.6730769230769231 0.4987980769230769 0.11057692307692307 0.35336538461538464
0 0.7606113277869375 0.27512817344284696 0.08542431215778098 0.109099504416322
0 0.7623970304270749 0.1883938134545565 0.0553189959501459 0.07186642140965642
0 0.8160943825131372 0.24398021281120358 0.07597681585726061 0.11351539982435646
0 0.885989076495382 0.28085212143960336 0.11105771268745211 0.15575207358854334
0 0.8955319546203663 0.20944891377656957 0.08053267569265667 0.10649975981264699
0 0.953125 0.29927884615384615 0.09375 0.1658653846153846
0 0.9759615384615384 0.19951923076923078 0.04807692307692308 0.10096153846153846
0 0.171875 0.7391826923076923 0.0889423076923077 0.12259615384615384
0 0.3858173076923077 0.7175480769230769 0.07932692307692307 0.07932692307692307
0 0.1971153846153846 0.8942307692307693 0.16346153846153846 0.21153846153846154
0 0.3798076923076923 0.9399038461538461 0.23557692307692307 0.1201923076923077
0 0.49399038461538464 0.7331730769230769 0.10336538461538461 0.11057692307692307