1 0.24879807692307693 0.19230769230769232 0.27163461538461536 0.38461538461538464
0 0.02283653846153846 0.7596153846153846 0.04567307692307692 0.09134615384615384
0 0.1135727347974498 0.7256785003481206 0.13359607007520324 0.24413862060126482
0 0.24348531586375308 0.7136955446307611 0.08983735843245455 0.15798870840448734
0 0.4387019230769231 0.5793269230769231 0.1658653846153846 0.18269230769230768
0 0.6370192307692307 0.8810096153846154 0.014423076923076924 0.07932692307692307
0 0.6624677901915385 0.8891829417162255 0.04138283582453211 0.0908456435704609
0 0.7079326923076923 0.9423076923076923 0.055288461538461536 0.11538461538461539
0 0.7094197086145199 0.8781450260832474 0.0461066171253357 0.07664648851540189
0 0.7836538461538461 0.9615384615384616 0.057692307692307696 0.07692307692307693
0 0.7670001349643092 0.9000628577302329 0.04862234462170015 0.09598921868018014
0 0.8184730497547795 0.938527710119119 0.04863632978951507 0.0983930648340263
0 0.9350961538461539 0.9723557692307693 0.0625 0.055288461538461536
0 0.9867788461538461 0.9122596153846154 0.026442307692307692 0.11778846153846154