1 0.3942307692307692 0.06370192307692307 0.11057692307692307 0.12740384615384615
1 0.052884615384615384 0.11177884615384616 0.10576923076923077 0.20432692307692307
1 0.31850961538461536 0.07451923076923077 0.17067307692307693 0.14903846153846154
0 0.5344476926229043 0.2629443872895267 0.055183128459147815 0.10331271807572762
0 0.5677953031718994 0.28066368391117424 0.06765020296441453 0.11348790736115734
0 0.6043535057552847 0.23800692435164544 0.054623323789102715 0.09129348730649685
0 0.5865384615384616 0.04326923076923077 0.052884615384615384 0.08653846153846154
0 0.6904277320699246 0.4050412709194295 0.10980645224825039 0.19460620538222445
0 0.7870458134475924 0.22949789336696058 0.04729982439355523 0.08855375835062364
0 0.8929829856178366 0.22817738150133332 0.06798608576644173 0.12069944582269579
0 0.9723557692307693 0.4483173076923077 0.055288461538461536 0.2668269230769231
0 0.9771634615384616 0.16346153846153846 0.04567307692307692 0.09615384615384616
1 0.3463285935585071 0.6717101943773819 0.04293997582189887 0.09794522109799034
1 0.2597341515530411 0.6745388649247831 0.050039553349428445 0.09587725774617112
1 0.3095464691071038 0.7095592616292182 0.03690071324010747 0.07127899153766461
1 0.42065354965689594 0.6899300012747223 0.04204428834982684 0.07871445186722112
0 0.9735576923076923 0.6802884615384616 0.052884615384615384 0.10096153846153846