1 0.17447303579295445 0.31964700249607303 0.14061181618733457 0.2051380628101812
1 0.4254807692307692 0.34615384615384615 0.08653846153846154 0.125
1 0.9627403846153846 0.06490384615384616 0.07451923076923077 0.057692307692307696
1 0.5691023823064454 0.23556912913786626 0.07240907313949539 0.050900324265213084
1 0.13221153846153846 0.9447115384615384 0.11057692307692307 0.11057692307692307
1 0.37259615384615385 0.9074519230769231 0.12980769230769232 0.18509615384615385
1 0.014423076923076924 0.8221153846153846 0.028846153846153848 0.18269230769230768
1 0.038461538461538464 0.8016826923076923 0.07692307692307693 0.17067307692307693
1 0.12474746562418426 0.8204301718937016 0.09955063922254287 0.17124646880348357
1 0.22090830436193779 0.8186688421041868 0.10672022218063691 0.16407688584538946
1 0.3055184154522562 0.7364485919998996 0.08500169578913266 0.1495279424119794
1 0.4338942307692308 0.7475961538461539 0.06971153846153846 0.16826923076923078