1 0.19831730769230768 0.06850961538461539 0.07451923076923077 0.13701923076923078
1 0.4051110616366991 0.10564624814677902 0.052998525543269344 0.10964191729088668
1 0.08503685220240417 0.13236631240196686 0.052998525543269344 0.10964191729088668
1 0.3020534027928422 0.11585977647789392 0.04779918225363252 0.09267510465512448
1 0.3383628707317845 0.12772625586149425 0.03527640022190175 0.07069076537341154
1 0.7235337369937501 0.16424783797154033 0.15782062368397448 0.2784449826418906
0 0.32444334507120753 0.7977883272420494 0.030300857493376025 0.06333933735303422
0 0.23628433934278886 0.8288542165573738 0.027897011339529872 0.06326939257361466
0 0.19966815057136791 0.8554143032456023 0.037792146656303524 0.07556840246052342
0 0.18370644479065204 0.7888888653383159 0.027673210778418913 0.05365400795823005
0 0.15804743906223323 0.8217733189185474 0.02526936462457276 0.05358406317881048
0 0.11122838920251105 0.8228132418737132 0.03276065378750012 0.0658131282862998
0 0.06605886354193412 0.8431189064493579 0.03035680763365397 0.06574318350688024
0 0.013221153846153846 0.9603365384615384 0.026442307692307692 0.07932692307692307
1 0.816343638938569 0.8649082957744015 0.18353557955267108 0.24796437521550546
1 0.8393699732567845 0.5640999132094532 0.19007571633087614 0.2193280557076099
1 0.6309107793116993 0.7934517509180399 0.11113843435779923 0.1305513612277241