1 0.45072115384615385 0.16947115384615385 0.07451923076923077 0.3389423076923077
0 0.5347694246119626 0.34615384615384615 0.058764955369565636 0.10096153846153846
0 0.5446670685675676 0.10336538461538461 0.026278591056537823 0.038461538461538464
0 0.6039909347414218 0.33774038461538464 0.057504882515647684 0.07932692307692307
0 0.6176332344474454 0.22115384615384615 0.05213715782843637 0.06971153846153846
0 0.6145186151239859 0.10576923076923077 0.028822445305263747 0.040865384615384616
0 0.6386389349803323 0.08653846153846154 0.02641859915141759 0.040865384615384616
0 0.6589897689701397 0.10576923076923077 0.0237347368078119 0.036057692307692304
0 0.6669357891421817 0.18028846153846154 0.03673402424120102 0.052884615384615384
0 0.6713804853669991 0.31850961538461536 0.04718945742586426 0.0673076923076923
0 0.703424238429728 0.29086538461538464 0.041681724643773066 0.055288461538461536
0 0.6955837851164609 0.15625 0.031646315743749244 0.04807692307692308
0 0.7190977770867385 0.08533653846153846 0.023454720618052358 0.03125
0 0.7287476029382278 0.14783653846153846 0.023734736807811966 0.036057692307692304
0 0.7310232952676393 0.125 0.020770858274446732 0.026442307692307692
0 0.7510359632906923 0.11778846153846154 0.02091086636932647 0.028846153846153848
0 0.7407312708961236 0.2091346153846154 0.03997791896432586 0.0673076923076923
0 0.7619577162665447 0.1814903846153846 0.0237347368078119 0.036057692307692304
0 0.7588289995221792 0.33413461538461536 0.0474694736156238 0.07211538461538461
0 0.8011300278976966 0.296875 0.039417886584806786 0.057692307692307696
0 0.7830548862373006 0.2548076923076923 0.03405016189759529 0.04807692307692308
0 0.8034294287679982 0.23317307692307693 0.02868243721038401 0.038461538461538464
0 0.7834641778267254 0.15865384615384615 0.02063085017956686 0.02403846153846154
0 0.7736624896099111 0.1141826923076923 0.015963165966754424 0.026442307692307692
0 0.831366651572664 0.09375 0.02063085017956686 0.02403846153846154
0 0.8044450482434916 0.18870192307692307 0.02359472871293223 0.03365384615384615
0 0.830549189969045 0.1622596153846154 0.020910866369326334 0.028846153846153848
0 0.8483443154396814 0.19951923076923078 0.023454720618052358 0.03125
0 0.8382851979987673 0.23317307692307693 0.026138582961657983 0.036057692307692304
0 0.8429291736706899 0.27163461538461536 0.029102461495023355 0.04567307692307692
0 0.843955525841398 0.33052884615384615 0.04492561936689791 0.06971153846153846
0 0.8827789388105809 0.3161057692307692 0.0344701861822346 0.055288461538461536
0 0.8926980481566151 0.2800480769230769 0.03150630764886951 0.04567307692307692
0 0.8760348417154619 0.24158653846153846 0.026278591056537855 0.038461538461538464
0 0.8909016514640682 0.20793269230769232 0.020910866369326334 0.028846153846153848
0 0.8991169551306553 0.18389423076923078 0.02091086636932647 0.028846153846153848
0 0.9011363398111972 0.11538461538461539 0.015963165966754424 0.026442307692307692
0 0.9514070968996469 0.11177884615384616 0.01822700402572071 0.02403846153846154
0 0.9553973276037202 0.18028846153846154 0.02091086636932647 0.028846153846153848
0 0.9466101372871691 0.21514423076923078 0.02373473680781183 0.036057692307692304
0 0.931043287064164 0.23677884615384615 0.02373473680781183 0.036057692307692304
0 0.9387911493643314 0.28725961538461536 0.02868243721038401 0.038461538461538464
0 0.9329678375811455 0.3317307692307692 0.03969790277456626 0.0625
0 0.9650815946913143 0.30528846153846156 0.03687403233608076 0.055288461538461536
0 0.9871717971719041 0.2512019230769231 0.02373473680781183 0.036057692307692304
0 0.9825278214999817 0.2127403846153846 0.02359472871293223 0.03365384615384615
1 0.2932692307692308 0.5504807692307693 0.125 0.08173076923076923
1 0.0625 0.5576923076923077 0.125 0.09615384615384616