1 0.24586519845771676 0.23471174062646172 0.07266080616016168 0.09668847674743339
1 0.34166242283228565 0.16949569470680687 0.0870978682510534 0.09968001825076638
0 0.5240384615384616 0.15745192307692307 0.07211538461538461 0.12259615384615384
0 0.6562306249585768 0.1283731665988096 0.06304542154477707 0.09629667984777567
0 0.7785121125288975 0.06929121766663429 0.05097025010428712 0.08619154910781877
0 0.8529124693717025 0.045822099386594047 0.048468507775737364 0.06926667680598128
0 0.9074519230769231 0.027644230769230768 0.036057692307692304 0.055288461538461536
0 0.926117895721492 0.02360387879593415 0.026708025880788765 0.046750518397135905
0 0.9759615384615384 0.021634615384615384 0.038461538461538464 0.04326923076923077
0 0.9555288461538461 0.014423076923076924 0.026442307692307692 0.028846153846153848
0 0.5300480769230769 0.006009615384615385 0.04567307692307692 0.01201923076923077
0 0.5269815380083268 0.023036527054809512 0.026638100041714834 0.03473128762790513
0 0.5235715611269647 0.05683729704602737 0.033877608838882904 0.039832827610340724
0 0.583464930039804 0.0195327971923969 0.026624114873900047 0.03232744147405898
0 0.5853365384615384 0.008413461538461538 0.016826923076923076 0.016826923076923076
0 0.6694711538461539 0.010817307692307692 0.026442307692307692 0.021634615384615384
0 0.643617024557217 0.026699451184920307 0.029055931363375774 0.03723308300666565
0 0.6414299485045002 0.06405701579445015 0.02911187203463492 0.04684846762205033
0 0.7271634615384616 0.006009615384615385 0.040865384615384616 0.01201923076923077
0 0.6971153846153846 0.006009615384615385 0.02403846153846154 0.01201923076923077
0 0.027644230769230768 0.5949519230769231 0.055288461538461536 0.0985576923076923
0 0.007211538461538462 0.5492788461538461 0.014423076923076924 0.06009615384615385
0 0.05037049059854971 0.5596227682953503 0.0412569693141989 0.06897282913123799
0 0.07320702906008816 0.558692250658663 0.041270954482013684 0.07137667528508401
0 0.11778846153846154 0.5360576923076923 0.028846153846153848 0.03365384615384615
0 0.16497973052459333 0.6282874878042216 0.07526044466341499 0.13044027212619397
0 0.16943779363691563 0.5679954355082389 0.04609263195752078 0.07397641988875915
0 0.15264423076923078 0.5360576923076923 0.026442307692307692 0.03365384615384615
0 0.20673076923076922 0.5300480769230769 0.03365384615384615 0.021634615384615384
0 0.22596153846153846 0.5360576923076923 0.038461538461538464 0.03365384615384615
0 0.28975596783955654 0.5847325896471319 0.06799296553061737 0.12053103983606607
0 0.29927884615384615 0.5264423076923077 0.036057692307692304 0.014423076923076924
0 0.33653846153846156 0.5396634615384616 0.04326923076923077 0.040865384615384616
0 0.4110576923076923 0.5408653846153846 0.04807692307692308 0.04326923076923077
0 0.5204326923076923 0.6009615384615384 0.06490384615384616 0.1346153846153846
0 0.6201923076923077 0.5540865384615384 0.08653846153846154 0.06971153846153846
0 0.7235576923076923 0.5588942307692307 0.08173076923076923 0.07932692307692307
0 0.9603365384615384 0.5420673076923077 0.07932692307692307 0.04567307692307692