1 0.9495192307692307 0.1141826923076923 0.10096153846153846 0.18509615384615385
1 0.5204556830008642 0.7054283549434721 0.08992303217271533 0.13581872710058435
1 0.40058209092808067 0.7441244206920941 0.06794512354674062 0.10070766039088551
1 0.056611090697648025 0.7885346833709865 0.04169904009694761 0.10110782828043437
1 0.14386091470674597 0.7891736367724486 0.06475638042283577 0.09091012320601931
1 0.23685059535852235 0.7723302017285092 0.04655588764831002 0.07280813214272527
1 0.2658194389477686 0.761385955000875 0.06235253426898961 0.09072797063653773
1 0.34455768929714764 0.7601854513322286 0.05975246387262892 0.08814197191321
1 0.46040848603229756 0.7307404650600281 0.05975246387262892 0.08814197191321
1 0.570494848502934 0.7331098678715653 0.060733585085202164 0.10016120268244076
1 0.768076414468853 0.6429118429764559 0.19765410863492697 0.2849317529567704
1 0.9338942307692307 0.6045673076923077 0.13221153846153846 0.36778846153846156
1 0.8866743505992083 0.6471207028581016 0.09075708438644406 0.1167701104392967