1 0.3425480769230769 0.078125 0.11778846153846154 0.15625
1 0.3691389028594152 0.14054381118742856 0.0661039268251131 0.09479898226732075
1 0.44196363355765744 0.11540224150659863 0.07880022066047683 0.14304374250701513
1 0.6559668224721023 0.15755619754910616 0.07183589189879915 0.10930597777178332
1 0.818504088167647 0.14598635239314176 0.10151315427208484 0.16024829920017367
1 0.7729689151972067 0.18481062811774665 0.07950956674333462 0.11664339410540031
1 0.9483173076923077 0.16466346153846154 0.10336538461538461 0.20432692307692307
1 0.13480311535622166 0.6757528808657235 0.0710656645938044 0.09728674700255241
1 0.4050480769230769 0.9435096153846154 0.12259615384615384 0.11298076923076923
1 0.8389423076923077 0.96875 0.11057692307692307 0.0625
1 0.9603365384615384 0.9639423076923077 0.07932692307692307 0.07211538461538461