1 0.20324967005735603 0.15264423076923078 0.13900228371178422 0.1658653846153846
1 0.2819294899338498 0.12620192307692307 0.08225152247452282 0.11057692307692307
1 0.3397898909240986 0.12860576923076922 0.06681988576379894 0.09615384615384616
1 0.3094226607215094 0.055288461538461536 0.04730346991981804 0.057692307692307696
1 0.5213478488385236 0.026442307692307692 0.027064140901401856 0.04326923076923077
1 0.3546755043997336 0.04927884615384615 0.04747156321775902 0.06009615384615385
1 0.43950776296744876 0.042067307692307696 0.03735189870855093 0.052884615384615384
1 0.1455491256900833 0.10096153846153846 0.05345590861103926 0.07692307692307693
1 0.7623031974831229 0.3233173076923077 0.14207850305739483 0.17548076923076922
1 0.906223050109345 0.3016826923076923 0.09919599886671658 0.1466346153846154
1 0.019230769230769232 0.6274038461538461 0.038461538461538464 0.22596153846153846
1 0.546875 0.6045673076923077 0.10336538461538461 0.18990384615384615