1 0.609375 0.5733173076923077 0.055288461538461536 0.03125
1 0.24879807692307693 0.35092817825230027 0.04807692307692308 0.05797201104860369
1 0.056490384615384616 0.3209632109809627 0.05048076923076923 0.07240907313949527
1 0.5396634615384616 0.5480769230769231 0.06009615384615385 0.08173076923076923
1 0.4338942307692308 0.5383031130971166 0.04326923076923077 0.05794404071297411
1 0.5324519230769231 0.18190535113136932 0.04326923076923077 0.05794404071297411
1 0.49158653846153844 0.19729260327851783 0.04326923076923077 0.06034788686682013
1 0.41947115384615385 0.19687304824407398 0.040865384615384616 0.06514159400669765
1 0.19230769230769232 0.24362837296249873 0.038461538461538464 0.057916070377344406
0 0.7115384615384616 0.4079553891182558 0.06490384615384616 0.08931990722330732
0 0.7319711538461539 0.43331464766006617 0.057692307692307696 0.08687410556601668
0 0.7223557692307693 0.4741240916041916 0.07211538461538461 0.09657340118829001
0 0.7319711538461539 0.5528846153846154 0.10817307692307693 0.07211538461538461
0 0.84375 0.5240384615384616 0.10096153846153846 0.12980769230769232
0 0.8725961538461539 0.43533470305415484 0.07211538461538461 0.10138109349598232
0 0.9555288461538461 0.4891826923076923 0.0889423076923077 0.14182692307692307
0 0.057692307692307696 0.9759615384615384 0.04807692307692308 0.04807692307692308
0 0.11778846153846154 0.9304430997395736 0.04807692307692308 0.07239508797168061
0 0.18870192307692307 0.9248460468054949 0.04567307692307692 0.07478494895771184
0 0.24879807692307693 0.8867341375393263 0.04567307692307692 0.07718879511155799
0 0.3137019230769231 0.8714867370703258 0.05048076923076923 0.07721676544718757
0 0.4098557692307692 0.8900749899367638 0.04326923076923077 0.07236711763605104
0 0.4735576923076923 0.8748205968838559 0.040865384615384616 0.06514159400669765
0 0.5396634615384616 0.8499648043833782 0.04567307692307692 0.06516956434232722
0 0.6069711538461539 0.813096773697577 0.05048076923076923 0.07962061160103372