1 0.10576923076923077 0.037259615384615384 0.21153846153846154 0.07451923076923077
1 0.4098557692307692 0.6862980769230769 0.13701923076923078 0.3293269230769231
0 0.5156568267669805 0.6388829643409544 0.046967283323935675 0.05641665174987956
0 0.5869734882339248 0.7187983617793385 0.07626717708124257 0.09944050303292548
0 0.6391769337853705 0.8330054333427831 0.07006419840735092 0.11327490722845823
0 0.7103365384615384 0.9314903846153846 0.15144230769230768 0.13701923076923078
0 0.6823039012144354 0.6465109338111085 0.04489962376597175 0.061028119815057055
0 0.7435767081461772 0.6682434629508983 0.0424957776121256 0.06083189557254238
0 0.7717839954668667 0.6956423142339443 0.05792741432284934 0.0764323179507075
0 0.7740955582967772 0.6432482594556155 0.03925146496857374 0.048616440560796934
0 0.8641557424170373 0.6494047454729925 0.036511432218845355 0.043612524010590084
0 0.8914972932566863 0.6815131769424736 0.04456343717008952 0.056220427507364744
0 0.8779229194982799 0.7437434182005366 0.07492243069771352 0.08020973380215625
0 0.9759615384615384 0.7752403846153846 0.04807692307692308 0.0985576923076923
0 0.9807692307692307 0.7223557692307693 0.038461538461538464 0.08413461538461539
0 0.9915865384615384 0.6574519230769231 0.016826923076923076 0.06490384615384616
0 0.9927884615384616 0.5576923076923077 0.014423076923076924 0.038461538461538464