0 0.4261855291559542 0.513415268692169 0.0640798530140707 0.09201746462321644
0 0.5491936795719957 0.4662736994442677 0.05138824905307533 0.08226222359594373
0 0.6238222269815322 0.4497676040493731 0.0502115959674874 0.06543530051902079
0 0.6781861753813175 0.43590311070853427 0.03768808530443329 0.0580839056455941
0 0.6962150215351637 0.4356933260907022 0.027064140901401856 0.04354894359300683
0 0.7488474969728673 0.4314721886476256 0.04026002475622056 0.060515723081818004
0 0.7278264781223811 0.4232964830093738 0.026896047603460878 0.04114509743916068
0 0.8207107416413403 0.4270272809455281 0.03494805255470491 0.0532482420555243
0 0.9002403846153846 0.33533653846153844 0.06009615384615385 0.055288461538461536
0 0.9735576923076923 0.33533653846153844 0.052884615384615384 0.055288461538461536
0 0.9915865384615384 0.33774038461538464 0.016826923076923076 0.06009615384615385
0 0.9747596153846154 0.4951923076923077 0.05048076923076923 0.10576923076923077
0 0.9879807692307693 0.5697115384615384 0.02403846153846154 0.10096153846153846
0 0.9711538461538461 0.6502403846153846 0.057692307692307696 0.0985576923076923
0 0.390625 0.34975961538461536 0.021634615384615384 0.03125
0 0.44044930942249494 0.3905533876634279 0.026559861007578515 0.03633740513146837
0 0.4129479019598702 0.4101198122827284 0.02896370716142467 0.03636537641384599
0 0.41194757884718847 0.44742138459091024 0.027064140901401856 0.04354894359300683
0 0.49841902705304947 0.37664693739902266 0.03992383816033833 0.05570803077412563
0 0.4692954632686488 0.3902177322748966 0.02571939451787281 0.0243181743622376
0 0.4580496856565232 0.3326093384297217 0.0263917677096374 0.033933558977622215
0 0.4276148821548937 0.3618331045879733 0.01593591660454708 0.021802443078881035
0 0.5375194320400521 0.35093104098321876 0.016272103200429308 0.026610135386573343
0 0.6124841660454711 0.3392326378960164 0.029299893757306898 0.041173068721538295
0 0.694332488591511 0.37436727788524765 0.02655986100757838 0.03633740513146837
0 0.6526266374864207 0.36282355891643625 0.02672795430551963 0.03874125128531452
0 0.6392879303249962 0.32689173737944316 0.018507856056334485 0.02423426051510474
0 0.6953328117041928 0.33706570557706594 0.016608289796311536 0.03141782769426565
0 0.6769425089631291 0.3493087066053175 0.016272103200429308 0.026610135386573343
0 0.7666665064875071 0.34225016813154185 0.0263917677096374 0.033933558977622215
0 0.7372067561072241 0.35101327069972343 0.018675949354275464 0.026638106668950962
0 0.7225062692459004 0.36441623788133176 0.018507856056334485 0.02423426051510474
0 0.7874353853910817 0.34682010453902445 0.023483641661967772 0.026694049233706132
0 0.8474474925882649 0.34491889940266124 0.018675949354275464 0.026638106668950893
0 0.8198032618190342 0.34524056915000373 0.018675949354275464 0.026638106668950893
0 0.8419503937724381 0.4039250153014024 0.01901213595015769 0.03144579897664327
0 0.8158695426673478 0.39219948299713653 0.018339762758393236 0.021830414361258585
0 0.5631547799089545 0.3734878666209811 0.0263917677096374 0.033933558977622215
0 0.5608014737377787 0.339834020467135 0.016272103200429308 0.026610135386573343
0 0.5730140677962857 0.32525710149098125 0.016104009902488194 0.024206289232727187
0 0.5901771774690912 0.32986899482203025 0.013700163748642179 0.024178317950349568