1 0.3955619313396477 0.09275038013783561 0.14630064412671212 0.1829212648305406
1 0.051682692307692304 0.10817307692307693 0.10336538461538461 0.21634615384615385
1 0.4519230769230769 0.05889423076923077 0.052884615384615384 0.11778846153846154
1 0.33494830876950815 0.046180622355879594 0.05623948513930006 0.08366148485170723
0 0.6368581395974775 0.215514371349454 0.11977442258727165 0.17478634063724904
0 0.9209866554864289 0.16296175400515608 0.10725170873524394 0.13109738908085797
0 0.8112980769230769 0.3173076923076923 0.13221153846153846 0.02403846153846154
0 0.037259615384615384 0.7019230769230769 0.07451923076923077 0.3125
0 0.1500348103241228 0.5821391033002977 0.19790026465258576 0.28083793829046044
0 0.19141682159817902 0.5247138952861283 0.14686006977426438 0.23099818790746368
0 0.38171226570531186 0.5649993298771092 0.14672021336237642 0.2189789571382329
0 0.4206730769230769 0.49399038461538464 0.11538461538461539 0.21394230769230768
0 0.5541170359398582 0.4469551553781414 0.03913284923860106 0.059035414211221084
0 0.6622596153846154 0.4254807692307692 0.15625 0.19230769230769232
0 0.7282700113230051 0.4422237990996599 0.034269214366153516 0.054059833588664605
0 0.7665916933726554 0.4315476748493425 0.029377608211328347 0.04668040681226197
0 0.8052770020932148 0.4521215505990251 0.03178145436517464 0.04676435096969405
0 0.8326694913210472 0.4314522930248787 0.04637235898251701 0.0616910928373635
0 0.8419632061890893 0.4041438388853763 0.026833905645594094 0.03457723188559911
0 0.9021292882411872 0.4122520582057938 0.034325156930908755 0.05886752589635691
0 0.9178941446530752 0.4248169259983331 0.029321665646573243 0.041872714504569655
0 0.9608976482397187 0.40349138237057225 0.034241243083775894 0.051655987434818446