1 0.4026442307692308 0.5649038461538461 0.10336538461538461 0.12980769230769232
1 0.473601913433529 0.11402522206621539 0.0781563592990451 0.12934025094127283
0 0.6899038461538461 0.078125 0.04326923076923077 0.09375
0 0.7296006895461509 0.1458934042227293 0.06373328237596845 0.12850020237199422
0 0.735950780091737 0.07546997101634692 0.0503151560183475 0.07972323882067232
0 0.743190064761656 0.32426804793942393 0.14882140101887403 0.24864509298252158
0 0.8007810683754991 0.20043440820501177 0.06896064336017761 0.14320329548483074
0 0.7907717387371803 0.10386053776652635 0.05561246178197621 0.09683017808735486
0 0.8389057447667313 0.14985992638591258 0.05575235134081534 0.10163787039504718
0 0.9507288120464141 0.24036491008755745 0.07376833566786992 0.14348331167459022
0 0.9639423076923077 0.30649038461538464 0.07211538461538461 0.2620192307692308
0 0.4951923076923077 0.6694711538461539 0.16346153846153846 0.07932692307692307
0 0.5841346153846154 0.6394230769230769 0.04807692307692308 0.019230769230769232
1 0.7415865384615384 0.6959134615384616 0.1466346153846154 0.13221153846153846