0 0.34615384615384615 0.26322115384615385 0.03365384615384615 0.055288461538461536
0 0.33413461538461536 0.06009615384615385 0.009615384615384616 0.03365384615384615
0 0.3510206547069383 0.1173100116024132 0.0209101832409044 0.037402438691221354
0 0.34842253388225014 0.09592753616470955 0.018058493351022165 0.027618960777895624
0 0.36826908825006893 0.08136163593502665 0.018170454285031185 0.030022806931741777
0 0.37117013075226046 0.17340543296428018 0.03427294521824328 0.0670890590270809
0 0.387104680284459 0.13994495009971034 0.0209101832409044 0.037402438691221354
0 0.405291526057276 0.2896222781636361 0.03930455939395362 0.07223293793065544
0 0.44233053350122087 0.24030992534348977 0.033825101482207263 0.05747367441169615
0 0.41882554336297595 0.20481528958725617 0.028569565438478942 0.04752210320042931
0 0.4356821136370751 0.17728037545833117 0.025717875548596707 0.037738625287103714
0 0.40642107717940884 0.11104001959592108 0.017946532417013213 0.02521511462404947
0 0.3890936438267928 0.07151938136406545 0.013250801043329857 0.027282774182013397
0 0.44360169275453887 0.032965559578591375 0.017946532417013144 0.02521511462404947
0 0.43048587198769883 0.13451542458292381 0.020686261372886358 0.03259474638352904
0 0.45243003690451283 0.10063470847350112 0.018170454285031185 0.030022806931741777
0 0.47495702583385263 0.13140569857101286 0.020574300438877407 0.03019090022968289
0 0.46972782305995275 0.16651360774869384 0.02079822230689538 0.0349985925373752
0 0.4800116593520439 0.20293275664360358 0.02605375835062377 0.04495016374864218
0 0.4893438277050584 0.25978459784620556 0.03678875230609845 0.06966099847886817
0 0.5253192062759177 0.23330878348759768 0.02901740917451489 0.057137487815813924
0 0.5294584469069036 0.1958810748050412 0.02605375835062377 0.04495016374864218
0 0.5082453419884957 0.16262219190471267 0.0209101832409044 0.037402438691221354
0 0.5171362944601694 0.12606021970319695 0.018170454285031185 0.030022806931741777
0 0.5231755570419608 0.09928172541500703 0.018170454285031185 0.030022806931741777
0 0.5154931555019054 0.032730452948049764 0.013250801043329857 0.027282774182013327
0 0.5642978246498871 0.013743586989227183 0.015542686263167127 0.025047021326108358
0 0.5780458220415624 0.07867270313440848 0.018170454285031185 0.030022806931741777
0 0.573962561877581 0.11489848874004191 0.02079822230689538 0.0349985925373752
0 0.5607677413012556 0.14097933984513217 0.02079822230689538 0.0349985925373752
0 0.5753554456979985 0.1878796098364673 0.023314029394750555 0.037570531989162465
0 0.5768339571825964 0.23330054681263254 0.034049023350225235 0.062281366719388595
0 0.6048437179510303 0.19779767438143395 0.03142125532836104 0.05730558111375517
0 0.619605991603482 0.13806297712249754 0.0209101832409044 0.037402438691221354
0 0.6081202322344678 0.10172787487655842 0.018394376153049227 0.034830499239434085
0 0.6323003019041143 0.07128483469996379 0.01794653241701328 0.02521511462404947
0 0.6262019230769231 0.009615384615384616 0.016826923076923076 0.019230769230769232
0 0.6534903874800413 0.02787278062412705 0.013250801043329994 0.027282774182013397
0 0.6788920856417442 0.1255312297844783 0.023314029394750555 0.037570531989162465
0 0.6561641941868672 0.17623886897082414 0.028457604504469786 0.045118257046583156
0 0.6618905933091124 0.23334285012033779 0.03656483043808041 0.06485330617117586
0 0.6907104138854379 0.20616939257863023 0.031197333460343 0.05249788880606287
0 0.7128225202032653 0.16868290723843826 0.02113410510892244 0.04221013099891366
0 0.6896567267943949 0.07446213401091512 0.01576660813118503 0.029854713633800663
0 0.703125 0.013221153846153846 0.016826923076923076 0.026442307692307692
0 0.7378489247326746 0.01718182288849515 0.01554268626316699 0.025047021326108358
0 0.7167411528935808 0.08454829185382287 0.020574300438877337 0.03019090022968289
0 0.7471777791583415 0.1255482631008484 0.023425990328759576 0.039974378143008624
0 0.7304858363579084 0.20099200700875536 0.02890544824050587 0.05473364166196777
0 0.7577382038581076 0.2074723956208939 0.03416098428423426 0.06468521287323462
0 0.7753225202032653 0.1643124814919689 0.023425990328759576 0.039974378143008624
0 0.8003653162204605 0.19251153213769337 0.033825101482207194 0.05747367441169629
0 0.7683678647342684 0.08213620902501166 0.018170454285031185 0.030022806931741777
0 0.7947838391567477 0.05513084478124515 0.01576660813118517 0.029854713633800663
0 0.8293269230769231 0.004807692307692308 0.019230769230769232 0.009615384615384616
0 0.8167806706132186 0.07156280460465059 0.018282415219040067 0.03242665308558793
0 0.8048141063836448 0.12271594702718434 0.025829836482605863 0.04014247144094987
0 0.8369004994613647 0.15401648700985462 0.025941797416614613 0.042546317594796025
0 0.8585877813856371 0.2028163232612126 0.03908063752593559 0.06742524562296313
0 0.872846230835048 0.1538989336945838 0.020910183240904264 0.037402438691221354
0 0.848363239487898 0.11368065227962856 0.023537951262768458 0.042378224296854776
0 0.8597699990474269 0.07454674062632559 0.023090107526732375 0.03276283968147016
0 0.8731887414917703 0.043658197213543026 0.025158070878551743 0.02571939451787281
0 0.8969736339650377 0.07314321758516112 0.01817045428503132 0.030022806931741777
0 0.9076493335261605 0.10114890494160934 0.025829836482605863 0.040142471440949734
0 0.9050182515769486 0.15763928955699397 0.02845760450447006 0.045118257046583156
0 0.9617292441330036 0.20039600375743627 0.046292175987474045 0.06792952551678647
0 0.9527329585820161 0.13633262409329575 0.02845760450447006 0.045118257046583156
0 0.9762149293777802 0.09515632287336405 0.020910183240904264 0.037402438691221354
0 0.9487123067397346 0.06832728860250377 0.020574300438877476 0.03019090022968289
0 0.9423076923076923 0.007211538461538462 0.014423076923076924 0.014423076923076924
0 0.9951923076923077 0.16346153846153846 0.009615384615384616 0.057692307692307696
1 0.27110427976279416 0.8428865033847188 0.09828773175471256 0.15542600686022454
1 0.31490384615384615 0.7992788461538461 0.028846153846153848 0.20432692307692307
1 0.1169189291872656 0.9123706119242408 0.08867234713932795 0.15475363366845996
1 0.01201923076923077 0.9266826923076923 0.02403846153846154 0.1466346153846154
1 0.03697622097329305 0.931138844602452 0.07061385378830565 0.12713467289056432
0 0.5403383629209109 0.6816178545049403 0.04640413692148307 0.07033337167063262
0 0.5942009795144314 0.6826434476089571 0.0418203664818088 0.07480487738244271
0 0.637358249349653 0.682021614399863 0.0513237901631844 0.073073404420361
0 0.6644723226460149 0.6657495111994335 0.03108537252633412 0.050094042652216716
0 0.6877533909162418 0.7060518392633595 0.05484724565712075 0.09727995925676379
0 0.7171330161626123 0.666859150952421 0.0412605618117637 0.06278564661321194
0 0.7850005131403497 0.6501333078408386 0.03097341159232496 0.04769019649837056
0 0.8165304154753721 0.6419384795829886 0.03589306483402656 0.05043022924809894
0 0.8524464996518795 0.6681791873110547 0.041372522745772994 0.06518949276705809
0 0.866537007700277 0.6228675669751953 0.02845760450447006 0.045118257046583156
0 0.9044947219587747 0.6309953819004449 0.03360117961418915 0.05266598210400398
0 0.9304068721782135 0.6148073253489861 0.025941797416614613 0.042546317594795956
0 0.9200867608342512 0.7077756355169158 0.06479851307453216 0.10516387091006671
0 0.9687827829755714 0.6396780167021882 0.03874475472390852 0.06021370716142467
0 0.9891826923076923 0.6189903846153846 0.021634615384615384 0.04567307692307692