1 0.056490384615384616 0.35216346153846156 0.11298076923076923 0.21394230769230768
0 0.5204326923076923 0.3786057692307692 0.021634615384615384 0.040865384615384616
0 0.6123428413848971 0.3748741347132516 0.019440546747991158 0.036729245567149
0 0.7049748293148628 0.3636829078513099 0.021830407734022526 0.034409343570734933
0 0.7687117153113229 0.35989781263864484 0.019426561580176374 0.03432539941330285
0 0.8288358394931064 0.35718872426675463 0.026666070377344545 0.03938492419329142
0 0.9189870628462445 0.35913470709353484 0.021830407734022665 0.034409343570734933
0 0.935855941426612 0.3525107777340209 0.02426222422349839 0.03930098003585933
0 0.8317307692307693 0.43509615384615385 0.038461538461538464 0.04807692307692308
0 0.7860576923076923 0.4411057692307692 0.03365384615384615 0.036057692307692304
0 0.6201923076923077 0.4495192307692308 0.02403846153846154 0.019230769230769232
0 0.640625 0.44711538461538464 0.026442307692307692 0.02403846153846154
0 0.6658653846153846 0.45072115384615385 0.028846153846153848 0.016826923076923076
0 0.7247596153846154 0.43990384615384615 0.03125 0.038461538461538464
1 0.363000945627342 0.5853786124390539 0.14543349366284167 0.21176741867669438
1 0.04447115384615385 0.7163461538461539 0.0889423076923077 0.21634615384615385
1 0.1788200189179079 0.6282357305493455 0.11176566234118085 0.20818835431879906
0 0.9447115384615384 0.47475961538461536 0.04807692307692308 0.03125
0 0.7248201445743339 0.6468827202169005 0.03397550501358637 0.05646367974251076
0 0.6673446069831553 0.6076084450539151 0.029083901699005345 0.041872714504569655
0 0.649364708916661 0.5985654023347129 0.029139842370264492 0.05148809911995427
0 0.5685002187352597 0.6534455807530457 0.03640732150306224 0.061355316207635284
0 0.53125 0.6850961538461539 0.04326923076923077 0.08653846153846154
0 0.5276442307692307 0.6418269230769231 0.036057692307692304 0.0625
0 0.559164537476171 0.6050328810463943 0.024276209391313038 0.04170482618970549
0 0.5892265995670628 0.6036783368604492 0.024262224223498254 0.03930098003585933