1 0.06009615384615385 0.016826923076923076 0.08653846153846154 0.03365384615384615
1 0.17538192913118825 0.23694660940590742 0.07900720983097095 0.10191652032796264
1 0.2833616427649889 0.21754127091942949 0.07554426390680782 0.12092336769071384
1 0.3984941182026925 0.21577291531776616 0.08823586786780305 0.13109855697614356
0 0.6262019230769231 0.29447115384615385 0.016826923076923076 0.0985576923076923
0 0.6442307692307693 0.4014423076923077 0.052884615384615384 0.11057692307692307
0 0.6947115384615384 0.5012019230769231 0.15384615384615385 0.15625
0 0.6982014342763565 0.20796878921061127 0.04506771706391287 0.06199948972430706
0 0.7572890283348637 0.2195928427834629 0.0424957776121256 0.05948368263645188
0 0.7832523261246831 0.24234375358082083 0.06033126047669549 0.07469048609759181
0 0.7917580709870803 0.1892352163281874 0.041823404420361004 0.049868298021067264
0 0.8821544417032228 0.18143091207208026 0.036511432218845355 0.042432837691510766
0 0.9065796298202369 0.20904549564413494 0.04473153046803064 0.05719179741661461
0 0.8852982343478739 0.27353114525912114 0.0774943701495008 0.08028190494334726
0 0.9771634615384616 0.2860576923076923 0.04567307692307692 0.09615384615384616
0 0.9867788461538461 0.23197115384615385 0.026442307692307692 0.08413461538461539
1 0.21324634440852777 0.9030095826194816 0.04713537662187679 0.05730375835062377
1 0.030646320040155696 0.8588019396205646 0.04814393640952361 0.07172683527370069
1 0.5256282311268171 0.7530851972420384 0.04232768431418448 0.05707983648260573
1 0.4827204569448037 0.7670637443564269 0.04009193145827958 0.05937172170244286
1 0.41127744552118356 0.7608071877613126 0.040428118054161806 0.06417941401013517
1 0.17907942171945324 0.79198812973387 0.035116145852646025 0.05674395368057867
0 0.6936118152828359 0.9521370570090522 0.034275679362940355 0.044724722911347894
0 0.7276018480325643 0.9457619116252337 0.037351898708551 0.054452068460741535
0 0.7841510093055842 0.9251579639891804 0.029299893757306898 0.0420969548894837
0 0.8084668807822927 0.9372035280282395 0.04540390365979516 0.06680718203199923
0 0.8550897408353809 0.9386260590458331 0.04232768431418448 0.05707983648260573
0 0.8781784192438311 0.9339566609419782 0.03494805255470491 0.05434010752673251
0 0.9518319135320211 0.925734160147011 0.05071587586131088 0.07424264236155573
0 0.9704238162373261 0.8997100489935632 0.03220801980497639 0.04942045428503118
0 0.9903846153846154 0.9230769230769231 0.019230769230769232 0.052884615384615384