1 0.36177884615384615 0.2692307692307692 0.07451923076923077 0.10096153846153846
0 0.4879807692307692 0.08533653846153846 0.1778846153846154 0.17067307692307693
0 0.6742788461538461 0.02403846153846154 0.13221153846153846 0.04807692307692308
0 0.9266826923076923 0.07692307692307693 0.1466346153846154 0.15384615384615385
1 0.9891826923076923 0.5552884615384616 0.021634615384615384 0.10576923076923077
1 0.46274038461538464 0.42788461538461536 0.07451923076923077 0.07692307692307693
1 0.7398331534942311 0.463615738870027 0.06222225917670944 0.09379488446901509
1 0.5883069205915068 0.4538391684696475 0.0498673275658121 0.07888206142136589
1 0.6665717959422012 0.4630321336639825 0.06216630903643177 0.09139103831516894
1 0.7993428358065174 0.49245780257273875 0.057414566869017136 0.09359898601918623
1 0.8422493956029918 0.5302296063164339 0.05473097001378208 0.0814818060250409
1 0.7668629376594555 0.48993356495947055 0.04992327770608977 0.08128590757521205
1 0.91964804871843 0.5537966738213884 0.059594612461752336 0.08408155062871604
1 0.8741987723564641 0.5615510231633986 0.05473097001378208 0.08148180602504104
1 0.9723557692307693 0.5673076923076923 0.055288461538461536 0.08173076923076923