1 0.2668269230769231 0.1875 0.32211538461538464 0.3605769230769231
0 0.515625 0.027644230769230768 0.08413461538461539 0.055288461538461536
0 0.6165865384615384 0.039663461538461536 0.08413461538461539 0.07932692307692307
0 0.7223557692307693 0.020432692307692308 0.0889423076923077 0.040865384615384616
0 0.859375 0.039663461538461536 0.08413461538461539 0.07932692307692307
0 0.96875 0.055288461538461536 0.0625 0.11057692307692307
0 0.025240384615384616 0.7139423076923077 0.05048076923076923 0.25961538461538464
0 0.11406723929738344 0.6691344132196921 0.12858937774298354 0.18518592278418403
0 0.20449468632898432 0.6150172522367618 0.07178612966805271 0.09889642445145068
0 0.22962311001035993 0.6184495652522096 0.04914386587735628 0.07638026604260517
0 0.4043860749521133 0.4858829340731442 0.03097341159232496 0.04684846762205033
1 0.4879807692307692 0.7079326923076923 0.1201923076923077 0.18990384615384615
1 0.8406808379478427 0.6698792042107315 0.11053088439196138 0.15805797051747505
1 0.662664556214085 0.5361841654278531 0.11785438378750886 0.16075566434606464
1 0.9747596153846154 0.6225961538461539 0.05048076923076923 0.125
1 0.7943986037424113 0.5776780397182973 0.09236043010693006 0.12852617209692022