1 0.04447115384615385 0.22355769230769232 0.0889423076923077 0.25
1 0.4831730769230769 0.13942307692307693 0.21153846153846154 0.25961538461538464
1 0.8072070399738405 0.23583196794339026 0.08802978116382706 0.12352258133939892
1 0.9735576923076923 0.3173076923076923 0.052884615384615384 0.08653846153846154
1 0.038461538461538464 0.7367788461538461 0.07692307692307693 0.21875
1 0.2538968261828372 0.7892471237781508 0.11496578819149515 0.17979053512700502
1 0.13151519674288553 0.6739196632928769 0.06235357652277047 0.09129308909025444
0 0.6052737414314793 0.7693633240116688 0.028332011272225007 0.03713513378175129
0 0.6155871281691424 0.7601887109083993 0.023524318964532834 0.036939235331922296
0 0.6566414831425187 0.7654596169627141 0.03301372334125629 0.03492718607773399
0 0.6592394104639987 0.7463757715693167 0.023398338725871673 0.034535389178076276
0 0.691308282015296 0.7632741114932045 0.02567620464105639 0.03222949224914455
0 0.7211673885803814 0.7608927075738658 0.030735857426071024 0.03723308300666572
0 0.7669085664324309 0.7411681020750822 0.025802184879717825 0.0346333384029907
0 0.7934768543633998 0.7446493897029872 0.025928165118378716 0.03703718455683686
0 0.829534546671092 0.7461186280767039 0.03086183766473246 0.03963692916051187
0 0.884954099257857 0.7279877425545013 0.02833201127222487 0.03713513378175129
0 0.9232266673614036 0.7259491609223633 0.03566952997242477 0.039832827610340724
0 0.95776748599552 0.7213598092990073 0.025802184879717825 0.0346333384029907
0 0.9744054387144513 0.7184396846426393 0.018086725463534712 0.02472410611286267
0 0.8352922015783851 0.7415558088312978 0.020490571617380864 0.024822055337777097