1 0.037259615384615384 0.21995192307692307 0.07451923076923077 0.3581730769230769
0 0.8016826923076923 0.14783653846153846 0.04567307692307692 0.0985576923076923
0 0.8123055167778439 0.11012909142957589 0.05004350266954628 0.06489362453456196
0 0.8769824929761134 0.09316085568506544 0.0370157121126687 0.04984064641817936
0 0.9063581967074258 0.08512022405294523 0.04215959101624323 0.054900299203193996
0 0.9477025912252988 0.11123735952931589 0.0502115959674874 0.06729747068840812
0 0.9517203570259556 0.06594222332222238 0.03444377266088157 0.047310820025672044
0 0.984375 0.0733173076923077 0.03125 0.055288461538461536
0 0.025240384615384616 0.9026442307692307 0.05048076923076923 0.1466346153846154
0 0.1399679802252858 0.8249090535081239 0.12441111349076604 0.16938260967861288
0 0.18669192024371473 0.7567041671008773 0.08225152247452282 0.11448231047541887
0 0.28356044289703064 0.6863371733978225 0.06374366641818832 0.08956198726632933
0 0.33527664187102324 0.7237755375211455 0.0755442639068077 0.12131590822097398
0 0.34124451391437327 0.6378669771759898 0.05619594136076764 0.08437635424265352
0 0.39953338482444 0.7007976863920196 0.05843169421667282 0.08209848832746854
0 0.4402218795004785 0.8202868811524068 0.13056355218198754 0.1888653393867044
0 0.4252698126586829 0.6578382954097997 0.056364034658708886 0.08678020039649968
0 0.42788461538461536 0.5528846153846154 0.052884615384615384 0.0673076923076923
0 0.5192972225969298 0.6495933609907615 0.06681988576379921 0.0993033521203751
0 0.5021423495990895 0.6953975289621417 0.09080780731959046 0.13409102042217158
0 0.6594426527280016 0.8042328323400023 0.1716640434279138 0.26287042758200635
0 0.648491318370493 0.664746765297595 0.07419951752327865 0.10208513899020474
0 0.703401290005367 0.7478582063439949 0.08001576961861791 0.11676017639060386
0 0.5673076923076923 0.5324519230769231 0.057692307692307696 0.026442307692307692