1 0.5432692307692307 0.16105769230769232 0.2692307692307692 0.32211538461538464
0 0.9831730769230769 0.9026442307692307 0.03365384615384615 0.05048076923076923
0 0.9203666631692736 0.9556735347596959 0.04880798307532949 0.07103595291547102
0 0.9171264239377076 0.9216272401208203 0.03315333587815307 0.04341629976807527
0 0.8681011468490554 0.8862565310280123 0.03097341159232496 0.0480277678332529
0 0.8221251482484752 0.8113204725180001 0.0306375287902979 0.04081622937171458
0 0.7764423076923077 0.9603365384615384 0.052884615384615384 0.07932692307692307
0 0.7115384615384616 0.9867788461538461 0.0673076923076923 0.026442307692307692
0 0.4613440087186673 0.9157908582855477 0.03555718203199936 0.043612524010589945
0 0.4916423407795907 0.9387744657459309 0.03885671565791755 0.06303951748387385
0 0.47344886715207857 0.8890296366076331 0.030749489724307057 0.04322007552556073
0 0.5733467767405315 0.9201075932547877 0.04321656422957377 0.05381658135351859
0 0.5714204215198974 0.8837555645833233 0.025493953680578805 0.03321224242514676
0 0.6683283470146306 0.9013180310205521 0.0283456435704609 0.043023851283045915
0 0.6788953995690918 0.8816702356829185 0.0209101832409044 0.03762748624780972
0 0.7432954215198974 0.8977855979231222 0.028457604504469786 0.045427697436892074
0 0.7683382175370924 0.9299921415138606 0.038408871921881464 0.05342413286848924