1 0.19110576923076922 0.2091346153846154 0.38221153846153844 0.4182692307692308
1 0.5192307692307693 0.1346153846153846 0.2403846153846154 0.2692307692307692
1 0.7067307692307693 0.06490384615384616 0.11538461538461539 0.12980769230769232
1 0.5915566418558291 0.9123284952631057 0.06742628109639635 0.10868021505346502
1 0.51659288127791 0.8738439374590864 0.062282705986677116 0.10124475472390852
1 0.4094537860307427 0.8824319682532568 0.05965493796481292 0.09632510148220733
1 0.23514860660706802 0.8653647318205298 0.038632793789899575 0.05696787554859671
1 0.2870255735856023 0.884536206656947 0.041372522745772716 0.06429137494414419
1 0.34672986416272467 0.8901506448451832 0.038968676591926564 0.06417941401013517
1 0.3713841108382357 0.8758098816589392 0.03416098428423426 0.06395549214211727
1 0.6983173076923077 0.6057692307692307 0.11778846153846154 0.1346153846153846
1 0.8581730769230769 0.6213942307692307 0.20192307692307693 0.1658653846153846