1 0.2220022984257159 0.38532971679116906 0.08031225024205554 0.11027142030566221
1 0.5060096153846154 0.3858173076923077 0.08413461538461539 0.10817307692307693
1 0.4311548451856241 0.4070748849903761 0.07259011682265801 0.07166999228528462
1 0.6329854264156837 0.40587093935865515 0.07051471305718934 0.10758779503413808
1 0.9249064442890955 0.4480930209913912 0.04778718225568458 0.09253521509628548
1 0.7299768905074898 0.4135113952328376 0.05499872071722291 0.09274504943454404
1 0.7777985161054832 0.4341760324417067 0.05314133227182151 0.09988664311666294
1 0.8192103584293127 0.4281535552302999 0.06144578615024935 0.11451955437799856
1 0.8663227245329493 0.3945917644187916 0.04982672327056757 0.0877974675680126
1 0.9747596153846154 0.4483173076923077 0.05048076923076923 0.09375
1 0.8973532898046054 0.44608673295114376 0.04075779636362757 0.09472922691187308
1 0.3019101225533928 0.604508634203813 0.06552486818001545 0.10504405932145279
1 0.9093366578232506 0.7727742518823792 0.0960821206526748 0.0651579016179414
1 0.6153581675596629 0.7100145607728217 0.07371889499013314 0.05491301398778111
1 0.9018726606993357 0.6328265891136561 0.07798012958938062 0.04784136508508178
1 0.6241165834535182 0.7692934878288598 0.0977573565285946 0.05561246178197621