1 0.46153846153846156 0.0673076923076923 0.09615384615384616 0.1346153846153846
1 0.055288461538461536 0.1141826923076923 0.11057692307692307 0.2283653846153846
1 0.37944373624330435 0.16319784946534932 0.10222121409430138 0.21064940192108467
1 0.08198085028682248 0.3496277708865208 0.12187260189971465 0.216352781700849
1 0.6412526577252131 0.14286735445857554 0.055858366707834506 0.0911815263724879
1 0.7880071384038454 0.16499585226418867 0.04675404466039869 0.06921102818584551
1 0.9759615384615384 0.18870192307692307 0.04807692307692308 0.09375
1 0.26072468360783435 0.6392746627882444 0.10889226868717923 0.17744339950327453
1 0.1458500407455835 0.7194479207249302 0.08221023040683743 0.11874344340488573
1 0.4879807692307692 0.7764423076923077 0.04326923076923077 0.11057692307692307
1 0.9108566434428054 0.8346415753660512 0.11442133285014222 0.15854851307453244