1 0.8401442307692307 0.078125 0.31971153846153844 0.15625
1 0.6237980769230769 0.15625 0.27163461538461536 0.3125
1 0.22804864401634067 0.6228080107392102 0.10383864071217672 0.14943240656139578
1 0.13822115384615385 0.5564903846153846 0.09375 0.11298076923076923
1 0.515625 0.8485576923076923 0.055288461538461536 0.11538461538461539
1 0.8015600328762822 0.8557198060168631 0.05792382493106164 0.09769263130107533
1 0.9675480769230769 0.8197115384615384 0.06490384615384616 0.10576923076923077
1 0.6029907647066521 0.8451416694070611 0.0651353633926001 0.0979024656393339
1 0.6541644252500578 0.8598316636210247 0.06298347771607628 0.10264021316760664
1 0.6931979855952135 0.848966521712216 0.07107687784824289 0.11967697058278827
1 0.730782773195766 0.8104571490341763 0.057545884215078155 0.09048109283953688
1 0.8588743998526064 0.8501869422613928 0.0725988623314609 0.10291999228528462
1 0.7740417823457126 0.8573192872073848 0.048308440315677034 0.09741285218339736