1 0.19951923076923078 0.06129807692307692 0.11057692307692307 0.12259615384615384
1 0.1980305993536377 0.7477504957676508 0.050039553349428306 0.09507895080897064
1 0.3747989193255105 0.7150002961007959 0.06239466692068628 0.10264021316760664
1 0.43554050550589 0.6736231874665564 0.05920709422877698 0.085743345311264
1 0.014423076923076924 0.7331730769230769 0.028846153846153848 0.09615384615384616
1 0.050306021826108265 0.7496482535481045 0.05507116752513866 0.10002653267550207
1 0.09036134663360137 0.7400807031492211 0.06306643252474012 0.11706329009068356
1 0.13542195234697635 0.7003601586581314 0.049703670547401387 0.08786741234743217
1 0.2558908484469589 0.7424660518308135 0.06697843736036055 0.09797241041875346
1 0.17038636858440695 0.7485548607309751 0.04282801488788985 0.09486911647071221
1 0.7600170115175066 0.5549053557875208 0.20048746834504527 0.28430184664087554