1 0.3043918080880157 0.14510293137635932 0.26309608869097 0.18814502362531288
1 0.08216889795148709 0.5518661897737748 0.04858038911825579 0.08709788718601366
1 0.4766304224512004 0.5167900185452409 0.04866430012514464 0.10152096410909059
1 0.5426452880911735 0.5331842288106251 0.043772696810563345 0.08704194462125842
1 0.019230769230769232 0.5649038461538461 0.038461538461538464 0.08653846153846154
1 0.41765228067508087 0.5305277990500664 0.05098423527210194 0.08712585846839128
1 0.15457797109098237 0.5022245590143338 0.048566403950440935 0.0846940410321675
1 0.2277554271051421 0.5271161446653123 0.04859437428607057 0.08950173333985981
1 0.2962370721541279 0.5327210185207665 0.03890906383161189 0.07737061744111856
1 0.3527624196890496 0.5273687282720249 0.04859437428607057 0.08950173333985981
1 0.5817307692307693 0.5420673076923077 0.014423076923076924 0.0889423076923077
1 0.9783653846153846 0.47716346153846156 0.04326923076923077 0.12740384615384615
1 0.9639423076923077 0.8125 0.07211538461538461 0.11057692307692307