1 0.06850961538461539 0.03365384615384615 0.07932692307692307 0.0673076923076923
1 0.010817307692307692 0.040865384615384616 0.021634615384615384 0.057692307692307696
1 0.16826923076923078 0.04326923076923077 0.07211538461538461 0.08653846153846154
1 0.32211538461538464 0.03365384615384615 0.12980769230769232 0.0673076923076923
1 0.35106362505561467 0.10306238076781231 0.053882235674620506 0.06813880083482414
1 0.4546282016482752 0.06777307335945874 0.08284414814015133 0.11791022398273572
1 0.47612661517494526 0.11227466781668113 0.05741990397641699 0.08992746168043854
1 0.6033653846153846 0.14903846153846154 0.07211538461538461 0.13942307692307693
1 0.6983173076923077 0.32211538461538464 0.11778846153846154 0.2692307692307692
1 0.8374645304934774 0.21023784700570827 0.09245953275553595 0.11852640582673174
1 0.8990384615384616 0.02283653846153846 0.04807692307692308 0.04567307692307692
1 0.9169532094765562 0.05840858325524709 0.04148506418940624 0.060157035068291
1 0.6045673076923077 0.953125 0.06971153846153846 0.09375
1 0.7786384006532192 0.6685339842405672 0.05375625543595948 0.065734954680978
1 0.968632451378232 0.8424240319306038 0.055782160873821866 0.05867746168043853