1 0.11520772051233934 0.3002209525753324 0.06199845861559835 0.08593310167929748
1 0.20269632949647395 0.3049028548927888 0.06160680763365383 0.0691061786023744
1 0.30203732376805514 0.26435718352335624 0.04729563099113253 0.07290531112242003
1 0.3330914982770829 0.2705854321885831 0.04209628770149584 0.05574220144961459
1 0.39254523044909145 0.24242868485056385 0.0646261053305556 0.09571657959262335
1 0.4898450495395829 0.23802475243779422 0.06177465805448726 0.07631771706391287
1 0.5612980769230769 0.21634615384615385 0.016826923076923076 0.0625
1 0.961363576544284 0.28902683487875697 0.04746348141196595 0.0801168495839585
1 0.11132521539732879 0.6364155508093865 0.04729563099113253 0.07290531112241996
1 0.30958657294935865 0.6249516998830894 0.06468205547083354 0.09812042574646943
1 0.5865384615384616 0.7067307692307693 0.03365384615384615 0.07211538461538461