1 0.07572115384615384 0.17908653846153846 0.15144230769230768 0.3581730769230769
1 0.078125 0.30528846153846156 0.15625 0.10576923076923077
1 0.18870192307692307 0.3016826923076923 0.13221153846153846 0.11298076923076923
1 0.2920673076923077 0.296875 0.0985576923076923 0.12259615384615384
1 0.4495192307692308 0.3004807692307692 0.12980769230769232 0.11538461538461539
1 0.36899038461538464 0.328125 0.05048076923076923 0.06009615384615385
1 0.49260525506835556 0.26422883634139127 0.07829671785367467 0.11425602844103175
1 0.5829326923076923 0.13221153846153846 0.05048076923076923 0.14903846153846154
1 0.7853059734802144 0.14705322842014296 0.06619354292701182 0.11087106107461221
1 0.9482791142030025 0.11337539974271046 0.09207877592897927 0.1657179188843743
1 0.9011789866035801 0.15796904496587377 0.07125306770700025 0.11847504802117996
1 0.5024038461538461 0.5432692307692307 0.11057692307692307 0.21634615384615385
1 0.31407579129715735 0.4660042491673749 0.14415448415095802 0.21551170490025923
1 0.8389918369498452 0.7462003869197109 0.1261218084583015 0.11096897482978654