1 0.15588476076666424 0.38749069686363186 0.17022710094708662 0.28931273527431406
1 0.25841346153846156 0.35216346153846156 0.12259615384615384 0.25721153846153844
1 0.30649038461538464 0.45913461538461536 0.026442307692307692 0.17307692307692307
1 0.028846153846153848 0.40384615384615385 0.057692307692307696 0.11538461538461539
1 0.07491218178728878 0.41679822478366807 0.05169342500290679 0.10575900914994658
1 0.8353664933967214 0.4500366941504106 0.05057336024386876 0.08652823991917735
1 0.4577419024053411 0.32360159343110806 0.03150630764886944 0.047184839787010886
1 0.16301331933508736 0.8464602355348405 0.0923950929825217 0.14623623143006365
1 0.0904553234694038 0.7527885580830973 0.08434350595170456 0.13143521379100312
1 0.734375 0.609375 0.09375 0.06009615384615385
1 0.9290865384615384 0.6310096153846154 0.11778846153846154 0.10336538461538461