1 0.6767612134409725 0.3636413895290724 0.08986532876808426 0.16591414312688904
1 0.9000531875601836 0.3362171671598597 0.1506607410049778 0.2910120568820634
1 0.9759615384615384 0.30288461538461536 0.04807692307692308 0.25961538461538464
1 0.4542795776998701 0.32385603171185007 0.08757336395675647 0.18494868811514345
1 0.5310278400252622 0.30008713054924246 0.11906111180960803 0.22836498788321885
1 0.6056799298887334 0.3290066205287357 0.05586185341886818 0.10307084988552973
1 0.7232725990777878 0.30496776225810834 0.05601569026483096 0.1295131575778374
1 0.770413317266269 0.3544672119102214 0.055945764425757036 0.11749392680860665
1 0.8185321958466363 0.36560323522205324 0.046260453971298215 0.10468979906931718
1 0.09134615384615384 0.9002403846153846 0.18269230769230768 0.19951923076923078
1 0.2439903846153846 0.8473557692307693 0.17067307692307693 0.30528846153846156