1 0.2807787092007825 0.2903155071350868 0.06328021445669499 0.0929548837728026
1 0.04996425643489935 0.29678698976725804 0.05712022243176635 0.1047642802037748
1 0.11733188138960014 0.31313354812437144 0.05084036511282045 0.0877974675680126
1 0.009615384615384616 0.3088942307692308 0.019230769230769232 0.0889423076923077
1 0.1757602715875345 0.3232256843689012 0.05805190357435864 0.08800730190627129
1 0.2200064054960105 0.2945415306445047 0.05564805742051249 0.08793735712685173
1 0.8545673076923077 0.078125 0.14182692307692307 0.15625
1 0.9340244465312669 0.0826919306893199 0.07593037308789154 0.10051614613143847
1 0.7860576923076923 0.08653846153846154 0.10096153846153846 0.17307692307692307
1 0.7920673076923077 0.9350961538461539 0.0985576923076923 0.12980769230769232
1 0.5637019230769231 0.5588942307692307 0.040865384615384616 0.021634615384615384