1 0.20005726698774454 0.20904415057814413 0.10952819469049703 0.16639921919715783
1 0.3629807692307692 0.17307692307692307 0.052884615384615384 0.2932692307692308
1 0.016826923076923076 0.1778846153846154 0.03365384615384615 0.18269230769230768
1 0.06610576923076923 0.15144230769230768 0.13221153846153846 0.22596153846153846
1 0.13451329802130838 0.1773487582480442 0.06779117002376858 0.10278010272644576
1 0.25482647514263507 0.14864610705139386 0.06930293288770255 0.1316262565725996
1 0.2955131110193122 0.19666594717568883 0.06854705145573557 0.11720317964952269
1 0.34182119994533705 0.20611933166931612 0.055897919493198986 0.10483422498319438
1 0.5696673311771507 0.04901915504428855 0.06450546219929429 0.08588323487010313
1 0.3452584420566828 0.6119460499021346 0.0744987875306624 0.09337455244931957
1 0.5300480769230769 0.6334134615384616 0.28125 0.2668269230769231