1 0.13909400012469736 0.2287557165476543 0.04959170961339236 0.08546356619358601
1 0.0724020929540546 0.24001841657006187 0.054399401921084604 0.08560345575242514
1 0.453125 0.22355769230769232 0.01201923076923077 0.08653846153846154
1 0.21137401221374785 0.18284708163273608 0.049479748679383345 0.08305972003973985
1 0.28472096710323164 0.21138773270762906 0.049815631481410404 0.09027125850127832
1 0.35356646528987407 0.2205926973826235 0.03964044219598069 0.07797224861436956
1 0.40988890850424514 0.2186306304682128 0.049815631481410404 0.09027125850127832
1 0.6454326923076923 0.5132211538461539 0.06971153846153846 0.03125
1 0.928023087737405 0.4259559303240478 0.06379086466845124 0.08107554256241081
1 0.2127403846153846 0.6730769230769231 0.2091346153846154 0.28846153846153844
1 0.3954326923076923 0.7439903846153846 0.12740384615384615 0.25721153846153844
1 0.7475270958187112 0.7089895221992453 0.2273709919186939 0.19146112877332921