1 0.05712430568550961 0.30742578814867716 0.09225518975411563 0.1567814363769623
1 0.5010674612723836 0.23032629391761641 0.07535834083811849 0.14466430943302788
1 0.1401548941679055 0.2901163767821436 0.09219924908285648 0.14716605176157765
1 0.3387868681360461 0.2348760619758844 0.06317128805511028 0.1157482297478001
1 0.23511380982873595 0.288362039576536 0.0778321128310387 0.15669752537007342
1 0.01201923076923077 0.25841346153846156 0.02403846153846154 0.13701923076923078
1 0.38286643728338565 0.30192502867900295 0.06310136221603621 0.10372899897856933
1 0.29548966703118573 0.23993548730424305 0.053444022097207236 0.09646151984577173
1 0.7643585409576115 0.38202732721449784 0.06803492103406174 0.12539158469881428
1 0.09285334654955417 0.931363716749902 0.07273073199923562 0.10618878580367462
1 0.37138563547502446 0.7771041990980623 0.06539332702736408 0.08451221491561488