1 0.1580193234259655 0.4432462826863308 0.09055127920819456 0.1552489794486141
1 0.578125 0.43509615384615385 0.021634615384615384 0.14423076923076922
1 0.2417339145259416 0.4399533769151078 0.0923950929825217 0.14574555576723852
1 0.44296880524506477 0.4169621527619461 0.06172883390293089 0.11315202455913027
1 0.33717586593494386 0.4527892953469252 0.07612820228511771 0.15457721384456
1 0.04807692307692308 0.4206730769230769 0.09615384615384616 0.23557692307692307
1 0.09229913724373087 0.385046836863635 0.06779659906454108 0.13501056181176369
1 0.4831730769230769 0.4879807692307692 0.0625 0.10096153846153846
1 0.3996295704283941 0.4137449328728608 0.053537238777234 0.09598921868018014
1 0.8257211538461539 0.04807692307692308 0.17548076923076922 0.09615384615384616
1 0.6974394531612332 0.11891819080954669 0.08882376498785706 0.20790967296521146
1 0.5240384615384616 0.8954326923076923 0.12980769230769232 0.11778846153846154