1 0.1085561700769408 0.15468679543596225 0.04967137612325072 0.09330513834444282
1 0.04231843968191569 0.21324229406143458 0.051529751498089985 0.06215308756935724
1 0.5907371203765588 0.4661665088612448 0.024877647352318115 0.04905641532606763
1 0.6195622945773663 0.46613997648329514 0.04908394605355108 0.05965129219059666
1 0.7297615840380539 0.44901102544474436 0.056505280968553576 0.07196437063457085
1 0.6533210389579445 0.47352088101671275 0.03942660214747357 0.05685564913709266
1 0.6770867651069027 0.4588753732658573 0.03461890983978126 0.0566597506872638
1 0.8786531880590905 0.44667041585097866 0.05401751623332164 0.06705872910196398
1 0.8201995298421344 0.4695110444559593 0.041956326173398395 0.06416513682354555
1 0.9686086020202035 0.4395262040929628 0.04444409090863006 0.06907077835615241
1 0.9339416495975521 0.44892324802401096 0.032131145104549466 0.051754109154657064
1 0.7698026791927509 0.4722618030404482 0.03453499125839562 0.05185205837957149
1 0.11658653846153846 0.6177884615384616 0.07932692307692307 0.13942307692307693
1 0.5600961538461539 0.5649038461538461 0.0673076923076923 0.03365384615384615