1 0.32091346153846156 0.2800480769230769 0.036057692307692304 0.055288461538461536
1 0.36658653846153844 0.27524038461538464 0.04567307692307692 0.06490384615384616
1 0.9759615384615384 0.2668269230769231 0.04807692307692308 0.08173076923076923
1 0.7623406324961534 0.24924166431260536 0.061942362636638285 0.11067483683209754
1 0.8197115384615384 0.26802884615384615 0.052884615384615384 0.07932692307692307
1 0.7010425555730765 0.25424538249672946 0.06169060689248149 0.09625175990902061
1 0.5825137231553129 0.2375161748088979 0.04950353896047943 0.08565525408106262
1 0.6376553271763495 0.24141647876952207 0.06173256618317424 0.09865560606286677
1 0.8725961538461539 0.2764423076923077 0.0625 0.0625
1 0.9266826923076923 0.265625 0.06009615384615385 0.08413461538461539
1 0.26552072552781686 0.5166322857630716 0.32638306568169856 0.4083093627159896
1 0.8964701317452073 0.45705186524328817 0.14045989260604286 0.20830016643872076