1 0.2800480769230769 0.6298076923076923 0.18028846153846154 0.057692307692307696
1 0.4855769230769231 0.4807692307692308 0.34615384615384615 0.3557692307692308
1 0.8079773276258615 0.3612682603180018 0.08687515066587181 0.11963481616762824
1 0.21995192307692307 0.9903846153846154 0.055288461538461536 0.019230769230769232
1 0.39663461538461536 0.9891826923076923 0.0673076923076923 0.021634615384615384
1 0.4639423076923077 0.9795673076923077 0.0625 0.040865384615384616
1 0.03245192307692308 0.9639423076923077 0.06009615384615385 0.07211538461538461
1 0.07572115384615384 0.9747596153846154 0.06009615384615385 0.05048076923076923
1 0.11778846153846154 0.9699519230769231 0.0673076923076923 0.06009615384615385
1 0.16826923076923078 0.9627403846153846 0.052884615384615384 0.07451923076923077
1 0.19230769230769232 0.9867788461538461 0.04326923076923077 0.026442307692307692