1 0.1850951620157394 0.19270727297608897 0.09232687832656147 0.13218581480795558
1 0.28225470700399397 0.19313619038873292 0.08173037249860335 0.11988680492104684
1 0.028846153846153848 0.10336538461538461 0.057692307692307696 0.15384615384615385
1 0.40595467180581346 0.1955364234519146 0.08712673753383982 0.12723823294142428
1 0.07964484523211567 0.1788473673790326 0.07535288625079375 0.10051614613143854
1 0.4836626456989491 0.20739004100872352 0.06274498275401896 0.0929548837728026
1 0.3631760016428694 0.2002870328069788 0.046506732404639914 0.09967680877840451
1 0.8584172662127644 0.16998490041980668 0.21840551656214344 0.3253071208150992
1 0.15745192307692307 0.984375 0.06971153846153846 0.03125
1 0.5985576923076923 0.7067307692307693 0.15865384615384615 0.1971153846153846
1 0.9507211538461539 0.7259615384615384 0.0985576923076923 0.23557692307692307