0 0.015625 0.4423076923076923 0.03125 0.14903846153846154
0 0.030048076923076924 0.4098557692307692 0.06009615384615385 0.11778846153846154
0 0.2313284631521649 0.49154520292539455 0.2602033827075215 0.297423200547821
0 0.3015118950044235 0.40126019793091633 0.1798552697148802 0.2191993856132663
0 0.5251219620297178 0.2709882236567886 0.10599008490585121 0.13148606393540546
0 0.5637019230769231 0.31009615384615385 0.06971153846153846 0.15865384615384615
0 0.5576923076923077 0.054086538461538464 0.08173076923076923 0.10336538461538461
0 0.9110576923076923 0.2776442307692308 0.1778846153846154 0.29086538461538464
0 0.6949975419902502 0.42976124063598703 0.188559891482857 0.2073479920068068
0 0.02403846153846154 0.9387019230769231 0.04807692307692308 0.12259615384615384
0 0.030048076923076924 0.9338942307692307 0.06009615384615385 0.0889423076923077
0 0.07253916151333267 0.8790828415361083 0.06556073093060114 0.07316436688270536
0 0.12764547048231262 0.8757139316963272 0.04855165528419647 0.0704668056940094
0 0.17863683467094094 0.9133362843440089 0.0777262515187278 0.10698605019932288
0 0.2317021832167613 0.8353852047989576 0.04042935397525008 0.058321697052700155
0 0.28240238717587435 0.8850477678612167 0.06093519119239041 0.07548429445516588
0 0.32277510820869276 0.8301849825218609 0.05150195914648738 0.07772030344624074
0 0.3625475774071879 0.8150485976570058 0.04301535269857782 0.06076750249723913
0 0.4717059814953973 0.9214593843709837 0.08697733099514912 0.10234619505440193
0 0.36778846153846156 0.9543269230769231 0.10576923076923077 0.09134615384615384
0 0.49563401596554857 0.8560520267288237 0.07754409894924609 0.10458220404547672
0 0.5200367826429733 0.8604401261295878 0.04374396297650417 0.07038288711262375
0 0.508835819028133 0.7920354089717043 0.05594534631521652 0.07299652971993408