0 0.018028846153846152 0.3629807692307692 0.036057692307692304 0.16346153846153846
0 0.0924973347507436 0.44341901195999955 0.142316888584961 0.19160125248318766
0 0.07731413684552593 0.3610746461951011 0.06774889930422609 0.09795233244852825
0 0.20054792029681104 0.38992959668266003 0.12612779347925213 0.16895807731092546
0 0.17768720094560345 0.2875727718549222 0.07054519394310159 0.10292811805416174
0 0.22571496877885622 0.31322515304019455 0.07770757716097001 0.13211045849619787
0 0.27406184896379915 0.26874576251907556 0.0555334442924805 0.09470801980497653
0 0.24749685152839918 0.2838999892915524 0.0581335146888412 0.09727995925676372
0 0.3076923076923077 0.26322115384615385 0.04326923076923077 0.0985576923076923
0 0.3173076923076923 0.29927884615384615 0.02403846153846154 0.11778846153846154
0 0.43654167111451564 0.4606568116739304 0.09276848205526086 0.11165249619717042
0 0.5180288461538461 0.5192307692307693 0.16105769230769232 0.15865384615384615
0 0.5427770832342809 0.41454702815607053 0.07157547039934488 0.08626928827517971
0 0.5426302126015192 0.32389851749301646 0.05077490722845837 0.06569377266088157
0 0.6091771888288222 0.4135302316934587 0.05656372074872406 0.07804919002599456
0 0.631842080669681 0.39502237563712433 0.0427784717968612 0.055574108151673476
0 0.6059394888273301 0.37386677015499714 0.037382106761624866 0.048026383094252785
0 0.6327007105052449 0.36111638953636643 0.032378190211418016 0.045286350344524405
0 0.6855853258898603 0.35741833698166153 0.03257441445393256 0.04769019649837056
0 0.7405300974547967 0.43819108640745436 0.11754268532011107 0.15162687434017905
0 0.810168101416913 0.41760733411819095 0.08953058368768597 0.1305470788320573
0 0.7349377065431286 0.369681471022839 0.050578682985943695 0.06328992650703541
0 0.7476193429054087 0.3325311722785293 0.03718588251911005 0.04562253694040663
0 0.7798504641179819 0.3423651901745254 0.062794137997689 0.06653423915058714
0 0.7982228018792702 0.3156960125266411 0.029778119815057052 0.042714410892737004
0 0.8205931589902742 0.3528128046046506 0.04317092028189069 0.06038180045936578
0 0.8585641368455261 0.34411369645297707 0.0669640023341671 0.08833694783314364
0 0.8952350795025973 0.33429671187335114 0.06397148345277734 0.08095731607366406
0 0.9300173142339443 0.31615031240423414 0.05155980419851694 0.07530915727626605
0 0.9410800014124369 0.28878349157325023 0.040570849885529725 0.05780986100757838
0 0.956778535911859 0.3033999317856034 0.03277063869644737 0.050094042652216716
0 0.9685280079391527 0.2844465724930811 0.04635966340579555 0.07016527837269151
0 0.9795673076923077 0.3798076923076923 0.040865384615384616 0.11538461538461539
0 0.3161057692307692 0.6983173076923077 0.026442307692307692 0.17548076923076922
0 0.515625 0.9266826923076923 0.13221153846153846 0.1466346153846154
0 0.508068779734522 0.7976160664236847 0.12534289650919342 0.15934269269554086
0 0.4483650743733975 0.8066260911799054 0.08953058368768597 0.1305470788320573
0 0.7976583100413954 0.880112612103034 0.19716374639472287 0.21933776657635398
0 0.7208826988493289 0.7984488562048653 0.110772750587272 0.12725222620583515