0 0.4795673076923077 0.0829326923076923 0.021634615384615384 0.040865384615384616
0 0.9783653846153846 0.28125 0.04326923076923077 0.052884615384615384
0 0.9456523350112556 0.26321364761673194 0.0707359151796981 0.08648505179271382
0 0.8943124649907639 0.25299538669348054 0.05812898906098077 0.07164225408247632
0 0.8610504157365754 0.2422047838740467 0.06553642597234781 0.07670177886246503
0 0.8081168257395029 0.24155993548746396 0.04522821526751987 0.04958791791070064
0 0.780592986429694 0.20810068252135583 0.04792590909610931 0.05688340052967119
0 0.7509856810187322 0.19623407286114705 0.03791872758106671 0.04693223928455809
0 0.7091632463887105 0.18875543472147022 0.028107444515853237 0.04178877034713757
0 0.7278287625045006 0.1737600159022108 0.030511290669699393 0.041872714504569655
0 0.026442307692307692 0.5829326923076923 0.052884615384615384 0.07932692307692307
0 0.09455813465996858 0.5868972154010527 0.08123284281931256 0.10845544380705754
0 0.13880685767834378 0.5643697486963687 0.05592104135696347 0.07636600223273668
0 0.21099365914069315 0.5355961013406152 0.04802385832102374 0.05928724668351734
0 0.3691006042706256 0.43640121972396095 0.05842283673572378 0.07885379254401492
0 0.5661057692307693 0.8076923076923077 0.19471153846153846 0.38461538461538464
0 0.5240384615384616 0.421875 0.11057692307692307 0.15625
0 0.667020431705996 0.4968941680738122 0.16408593799315588 0.19776406254077783
0 0.6153846153846154 0.35697115384615385 0.09134615384615384 0.0985576923076923
0 0.6370192307692307 0.32572115384615385 0.08653846153846154 0.036057692307692304
0 0.7572115384615384 0.36538461538461536 0.125 0.11538461538461539
0 0.8497596153846154 0.3401442307692308 0.08413461538461539 0.06490384615384616