0 0.40666911331197303 0.295106998156539 0.07967958302273541 0.11405980419851694
0 0.05889423076923077 0.5516826923076923 0.07932692307692307 0.036057692307692304
0 0.020432692307692308 0.5264423076923077 0.040865384615384616 0.0673076923076923
0 0.7920673076923077 0.5324519230769231 0.13221153846153846 0.07451923076923077
0 0.6466346153846154 0.5180288461538461 0.11057692307692307 0.10336538461538461
0 0.6680912208970048 0.3621457251866259 0.03992383816033833 0.05823182517618154
0 0.644918495839584 0.35547390257504424 0.03992383816033833 0.05823182517618154
0 0.7138230744777172 0.3838047198269935 0.05311972201515703 0.076039869465678
0 0.7558651121786897 0.4039674550266659 0.05759122772696711 0.07162462564301506
0 0.8119270268742563 0.351180753397225 0.03718380541060995 0.0532279086259747
0 0.7879138353271299 0.3324897000164126 0.04232768431418448 0.05842804941869636
0 0.8508340685719827 0.3436011457064094 0.04026002475622056 0.06303951748387385
0 0.891926323142944 0.36727153801559376 0.052279255525451325 0.06402063869644724
0 0.9052985369706689 0.4388717844028566 0.07095520487972679 0.09183651608635766
0 0.9747596153846154 0.44591346153846156 0.05048076923076923 0.11298076923076923
0 0.9867788461538461 0.3233173076923077 0.026442307692307692 0.06490384615384616
0 0.9315815480064404 0.31912088207316547 0.03718380541060995 0.05322790862597456
0 0.8968098254246418 0.3174775536336259 0.03170373991115305 0.04322007552556073
0 0.060698713873118246 0.8961672438375836 0.09253928028167188 0.12706015618032096
0 0.047805509947881575 0.8485073468675248 0.07078711158178581 0.08943266993251123
0 0.15885320625232785 0.8300856554964835 0.09410265994581248 0.115237149653605
0 0.23849160590023794 0.687203679975399 0.07179567136943249 0.10385574685558843
0 0.3820747119641379 0.8435268177426555 0.0897992475319435 0.12205623963011411
0 0.4556188896120222 0.869846237325788 0.09186690708990743 0.11744477156493634
0 0.517354233096322 0.8127424039949414 0.08225152247452282 0.11665987459487763
0 0.5661057692307693 0.8257211538461539 0.04567307692307692 0.11778846153846154
0 0.6246626934712379 0.6480553566650591 0.06888754532176286 0.0964479841515353
0 0.8593738800671201 0.6719949126179319 0.09287546687755412 0.1318678484880134
0 0.9579326923076923 0.8918269230769231 0.08413461538461539 0.15384615384615385