0 0.019230769230769232 0.203125 0.038461538461538464 0.15144230769230768
0 0.02746861481639639 0.11094307594377407 0.04374472647493391 0.08223425231356611
0 0.08362335540422586 0.16929270877195554 0.06788108418809895 0.09934088821426539
0 0.17262859635170016 0.15951033852761934 0.07285659850956883 0.12824298462517442
0 0.29194763241073246 0.10440453238992625 0.10677616285189619 0.1743076595015378
0 0.43920378640795693 0.2058843816407645 0.08983735843245455 0.15488109129412536
0 0.5132211538461539 0.2548076923076923 0.05048076923076923 0.24519230769230768
1 0.719307804002293 0.30951380930810835 0.10196847054420388 0.17425171693678257
1 0.5829326923076923 0.3233173076923077 0.0889423076923077 0.17548076923076922
1 0.9735576923076923 0.25240384615384615 0.052884615384615384 0.28365384615384615
1 0.8028846153846154 0.8762019230769231 0.24519230769230768 0.24759615384615385