0 0.06589218980669462 0.07211538461538461 0.04089480591609677 0.055288461538461536
0 0.17668269230769232 0.07451923076923077 0.15625 0.14903846153846154
0 0.24059165453518463 0.07692307692307693 0.03326264887991447 0.05048076923076923
0 0.2808261112886034 0.06971153846153846 0.030227874864102396 0.04326923076923077
0 0.3187765871821932 0.09134615384615384 0.03263172101794855 0.04326923076923077
0 0.3459402667297716 0.07211538461538461 0.04810634437763529 0.055288461538461536
0 0.3556460953384611 0.04567307692307692 0.026982791560968715 0.03365384615384615
0 0.4026442307692308 0.056490384615384616 0.01201923076923077 0.055288461538461536
1 0.8052884615384616 0.027644230769230768 0.10576923076923077 0.055288461538461536
1 0.5240384615384616 0.02283653846153846 0.07211538461538461 0.04567307692307692
1 0.6292742887702979 0.7584134615384616 0.1303165747844726 0.17067307692307693
1 0.7566034916267795 0.7163461538461539 0.09498025433205097 0.15144230769230768
1 0.8737980769230769 0.6610576923076923 0.07932692307692307 0.0625
1 0.9579326923076923 0.6658653846153846 0.06971153846153846 0.07211538461538461
1 0.9146634615384616 0.640625 0.06971153846153846 0.021634615384615384