0 0.21995192307692307 0.2403846153846154 0.2091346153846154 0.27884615384615385
0 0.4951923076923077 0.25721153846153844 0.014423076923076924 0.03365384615384615
0 0.5048076923076923 0.35096153846153844 0.03365384615384615 0.057692307692307696
0 0.5520597021693788 0.34903771961775204 0.04663814060901203 0.057682086073023504
0 0.5865384615384616 0.3449519230769231 0.052884615384615384 0.06971153846153846
0 0.5788227878340602 0.300005723131586 0.027029737762007337 0.03503962877911895
0 0.641721401095642 0.3261177477983146 0.03946856143816646 0.05970799151088617
0 0.6729084621596028 0.32414972167014044 0.03217310439524222 0.05452235848721037
0 0.6543131655814035 0.2907529468032587 0.019818199300468874 0.03466168806313546
0 0.6880299506712888 0.2961224393752841 0.029559461787932024 0.042377147479318575
0 0.7078481499717577 0.33078412743841956 0.03946856143816646 0.05970799151088631
0 0.8121427222745619 0.3206392678201799 0.034451072677009836 0.04743680026433321
0 0.8617788461538461 0.3473557692307692 0.10336538461538461 0.06490384615384616
0 0.9146634615384616 0.36177884615384615 0.055288461538461536 0.036057692307692304
0 0.9447115384615384 0.35096153846153844 0.04807692307692308 0.057692307692307696
0 0.984375 0.36538461538461536 0.03125 0.028846153846153848
0 0.02403846153846154 0.8317307692307693 0.04807692307692308 0.22596153846153846
0 0.09615384615384616 0.9495192307692307 0.19230769230769232 0.10096153846153846
0 0.027644230769230768 0.5745192307692307 0.055288461538461536 0.09134615384615384
0 0.06760686688017054 0.600648248268511 0.04929374250701519 0.0722311432347616
0 0.061759005366149096 0.6783953075525275 0.09791613636294508 0.10600074800798473
0 0.14617243943244526 0.6299829906403833 0.06160668831109571 0.08968796750499049
0 0.16448891732896384 0.71620139077255 0.11056475649256825 0.14268834150898285
0 0.2391820685531433 0.6612755375211455 0.07138991008925161 0.09980727307501962
0 0.281249376245451 0.6634801916977158 0.06654025849086655 0.09715146644385114
0 0.3187485807898686 0.8167492128506103 0.1403340147339643 0.1970847197575322
0 0.31964797577095017 0.661890106285525 0.049461579669786405 0.0818465278501462
0 0.2710465615603667 0.629322424589225 0.05642136238716807 0.06780139164305278
0 0.37721440559117947 0.6577020935518543 0.0787273264228686 0.10739675225254157
0 0.42889709789887165 0.6604106686830692 0.06649829920017353 0.09474762029000498
0 0.4231663011959371 0.6072740928211315 0.05629548451508954 0.06058985318151432
0 0.4723557692307692 0.6502403846153846 0.03125 0.07932692307692307
0 0.47115384615384615 0.7524038461538461 0.03365384615384615 0.125
0 0.27821341096239816 0.4207547202785848 0.03449303196770286 0.0498406464181793
0 0.421875 0.8954326923076923 0.13221153846153846 0.2091346153846154
0 0.8990797970746054 0.6547568903722435 0.06873430819124866 0.08525821591328153
0 0.9337136032675557 0.781457623594169 0.046931855643861854 0.07450900914994672
0 0.9831730769230769 0.7716346153846154 0.03365384615384615 0.07692307692307693
0 0.6590877116593945 0.7334420302329511 0.07383571553379066 0.10233709946752693
0 0.5974959197014678 0.7134026110701684 0.08113117257671483 0.10752273249120273
0 0.5180288461538461 0.7307692307692307 0.06009615384615385 0.16346153846153846