0 0.006009615384615385 0.3269230769230769 0.01201923076923077 0.0673076923076923
0 0.004807692307692308 0.265625 0.009615384615384616 0.06009615384615385
0 0.01201923076923077 0.2283653846153846 0.02403846153846154 0.057692307692307696
0 0.08106470329041734 0.3367328678501295 0.055682406561395774 0.10016120268244076
0 0.06557034411312944 0.2596097069822782 0.037736367013760486 0.060424596234531336
0 0.05494076019616196 0.2254825480294353 0.03738664311666294 0.04840536546530057
0 0.017204393182401405 0.17052252887935124 0.024947743670915193 0.033071525694815716
0 0.060884043892022316 0.09855201467458588 0.03759647745492149 0.05561690392683903
0 0.11580991970659486 0.12329973570740432 0.022753731855327593 0.040100911586872595
0 0.08782521377639345 0.19649010436438555 0.027981092839536877 0.054888293648912685
0 0.13661444647430307 0.17592905361309016 0.02777125850127832 0.04767675518737423
0 0.134547462390763 0.22908689785192787 0.03780631179318005 0.0628284423883775
0 0.20250676827614927 0.2877796252681077 0.06000048541315154 0.08369858474448086
0 0.19951923076923078 0.4579326923076923 0.08653846153846154 0.12259615384615384
0 0.29873980794554184 0.36601221351986474 0.08536789776058384 0.13119318736237362
0 0.27972248614369566 0.25060966675995644 0.05250916783393496 0.07353674242065147
0 0.2815446634992674 0.18903836098265717 0.03278878514722919 0.055252598787875855
0 0.26380845828989063 0.1590634289690282 0.025297467568012603 0.045090756464046554
0 0.21862499482275027 0.17935125086610124 0.03766642223434092 0.058020750080685184
0 0.17302186267909292 0.1852159958400973 0.030384938993383032 0.05507044621839427
0 0.1843066732644188 0.15906484837730483 0.02282367663474716 0.04250475774071875
0 0.20800827273257425 0.10426763101313287 0.022613842296488464 0.035293219279180284
0 0.29556093357261864 0.1325659077425654 0.02282367663474716 0.04250475774071882
0 0.32308738534592873 0.16782184486288346 0.03766642223434106 0.058020750080685184
0 0.3512690637875973 0.1427994755675661 0.02777125850127832 0.04767675518737423
0 0.38605488823894707 0.1377544171562371 0.03010515987570491 0.045455061603009654
0 0.38374309742743873 0.18249879985661333 0.04515773981355737 0.06818259240451455
0 0.3704833581009107 0.3063700216891382 0.06791147166888524 0.10828350399138714
0 0.12139423076923077 0.9579326923076923 0.055288461538461536 0.08413461538461539
0 0.1971153846153846 0.9807692307692307 0.057692307692307696 0.038461538461538464
0 0.22235576923076922 0.96875 0.040865384615384616 0.0625
0 0.24993771342084084 0.9270578317805652 0.04014021316760664 0.06060674880401292
0 0.16674735255838882 0.9658850947893435 0.042614004100872356 0.06319274752734053
0 0.38822115384615385 0.8125 0.040865384615384616 0.057692307692307696
0 0.4026442307692308 0.9507211538461539 0.01201923076923077 0.06009615384615385
0 0.8834134615384616 0.6189903846153846 0.18028846153846154 0.19951923076923078