0 0.03899961830602546 0.3577699793565611 0.06535410135269089 0.0857359512167421
0 0.09725283022748386 0.41187081692080574 0.07083334691983996 0.10527481136950921
0 0.2668079282310698 0.4251348680750783 0.07357296970341445 0.11504424144589283
0 0.3780564045674496 0.4514517285117995 0.06585776629728347 0.10015902813981889
0 0.4810860125531058 0.4484602987193699 0.0629502551988448 0.08558190575574323
0 0.593940865547727 0.4520946661555516 0.06552198966755512 0.09054364352443428
0 0.013221153846153846 0.2824519230769231 0.026442307692307692 0.06009615384615385
0 0.033043412667157816 0.2902312188573703 0.03550061761735203 0.05504125183860076
0 0.025564774527480925 0.24777879751256526 0.04511600223273668 0.05565743368259664
0 0.08138360588340884 0.23216809661527152 0.045283890547600854 0.06046512599028894
0 0.10065634719289412 0.2346023833801862 0.03069292530965976 0.05473316091660289
0 0.10993595517855038 0.22560318060879742 0.023313498533257124 0.0494633322259137
0 0.14557392669908226 0.21589463175455095 0.025549456372239102 0.04480968537922026
0 0.1627366264057337 0.22658833459692834 0.025213679742510757 0.035194300763835645
0 0.16283200823019753 0.16063661082715797 0.02563340052967119 0.047213531533066413
0 0.38707269146437817 0.1258380380072137 0.025381568057374928 0.04000199307152796
0 0.6466346153846154 0.2848557692307692 0.02403846153846154 0.04567307692307692
0 0.6104396201231429 0.2720677134196571 0.022977721903528776 0.03984794761052909
0 0.6304106195649588 0.26015594599199443 0.025381568057374928 0.04000199307152796
0 0.9277740173037091 0.06886753309481378 0.058982004465473366 0.10931227637220677
0 0.9819711538461539 0.04326923076923077 0.036057692307692304 0.08653846153846154
0 0.9699519230769231 0.33413461538461536 0.06009615384615385 0.23076923076923078
0 0.004807692307692308 0.9747596153846154 0.009615384615384616 0.05048076923076923
0 0.013221153846153846 0.9735576923076923 0.026442307692307692 0.052884615384615384
0 0.22956730769230768 0.9915865384615384 0.03125 0.016826923076923076
0 0.30408653846153844 0.9927884615384616 0.03125 0.014423076923076924
0 0.35336538461538464 0.9927884615384616 0.03365384615384615 0.014423076923076924