0 0.3202221242973828 0.23301947160462064 0.03231305266527794 0.04767566791606343
0 0.2553472581527248 0.29014033716670734 0.04237603840288474 0.0675226189908284
0 0.2521601100349896 0.2566405364738601 0.029741356090598223 0.040310083993525966
0 0.2032719099240388 0.22486567646307 0.027505360357585353 0.04736757699406542
0 0.15709427679941257 0.154398209799243 0.027281559796474123 0.037752192378680806
0 0.11377211070705165 0.3100463270579535 0.0450596352581198 0.07969589522105817
0 0.04666124882938077 0.3745327765425775 0.057414566869017136 0.09488919944912985
0 0.007211538461538462 0.2536057692307692 0.014423076923076924 0.040865384615384616
0 0.014514036706837912 0.23455439899764186 0.01766617518108978 0.037136010534685064
0 0.07857963569556653 0.2460971942811696 0.02504556406346153 0.04480968537922026
0 0.10454737213456224 0.27572971694068055 0.03477284895940176 0.05023355953090845
0 0.6983173076923077 0.4795673076923077 0.0889423076923077 0.07932692307692307
0 0.5985576923076923 0.46875 0.08653846153846154 0.10096153846153846
0 0.5926720364722228 0.4231899136354595 0.07988843435779923 0.13233330090581277
0 0.5468311091283125 0.4189052389329012 0.06988139876047023 0.11489019598489382
0 0.5018284289495197 0.39891854149984335 0.0576383674301283 0.10450458406451446
0 0.8155842922886222 0.2777000249169423 0.04517153553867527 0.08450358752875048
0 0.92627412058515 0.3271813410568744 0.06004221358397452 0.10465862952551347
0 0.9819711538461539 0.35096153846153844 0.036057692307692304 0.10096153846153846
0 0.5060096153846154 0.6838942307692307 0.19471153846153846 0.19471153846153846
0 0.5270627839306091 0.5831711301218152 0.11779047141655988 0.11075956674333448
0 0.4519230769230769 0.5540865384615384 0.08653846153846154 0.06971153846153846