0 0.007211538461538462 0.30288461538461536 0.014423076923076924 0.0673076923076923
0 0.04807692307692308 0.5192307692307693 0.057692307692307696 0.057692307692307696
0 0.07732108741516715 0.49673969178237903 0.04440843021836061 0.05790723437544379
0 0.13701923076923078 0.5216346153846154 0.1201923076923077 0.052884615384615384
0 0.23677884615384615 0.5144230769230769 0.0889423076923077 0.0673076923076923
0 0.25841346153846156 0.5060096153846154 0.06971153846153846 0.08413461538461539
0 0.3004807692307692 0.5168269230769231 0.057692307692307696 0.0625
0 0.32211538461538464 0.4423076923076923 0.014423076923076924 0.07211538461538461
1 0.36778846153846156 0.08653846153846154 0.07692307692307693 0.17307692307692307
1 0.4488619940227724 0.09087849024618862 0.10810851088962756 0.1553543254394188
1 0.8533653846153846 0.056490384615384616 0.11538461538461539 0.11298076923076923
1 0.9387019230769231 0.11778846153846154 0.12259615384615384 0.23557692307692307
1 0.7536057692307693 0.07211538461538461 0.1466346153846154 0.14423076923076922
1 0.5288678225714846 0.14186613557372954 0.14539856688531147 0.17689577658517225
0 0.027644230769230768 0.96875 0.055288461538461536 0.0625
0 0.051682692307692304 0.9795673076923077 0.07451923076923077 0.040865384615384616
0 0.09975961538461539 0.9867788461538461 0.09375 0.026442307692307692
0 0.11778846153846154 0.9579326923076923 0.0625 0.08413461538461539
0 0.16346153846153846 0.9759615384615384 0.11057692307692307 0.04807692307692308
0 0.29927884615384615 0.9423076923076923 0.06009615384615385 0.11538461538461539
0 0.23918269230769232 0.9519230769230769 0.07932692307692307 0.09615384615384616
0 0.17753915437146725 0.8385567538972676 0.06579583590311536 0.09279344421728156
1 0.3954326923076923 0.6959134615384616 0.13221153846153846 0.19471153846153846
1 0.9831730769230769 0.5709134615384616 0.03365384615384615 0.04567307692307692