0 0.028846153846153848 0.11177884615384616 0.057692307692307696 0.08413461538461539
0 0.08744254004438409 0.2259377775057311 0.05024521123892793 0.0750786564167829
0 0.1419965813989408 0.20134073238503147 0.05512284832603967 0.07753844513538428
0 0.18968880818905648 0.18867900418642974 0.0898958109505979 0.11639158155020915
0 0.3215506227534974 0.17819819394796738 0.09512317193480758 0.13087060103804132
0 0.46875 0.18028846153846154 0.019230769230769232 0.16826923076923078
0 0.7512019230769231 0.3173076923076923 0.23798076923076922 0.2644230769230769
0 0.8592628566495417 0.12591159287321435 0.09292916011921971 0.13805416821720223
0 0.9278846153846154 0.15865384615384615 0.14423076923076922 0.3173076923076923
0 0.020432692307692308 0.7848557692307693 0.040865384615384616 0.07932692307692307
0 0.1461084390031025 0.7938155128409081 0.07229949530006029 0.08975347488125826
0 0.1885033600295894 0.7642709190006282 0.050385100797766924 0.0798863487244752
0 0.24367404257213024 0.8021598882387397 0.0749831205715845 0.09939683077902063
0 0.3351251135874133 0.806828566199858 0.08975592139175904 0.11158388924251685
0 0.3040278649730438 0.7704212328624457 0.05491301398778111 0.07032690667384582
0 0.25641844478913894 0.7446354082406976 0.05491301398778118 0.07032690667384582
0 0.3497837485023317 0.7325051344072704 0.05024521123892793 0.0750786564167829
0 0.3847315730754387 0.7773678862067108 0.06749180299236812 0.08969753231650301
0 0.43317108187625075 0.749095143649298 0.05505290354662024 0.07513459898153813
0 0.4560554545542904 0.7097113949346124 0.037736367013760486 0.05811187692797185
0 0.5444711538461539 0.6959134615384616 0.13221153846153846 0.1658653846153846
0 0.6823852143851803 0.6301869887504181 0.08000064721753529 0.10666431180531419
0 0.7028086579567456 0.547520023625313 0.05264905739277402 0.07510662769916052
0 0.7776442307692307 0.4651442307692308 0.07451923076923077 0.03125
0 0.757062832185504 0.8016712328624457 0.13752734169742112 0.1842307282230761
0 0.9819711538461539 0.5793269230769231 0.036057692307692304 0.10576923076923077