0 0.044430252411732166 0.13227414678323812 0.05332129675328822 0.07206271807572762
0 0.10077371318974512 0.13129945950168068 0.09153387200909838 0.12662674747047817
0 0.1682283293348091 0.13804013488470226 0.040812319859485205 0.05948368263645175
0 0.2327893532014547 0.132649618564484 0.06872386592550966 0.09677294521824328
0 0.32091346153846156 0.10697115384615384 0.1658653846153846 0.21394230769230768
0 0.43990384615384615 0.07091346153846154 0.09615384615384616 0.14182692307692307
0 0.4963942307692308 0.040865384615384616 0.016826923076923076 0.04326923076923077
0 0.581742932552247 0.03200094356249176 0.023201802983246502 0.039469186867619646
0 0.6706730769230769 0.015625 0.02403846153846154 0.03125
0 0.7331730769230769 0.013221153846153846 0.02403846153846154 0.026442307692307692
0 0.7920673076923077 0.009615384615384616 0.03125 0.019230769230769232
0 0.8822115384615384 0.007211538461538462 0.02403846153846154 0.014423076923076924
0 0.8978365384615384 0.004807692307692308 0.026442307692307692 0.009615384615384616
0 0.9903846153846154 0.046875 0.019230769230769232 0.05048076923076923
0 0.8974711668309816 0.184665057895808 0.06583027364709136 0.08464175351500348
0 0.9680683384601922 0.15076427053146296 0.05842283673572378 0.07949817840528411
0 0.8245456560383317 0.19086563402391776 0.06911566282516737 0.10638832983362789
0 0.8422847446608765 0.1257115327322252 0.05601899058187762 0.0793862174712751
0 0.8069657616834849 0.08327869504071438 0.04542411371734873 0.05489991219677762
0 0.7630823031868178 0.09563049468462463 0.04051847218474199 0.052272144174913285
0 0.6560764366758298 0.23700294617081646 0.06592822287200566 0.08704559966884964
0 0.5701522028648047 0.2186052560904196 0.06372027516798849 0.09174133104253293
0 0.6009430792616244 0.12046907424893487 0.028401292190596658 0.0493084933510223
0 0.6198310262051929 0.1129513001825455 0.03060923989461382 0.044612761977339016
0 0.6465182069597868 0.12019248584125997 0.033013086048459976 0.04472472291134803
0 0.7031820477904928 0.09763916364209163 0.03821257525581013 0.05456402939475055
1 0.3227683080422485 0.9019825850961717 0.08113489359439814 0.10694813450367299
1 0.266963568001265 0.9161784262238831 0.06602617209692022 0.08944944582269579
1 0.686438811990861 0.6470859511969512 0.18105569476400846 0.2627569186223322
1 0.9831730769230769 0.6298076923076923 0.03365384615384615 0.21153846153846154
1 0.8978365384615384 0.4951923076923077 0.13221153846153846 0.07211538461538461
1 0.9182692307692307 0.7740384615384616 0.16346153846153846 0.22596153846153846
1 0.5625 0.6730769230769231 0.14903846153846154 0.2692307692307692