0 0.10216346153846154 0.5144230769230769 0.10336538461538461 0.12980769230769232
0 0.25721153846153844 0.5336538461538461 0.13942307692307693 0.09134615384615384
0 0.046772048119794116 0.3643908611878477 0.03913284923860106 0.05925949529093881
0 0.11041802863196203 0.3666028990353071 0.0391887918033563 0.06406718759863111
0 0.11813305017629737 0.32303982059133307 0.0317814543651745 0.04694641684696476
0 0.19451068709301098 0.3667804453940707 0.0489720041130065 0.07888206142136575
0 0.23332186658426948 0.3351651808723626 0.041620609239579935 0.06656898297739183
0 0.3026697783748991 0.3635746533498435 0.04645627282964986 0.06916872758106699
0 0.30540927991727657 0.33463055027877525 0.03913284923860106 0.05925949529093881
0 0.5339416501616128 0.41421870699175317 0.07818178463006913 0.11130745212033916
0 0.4913017732458781 0.3618952545786747 0.05615557129216734 0.07677206294226316
0 0.6551269383783255 0.32398470728449225 0.05131990770209755 0.07417231833858814
0 0.6790865384615384 0.32572115384615385 0.040865384615384616 0.10336538461538461
0 0.6665464707070659 0.16854483346175753 0.03180942564755212 0.04935026300081091
0 0.7175019096729403 0.3787895043591204 0.026861876927971852 0.03713513378175129
0 0.7523157219801432 0.38097500982863014 0.02443005949174794 0.0346333384029907
0 0.7644188665965067 0.37327372524251945 0.01962236718405577 0.034437439953161716
0 0.8039984142878355 0.3788691014929695 0.029209780517062765 0.032425390698973405
0 0.810217814290283 0.3605953822768372 0.01962236718405577 0.03443743995316185
0 0.8388541835186047 0.37744883773170995 0.02197027077314682 0.02972769687038397
0 0.8701181691597936 0.37497357473089904 0.026833905645594094 0.03473128762790513
0 0.919578828649094 0.35734061562015285 0.021998242055524305 0.03213154302423012
0 0.9447632706997234 0.3611198410662435 0.019622367184055634 0.03443743995316185
0 0.9807790060838494 0.363256371923296 0.026889848210349336 0.03953897993559744
0 0.9868305783920311 0.35940572963024064 0.017106635900699 0.02472410611286267
1 0.18509615384615385 0.6358173076923077 0.3701923076923077 0.11298076923076923
0 0.9110576923076923 0.7487980769230769 0.1778846153846154 0.31490384615384615