0 0.04283988621894806 0.36594308004038506 0.05394752411496446 0.09597295816723636
0 0.056731508776850445 0.3190081473933765 0.046624100523915586 0.08572664568988596
0 0.11696751903489229 0.325769645979559 0.041508724110069596 0.05886371942293436
0 0.1286231231332142 0.29346809954294933 0.03913284923860106 0.061057256289458635
0 0.15060822161286372 0.42509393213917446 0.08326918976153763 0.13936205423048412
0 0.18159165236496239 0.2960528336834053 0.03189333949468498 0.058022482273646696
0 0.16929270877195554 0.27306591858155344 0.027001733339859814 0.05039032523746433
0 0.22719395901678124 0.18257680258062756 0.03672900308475491 0.06084694700213668
0 0.2376764533858717 0.25625479620057057 0.04153669539244721 0.061267565576780654
0 0.2800234739019555 0.2766128452108983 0.04413634052293657 0.07830479794102548
0 0.2953687610781794 0.2512073733048442 0.04408039795818133 0.07349710563333331
0 0.46094044722859917 0.21145564786424625 0.034381099495663994 0.0654443300225071
0 0.4816388667188788 0.23250455738354828 0.04413634052293684 0.07830479794102561
0 0.5192760944155919 0.26169668650698136 0.049055917960139354 0.08834080113105412
0 0.540211427740767 0.19970774907493016 0.0391887918033563 0.06586494859715095
0 0.5740331015888789 0.21118649597550002 0.04405242667580357 0.07109325947948708
0 0.6158626533809769 0.18707339113967392 0.03672900308475491 0.060846947002136616
0 0.6370192307692307 0.25961538461538464 0.04326923076923077 0.10576923076923077
1 0.8840182123708362 0.4063627849627506 0.07588982360573346 0.1243080494454414
1 0.9507211538461539 0.3173076923076923 0.0985576923076923 0.1201923076923077
0 0.11298076923076923 0.9807692307692307 0.038461538461538464 0.038461538461538464
0 0.15384615384615385 0.984375 0.038461538461538464 0.03125
0 0.21514423076923078 0.9831730769230769 0.04567307692307692 0.03365384615384615
0 0.2027096410909061 0.9609097137676641 0.036645089237622046 0.05363540854059829
0 0.24969652622041652 0.9664240672802712 0.03180942564755212 0.05081094381210823
0 0.2590182123708363 0.9403424455155988 0.029349636928950797 0.04579294221709391
0 0.3000094677569201 0.9475844953234336 0.03902096410909058 0.05144187167407402
0 0.3155505539097873 0.9390059464943026 0.026945790775104575 0.04558263292977216
0 0.35096153846153844 0.9723557692307693 0.052884615384615384 0.055288461538461536
0 0.35510213031873844 0.9259204586381061 0.03183739692992988 0.053214789965954384
0 0.3746545692968501 0.9518822151087615 0.03180942564755212 0.05081094381210823
0 0.41183027083433266 0.9414108826937331 0.03180942564755212 0.05081094381210823
0 0.43948848724475226 0.9401942489664539 0.03429718564853113 0.058232791560968715
0 0.4523739857023748 0.9101913940400294 0.03429718564853113 0.058232791560968715
0 0.4777262554472699 0.9175985311385337 0.034381099495663994 0.06544433002250703
0 0.4831730769230769 0.9699519230769231 0.0625 0.06009615384615385
0 0.5321484492973396 0.941712726019944 0.04642830154727225 0.06889972261296287
0 0.534104754933144 0.9030408782710837 0.027001733339859814 0.050390325237464464
0 0.5810776544214656 0.9073533087067674 0.04399648411104861 0.06628556717179471
0 0.6334134615384616 0.9146634615384616 0.05048076923076923 0.07932692307692307
0 0.6170794041644027 0.8993909770892462 0.03667306051999967 0.056039254694444304