0 0.030048076923076924 0.40024038461538464 0.06009615384615385 0.17067307692307693
0 0.1009570521606168 0.3743452200910455 0.10086670429797806 0.16984908378330146
0 0.07946356644611158 0.25395954910946156 0.05213715782843637 0.073073404420361
0 0.23918269230769232 0.2980769230769231 0.021634615384615384 0.13942307692307693
0 0.37743492266425965 0.08052940612028607 0.07869576507473369 0.11802356816900318
0 0.3219923556100124 0.3511131584095495 0.11797364356466068 0.17583342917658157
0 0.6144678333165143 0.3584181001279033 0.10569810514656047 0.1294879790617402
0 0.7675902381473793 0.37667437620376604 0.09608272053117585 0.12881560586997573
0 0.7442744040489763 0.4736434188559826 0.11883740067482954 0.14955921478221512
0 0.8503699465145164 0.5132904070445139 0.11288593506720883 0.1706895502730073
0 0.9555288461538461 0.47836538461538464 0.0889423076923077 0.15384615384615385
0 0.4495192307692308 0.5456730769230769 0.1346153846153846 0.14423076923076922
0 0.31009615384615385 0.5348557692307693 0.1201923076923077 0.10336538461538461
0 0.026495971168380913 0.6531589872037789 0.04224175702329201 0.06759333892090424
0 0.010817307692307692 0.7283653846153846 0.021634615384615384 0.11057692307692307
0 0.026442307692307692 0.6274038461538461 0.02403846153846154 0.019230769230769232
0 0.054086538461538464 0.6274038461538461 0.03125 0.019230769230769232
0 0.06610576923076923 0.6418269230769231 0.036057692307692304 0.04807692307692308
0 0.09253061477647971 0.7716368552503751 0.07556816990559849 0.1465335354192748
0 0.20003921403649289 0.6905032092038048 0.05269719020795531 0.08268878903574563
0 0.2120821533466139 0.6486292648007734 0.0344701861822346 0.05747367441169615
0 0.23197115384615385 0.6526442307692307 0.036057692307692304 0.06971153846153846
0 0.20552884615384615 0.8329326923076923 0.0889423076923077 0.19951923076923078
0 0.23798076923076922 0.7175480769230769 0.02403846153846154 0.11298076923076923