0 0.5168269230769231 0.020432692307692308 0.0625 0.040865384615384616
0 0.3320290265016674 0.1543774188514 0.04097581168369484 0.0667935497337636
0 0.2525572330141251 0.20439681400828677 0.04097581168369484 0.06679354973376347
0 0.2213624465482802 0.23861246042646608 0.05168411171596897 0.08172054761148505
0 0.1924969419185569 0.17617033973615456 0.037843355251922346 0.057052184879717825
0 0.17479653815308824 0.2132988640724667 0.03543950909807619 0.05692620464105653
0 0.1298520715079376 0.22530787322241327 0.04614780913035032 0.07185320251877811
0 0.089879518364668 0.2551567581682143 0.043561810407022575 0.06932337612627092
0 0.05273174945663943 0.4019071321722067 0.07106117076563397 0.1162562554359592
0 0.004807692307692308 0.2283653846153846 0.009615384615384616 0.0673076923076923
0 0.02283653846153846 0.3076923076923077 0.04567307692307692 0.10096153846153846
0 0.003605769230769231 0.20552884615384615 0.007211538461538462 0.055288461538461536
0 0.6033653846153846 0.49759615384615385 0.0673076923076923 0.0625
0 0.6349551822699749 0.4826998208262847 0.052995042452925606 0.06742345092706942
0 0.7800480769230769 0.47836538461538464 0.28125 0.10096153846153846
0 0.8420861193902929 0.4452972323704566 0.06851103479289204 0.08260240928211332
0 0.82573108970409 0.3568588456327934 0.05281288988344402 0.06501960477322313
0 0.69488711492194 0.4614584785865793 0.06093519119239041 0.07741677625843725
0 0.9311926482767894 0.4587277998131704 0.042468894990133066 0.054900299203193996
0 0.9795673076923077 0.41346153846153844 0.040865384615384616 0.052884615384615384
0 0.9699519230769231 0.4675480769230769 0.06009615384615385 0.12259615384615384
1 0.5276442307692307 0.5492788461538461 0.040865384615384616 0.040865384615384616
1 0.016826923076923076 0.6189903846153846 0.03365384615384615 0.10817307692307693
1 0.2608173076923077 0.5612980769230769 0.06490384615384616 0.06490384615384616
1 0.12234937281688392 0.6052636494109607 0.05390580530033354 0.07944268169630006
1 0.19643115353770363 0.5796606565085187 0.06443195276312608 0.09196583342017534
1 0.32572115384615385 0.5625 0.06009615384615385 0.0673076923076923
1 0.3802343080221936 0.5688212451740172 0.05630965145417969 0.07956866193496122
1 0.296875 0.5649038461538461 0.05048076923076923 0.07211538461538461
1 0.4579326923076923 0.5637019230769231 0.06009615384615385 0.06971153846153846
1 0.4210817612622853 0.5823675712361082 0.056491804023661274 0.08197250808880738
1 0.5120192307692307 0.5564903846153846 0.057692307692307696 0.055288461538461536
0 0.8264059058561378 0.6908623699691057 0.049498280882189945 0.0528743937653312
0 0.899850152583772 0.6568459155282022 0.04782304500627013 0.06236379814205465
0 0.901305953731348 0.5964348110853954 0.040065048836286914 0.05477431896453284
0 0.9324842282301766 0.6575490284601228 0.03471089882014985 0.047310820025672044
0 0.9589265359224843 0.65616324583485 0.0402472014057685 0.05717816511837899
0 0.9867788461538461 0.6310096153846154 0.026442307692307692 0.040865384615384616
0 0.9951923076923077 0.6213942307692307 0.009615384615384616 0.036057692307692304