0 0.21394230769230768 0.53125 0.16826923076923078 0.21634615384615385
0 0.13770443023162748 0.4351221200305692 0.1636987160389468 0.22409681305940027
0 0.046875 0.35697115384615385 0.09375 0.1658653846153846
0 0.046875 0.24278846153846154 0.09375 0.1346153846153846
0 0.036057692307692304 0.1622596153846154 0.07211538461538461 0.12740384615384615
0 0.07211538461538461 0.021634615384615384 0.052884615384615384 0.04326923076923077
0 0.11177884615384616 0.025240384615384616 0.040865384615384616 0.05048076923076923
0 0.13341346153846154 0.026442307692307692 0.040865384615384616 0.052884615384615384
0 0.1622596153846154 0.028846153846153848 0.055288461538461536 0.057692307692307696
0 0.18990384615384615 0.036057692307692304 0.052884615384615384 0.07211538461538461
0 0.23557692307692307 0.042067307692307696 0.0673076923076923 0.08413461538461539
0 0.25574959661367846 0.06836433168051691 0.06960620538222474 0.10625959300943458
0 0.37259615384615385 0.054086538461538464 0.08173076923076923 0.10817307692307693
0 0.41466346153846156 0.16706730769230768 0.0889423076923077 0.10817307692307693
0 0.5472407081481554 0.34907322726797985 0.16029384933371477 0.3052389095626256
0 0.6358173076923077 0.025240384615384616 0.07451923076923077 0.05048076923076923
0 0.8052884615384616 0.027644230769230768 0.09615384615384616 0.055288461538461536
0 0.9387019230769231 0.1045673076923077 0.12259615384615384 0.2091346153846154
0 0.09072060507601377 0.7880455041850886 0.11511465483163565 0.1578685524516217
0 0.14543269230769232 0.9110576923076923 0.1466346153846154 0.1778846153846154
0 0.19492238276911839 0.7457577913605969 0.08732881593121984 0.12686393193780648
0 0.22935664153368004 0.7079586584921077 0.06720235922837844 0.10606336876691991
0 0.3203405793079784 0.7186290955516537 0.06949424444821559 0.10385574685558836
0 0.3770615136460762 0.8225833512606653 0.10790311637009718 0.15727987972407767
0 0.4483173076923077 0.7560096153846154 0.021634615384615384 0.12259615384615384
0 0.4326923076923077 0.6754807692307693 0.052884615384615384 0.07211538461538461
0 0.7391826923076923 0.8197115384615384 0.31009615384615385 0.3605769230769231
0 0.9158653846153846 0.7944711538461539 0.16826923076923078 0.31009615384615385