0 0.02489316746003615 0.1682462803943378 0.039510520728859216 0.06099135609059822
0 0.06721831418867821 0.22333992138087633 0.05667311813132493 0.08061377630331197
0 0.10276641171587915 0.18448773687644257 0.03453499125839562 0.05126407119465813
0 0.09264143232000319 0.14457249970673106 0.03440911338631709 0.04405253273311967
0 0.10489143918804451 0.13163109656196603 0.029559461787932024 0.041536786298718036
0 0.14227693244473835 0.12528678527473325 0.02972729895070331 0.05115217091410265
0 0.16825768793942494 0.1523445445100965 0.032131145104549466 0.05120812105438032
0 0.17205835727048926 0.21014875248295972 0.05426927197747871 0.0805578261630343
0 0.24849281905842127 0.17104579728632516 0.04684793706247621 0.06837074497297024
0 0.22729877622608063 0.14530186140844054 0.029643380369317667 0.04634447860641034
0 0.19039581481235432 0.12400194192644264 0.024709810189546964 0.039021039864316265
0 0.1895654420594893 0.03380176101693412 0.02222204545431503 0.03415739741634615
0 0.23891331044155215 0.09988056011661363 0.029559461787932024 0.041536786298718036
0 0.27286695492242546 0.15237452945833374 0.03453499125839562 0.05126407119465826
0 0.2589683691330089 0.12199075169359017 0.02222204545431503 0.03415739741634615
0 0.2761729258261675 0.10074778729091924 0.02462589160816118 0.03421334755662396
0 0.2998966926844328 0.11933613484754318 0.022347923326393564 0.04136893587788461
0 0.2457621116400241 0.051943512390385 0.022138126872929383 0.029349705108653843
0 0.43815980582127945 0.12014942175966933 0.027239534215471376 0.04628852846613253
0 0.44334513174520723 0.09862670665560956 0.022096167582236495 0.026945858954807687
0 0.5687139523004512 0.21817860255187033 0.05663115884063211 0.07820993014946581
0 0.6057692307692307 0.42788461538461536 0.014423076923076924 0.07211538461538461
0 0.6141826923076923 0.40865384615384615 0.03125 0.057692307692307696
0 0.6611483179358044 0.4393503743853635 0.044402131617937164 0.06591094867884614
0 0.698219116512302 0.45103490925197676 0.07130599150786611 0.09296870791420944
0 0.7544367657381833 0.4679747375485046 0.09846160714195183 0.13444954407264967
0 0.8537707049236929 0.4257975394537397 0.04676401848109057 0.0635630526652778
0 0.8217803340443909 0.398599904867682 0.03689687812154902 0.04891617518108978
0 0.8418861650875322 0.2800291463043807 0.03689687812154902 0.04891617518108978
0 0.8772576123909702 0.3890694504017632 0.034576950549088374 0.053667917348504283
0 0.908192917710774 0.4078256483792205 0.04187240759201261 0.058643460077030016
0 0.9325670535747782 0.3891543805512291 0.041956326173398124 0.06345115238472232
0 0.9302884615384616 0.5108173076923077 0.13942307692307693 0.15625
0 0.9903846153846154 0.40865384615384615 0.019230769230769232 0.07692307692307693
0 0.5228365384615384 0.9266826923076923 0.15144230769230768 0.1466346153846154
0 0.5028240628153233 0.8357722435384088 0.1550088474011983 0.2078517819144232
0 0.6239604545482198 0.9730321956093485 0.032131145104549466 0.05120812105438032
0 0.6454326923076923 0.9783653846153846 0.036057692307692304 0.04326923076923077
0 0.6826923076923077 0.9663461538461539 0.038461538461538464 0.0673076923076923
0 0.7079326923076923 0.9771634615384616 0.036057692307692304 0.04567307692307692
0 0.7326370429596107 0.9467037980756948 0.03200526723247093 0.04399658259284186
0 0.7588905338438006 0.9581365573110581 0.03234094155801351 0.06322735182361108
0 0.7896634615384616 0.9723557692307693 0.03125 0.055288461538461536
0 0.7991624050973083 0.9242039653948722 0.029811217532088954 0.055959863221794956
0 0.8225714772753773 0.9608211591053423 0.032131145104549466 0.05120812105438032
0 0.8528922895879577 0.9458955358588146 0.03959443931024499 0.06579904839829052
0 0.8756658891134569 0.9500328314222226 0.03461890983978126 0.056071763502350436
0 0.9189351198826876 0.9510399339472226 0.0347447877118598 0.0632833019638889
0 0.9428057442583779 0.961214819965385 0.03453499125839562 0.05126407119465813
0 0.9517227172851533 0.9325644916102035 0.03221506368593511 0.056015813362072626
0 0.9720085520754208 0.9414535293410261 0.0346189098397814 0.056071763502350436
0 0.9963942307692307 0.9507211538461539 0.007211538461538462 0.055288461538461536