0 0.04567307692307692 0.265625 0.052884615384615384 0.08413461538461539
0 0.028846153846153848 0.25600961538461536 0.052884615384615384 0.10336538461538461
0 0.12860576923076922 0.2800480769230769 0.07932692307692307 0.055288461538461536
0 0.21033653846153846 0.265625 0.036057692307692304 0.08413461538461539
0 0.04567307692307692 0.6538461538461539 0.09134615384615384 0.1971153846153846
0 0.19230769230769232 0.6129807692307693 0.07211538461538461 0.09615384615384616
0 0.26322115384615385 0.8473557692307693 0.06971153846153846 0.30528846153846156
0 0.3066947792172216 0.6160752653887247 0.1355243277968471 0.23032663464800698
0 0.37581023795684376 0.4768925832709123 0.11740654005147277 0.15049604662649138
0 0.48066076191152163 0.5381525176540837 0.10192314818265781 0.1787545913706206
0 0.5767289804011873 0.5139080252608524 0.10331934593042291 0.15720392014343731
0 0.6072875093819998 0.6289721312215816 0.1530230164778243 0.24533732067310837
0 0.47836538461538464 0.8545673076923077 0.22596153846153846 0.29086538461538464
0 0.7630863517186163 0.5732143686890223 0.11221029840209641 0.1935134449234259
0 0.8247729779833771 0.5321696580917419 0.09895949735876669 0.16665141644395776
0 0.7115384615384616 0.33413461538461536 0.10096153846153846 0.052884615384615384