0 0.10096153846153846 0.055288461538461536 0.12980769230769232 0.11057692307692307
0 0.37740384615384615 0.12121711431978771 0.11057692307692307 0.18016301428287507
0 0.47836538461538464 0.08469912803475467 0.07451923076923077 0.16102540929096762
0 0.5709134615384616 0.11963376240167947 0.06971153846153846 0.14629424144589281
0 0.8173076923076923 0.18491903739671078 0.04326923076923077 0.06527281829798118
0 0.8569711538461539 0.3278099795979203 0.07692307692307693 0.11791022398273572
0 0.9278846153846154 0.27158294619075884 0.0625 0.09054364352443428
0 0.9435096153846154 0.19125472761734252 0.04567307692307692 0.07744609452821088
0 0.8834134615384616 0.6570474232472938 0.057692307692307696 0.2128317064485904
0 0.9146634615384616 0.6177884615384616 0.06009615384615385 0.15865384615384615
0 0.8569711538461539 0.5985576923076923 0.040865384615384616 0.1201923076923077
0 0.9747596153846154 0.6538461538461539 0.05048076923076923 0.23076923076923078
0 0.9591346153846154 0.5661057692307693 0.038461538461538464 0.055288461538461536