0 0.42284830347955693 0.04125446909206133 0.06082668288956993 0.078937736701447
0 0.5452444687324397 0.3676624943529137 0.07927385832102374 0.06037852073013447
0 0.5180288461538461 0.2860576923076923 0.06009615384615385 0.057692307692307696
0 0.6596047073988954 0.27941461525412614 0.044640519918033035 0.03516484098762372
0 0.6937748320552637 0.2613705018944378 0.039832827610340724 0.03499695267275955
0 0.8426622796129112 0.3115383698295421 0.07638026604260517 0.04827534580347162
0 0.8996199681183605 0.29149486389732593 0.06176129066969939 0.04296398855118665
0 0.7992788461538461 0.4795673076923077 0.11778846153846154 0.07932692307692307
0 0.9042235816893397 0.40447563312809515 0.06946257525581026 0.05523505179271382
0 0.9819711538461539 0.3473557692307692 0.036057692307692304 0.05048076923076923
0 0.23798076923076922 0.625 0.14903846153846154 0.21153846153846154
0 0.37740384615384615 0.9314903846153846 0.11057692307692307 0.13701923076923078
0 0.8457027957287013 0.9213636250283869 0.14961797660106385 0.13724818790746368