0 0.018028846153846152 0.5865384615384616 0.036057692307692304 0.057692307692307696
0 0.06528227556453506 0.6004661787225525 0.04618021505346503 0.06476764429590094
0 0.09896576891555729 0.5723231378083192 0.041372522745772716 0.06451568381857847
0 0.14939055767932202 0.570879475873358 0.05898317236075894 0.0822244685661297
0 0.16706730769230768 0.6634615384615384 0.11298076923076923 0.14903846153846154
0 0.35336538461538464 0.671875 0.20192307692307693 0.13221153846153846
0 0.260049794493078 0.5890598563140758 0.07418997582189887 0.09980727307501962
0 0.23922855284370173 0.5469874378121259 0.0561314824708767 0.07248310371208391
0 0.17614241490382826 0.5371047602904928 0.04640413692148307 0.06957533660359311
0 0.12395589839309537 0.5506306431140153 0.03600502576803531 0.05224449257202552
0 0.037891613860498344 0.5707279415864863 0.03337725774617125 0.047310820025672044
0 0.22310635649535643 0.45551019291766887 0.03337725774617111 0.047310820025672044
0 0.27280671311541016 0.41813481891367654 0.033489218680180136 0.049714666179518203
0 0.34516572501394605 0.5378385380802658 0.056243443404885726 0.07488694986593007
0 0.32258275561760164 0.5078483404668774 0.0412605618117637 0.06211183766473246
0 0.40241018897021763 0.5444303969677826 0.06686647642635152 0.09702548620519011
0 0.4557689813606976 0.5572208415979067 0.08973266208506586 0.12460161604544814
0 0.41924042597448835 0.49199182322812346 0.0486960221413202 0.06729747068840826
0 0.39260384361133877 0.4718059805881113 0.038632793789899506 0.05717816511837899
0 0.4398707068803702 0.4609359043957572 0.03852083285589048 0.05477431896453284
0 0.48182605363866887 0.4611350963730331 0.043552447031600834 0.059833971749547334
0 0.49029218171678746 0.5110489545298271 0.06194682318464992 0.0943696795740215
0 0.5985576923076923 0.5240384615384616 0.08173076923076923 0.1201923076923077
0 0.5808579229522258 0.47153191646859516 0.05864728955873188 0.07501293010459123
0 0.5311048997925151 0.45855250148047944 0.05076398549313929 0.06021191246553082
0 0.5889388156160078 0.4267458120257884 0.05864728955873188 0.0750129301045911
0 0.625 0.40865384615384615 0.028846153846153848 0.0673076923076923
0 0.7396927880675235 0.5343297446339308 0.19584440351101898 0.2404697091461398
0 0.8640309642455122 0.38753171293953403 0.10985911878790725 0.14484022718550668
0 0.790838873196604 0.18274341578872863 0.07418997582189887 0.09980727307501962
0 0.8295539807233363 0.1495407220894806 0.0357811039000174 0.04743680026433321
0 0.863816984159537 0.23766926904013289 0.04903190494334726 0.07450900914994658
0 0.8929990208077179 0.2289459677146606 0.04858406120731118 0.0648936245345621
0 0.94118790481865 0.22402251678759125 0.053391753515003484 0.06514558501188429
0 0.9195269561642061 0.1999789444394876 0.045732371317429084 0.055152259680516326
0 0.9691976655870838 0.18898288800847235 0.03360117961418915 0.052118512333364356
0 0.984375 0.16947115384615385 0.03125 0.05048076923076923
0 0.8167510234160426 0.7993215226333739 0.06161094038262313 0.08715814111248303
0 0.8305288461538461 0.9759615384615384 0.08413461538461539 0.04807692307692308