0 0.04567307692307692 0.1310096153846154 0.09134615384615384 0.25721153846153844
0 0.18945722298477832 0.1726577149431468 0.17048739034232588 0.2505391207517081
0 0.026442307692307692 0.5865384615384616 0.052884615384615384 0.21634615384615385
0 0.16826923076923078 0.6274038461538461 0.22115384615384615 0.2980769230769231
0 0.25721153846153844 0.5721153846153846 0.08173076923076923 0.1875
0 0.3389423076923077 0.84375 0.08173076923076923 0.11538461538461539
0 0.39457351260229684 0.8421796109616339 0.06955991851352752 0.10606336876691991
0 0.3689887047160649 0.7839232081636174 0.05295162871721585 0.07363602331183185
0 0.3828739950790182 0.7432294701689123 0.03718380541060995 0.05322790862597456
0 0.3233173076923077 0.7716346153846154 0.05048076923076923 0.057692307692307696
0 0.30408653846153844 0.7439903846153846 0.01201923076923077 0.06971153846153846
0 0.30408653846153844 0.7151442307692307 0.01201923076923077 0.04567307692307692
0 0.4244957995351379 0.7573825899839695 0.04590818355361857 0.07545119673813397
0 0.4519719370064275 0.757235322619042 0.035116145852646025 0.057839376691152196
0 0.4336574442393694 0.7174983265811581 0.03461186595882261 0.05062783822961373
0 0.5123537374657933 0.8004062429009324 0.06218028675404788 0.10307084988552973
0 0.5358879191104314 0.7951569468645407 0.046244370149500794 0.08025888904582629
0 0.49383764473449376 0.7236058557209479 0.032376113102917575 0.052835460140945346
0 0.568558475467966 0.7667521983810034 0.04009193145827958 0.0606356713300277
0 0.5643308730281025 0.7233848554905152 0.0341075860649992 0.04341629976807527
0 0.6338237782090295 0.7601291342809261 0.11614047525891061 0.19112995012043849
0 0.7670444364246547 0.6144506657548832 0.1159723819609695 0.18872610396659234
0 0.9080220963704672 0.7335141881375242 0.034948052554704775 0.05543553053730604
0 0.7145542243271171 0.8037660375472682 0.04864821630334695 0.08045511328834096
0 0.7520659796586441 0.8104132825370148 0.03629279893823396 0.07466629976807528
0 0.7342810367767446 0.7611590140050037 0.04266387091006671 0.06323574172638853
0 0.7557980988460892 0.7270635641224582 0.027400327497284084 0.05003916550206984
0 0.699391760879675 0.7236542175002865 0.030140360247012603 0.05504308205227669