0 0.449319271949928 0.24783415151773405 0.14831490959202234 0.21985691643240501
0 0.5108173076923077 0.2932692307692308 0.055288461538461536 0.16826923076923078
0 0.5456730769230769 0.375 0.014423076923076924 0.04807692307692308
0 0.5819334481990015 0.3788027119998869 0.033262648879914404 0.052329314762756735
0 0.5764338053367507 0.4525517154641228 0.03326264887991447 0.052329314762756735
0 0.6947115384615384 0.47115384615384615 0.038461538461538464 0.03365384615384615
0 0.7213260137757822 0.4283716651617124 0.035245876459116726 0.04767566791606343
0 0.9789625309943014 0.06720347363489382 0.03410388602920214 0.06194469937814135
0 0.24769585826189364 0.679184789774826 0.05375527383461527 0.06798475537382528
0 0.302428035235754 0.7173525364170726 0.05480682027122496 0.08000398614305591
0 0.35247347524152334 0.6882896134821266 0.04873727223960108 0.06527281829798125
0 0.3746180631485032 0.7638101397478506 0.05742097571239286 0.08256187775790107
0 0.4276982771700845 0.742112800735442 0.05135142768076898 0.06783070991282628
0 0.5006085868925202 0.8651083673367993 0.06892914391367483 0.10481267498651246
0 0.5180288461538461 0.7800480769230769 0.040865384615384616 0.07451923076923077
0 0.4735669527301272 0.7199533253400365 0.04089480591609684 0.05759914345344578
0 0.5228365384615384 0.7403846153846154 0.03125 0.04807692307692308
0 0.5300480769230769 0.7211538461538461 0.016826923076923076 0.04807692307692308
0 0.5877403846153846 0.9639423076923077 0.06971153846153846 0.07211538461538461
0 0.6754807692307693 0.9831730769230769 0.07211538461538461 0.03365384615384615
0 0.7644230769230769 0.9867788461538461 0.0673076923076923 0.026442307692307692
0 0.9651442307692307 0.9242788461538461 0.06971153846153846 0.12259615384615384
0 0.8731627888787743 0.8872392445267925 0.05366482984131037 0.09427301760513397
0 0.8012724242010676 0.9125119121589018 0.0677871534837605 0.11908170644859026
0 0.7275650092804125 0.8623715168668552 0.06589436989786315 0.097447091063975
0 0.6356930822159537 0.8505081739642795 0.07938576567834738 0.11504424144589283
0 0.5528846153846154 0.8329326923076923 0.028846153846153848 0.10817307692307693
0 0.5661057692307693 0.6983173076923077 0.055288461538461536 0.10817307692307693
0 0.6523412973974355 0.71293364257319 0.05847252214900268 0.0945811085271319
0 0.7018304528386035 0.7184954206775148 0.061717605452136635 0.10435053860351545
0 0.7608750602481478 0.7103273264332579 0.06087636830284883 0.09473515398813084
0 0.8262594576236462 0.7336403003804995 0.05501712955854684 0.0824078322969022
0 0.8935671499313386 0.7379535732884702 0.06306990516937325 0.09248535329528369
0 0.9618811666789882 0.7674302080813261 0.061507296164814616 0.10194669244966931
0 0.9277930813457262 0.6373610069710668 0.05847252214900268 0.0945811085271319
0 0.8539647110854698 0.654143190334215 0.059734377872934244 0.10900418545020883
0 0.7711224627710824 0.6225403596984423 0.055858366707834645 0.09202321691228682
0 0.6707172088741451 0.5814457492972154 0.06349052374401701 0.097293045602976
0 0.6065946672225782 0.5725558522730508 0.06087636830284883 0.09473515398813084
0 0.5600961538461539 0.5564903846153846 0.04326923076923077 0.0889423076923077