0 0.2996278572106344 0.3962237634252939 0.11768233202666287 0.11867202001733244
0 0.3870192307692308 0.45072115384615385 0.04326923076923077 0.13701923076923078
0 0.23197115384615385 0.4699519230769231 0.14182692307692307 0.0985576923076923
0 0.038461538461538464 0.8545673076923077 0.07692307692307693 0.29086538461538464
0 0.20100692834286157 0.8678322506453668 0.18017415173977833 0.23813915626186216
0 0.33774038461538464 0.8413461538461539 0.14182692307692307 0.22596153846153846
0 0.8796281544316321 0.6685192411237302 0.07171540742884251 0.11013153074682322
0 0.8401442307692307 0.9759615384615384 0.15144230769230768 0.04807692307692308
0 0.8942307692307693 0.9699519230769231 0.08173076923076923 0.06009615384615385
0 0.515625 0.9759615384615384 0.14182692307692307 0.04807692307692308
0 0.453125 0.9495192307692307 0.0889423076923077 0.10096153846153846
0 0.569672842762111 0.9392465969306898 0.09104412588452618 0.11309493513602548