0 0.38221153846153844 0.11057692307692307 0.04807692307692308 0.1346153846153846
0 0.3894230769230769 0.2127403846153846 0.0625 0.09375
0 0.6227155233779411 0.16294100764574318 0.06282400024351467 0.09830381423703936
0 0.707422558824704 0.1781092068137627 0.0650879568385217 0.09367827449882864
0 0.7915350636464009 0.21371009828947438 0.06473823294142442 0.08165904372959787
0 0.8759623199754858 0.23849368207287852 0.06247427634641712 0.0862845834678086
0 0.9855769230769231 0.24759615384615385 0.028846153846153848 0.08653846153846154
0 0.3173076923076923 0.5024038461538461 0.04326923076923077 0.04807692307692308
0 0.2953856396051385 0.6754901841564025 0.05780647359756394 0.09072797063653773
0 0.09755433227810292 0.5501659999928548 0.05759663925930539 0.08351643217499927
0 0.06850961538461539 0.5084134615384616 0.055288461538461536 0.06009615384615385
0 0.42908653846153844 0.8149038461538461 0.14182692307692307 0.25
0 0.5209809792521235 0.6784447462435232 0.13442404774937994 0.1684900849058512
0 0.6114307127926152 0.743547256933867 0.12070041862049805 0.19143563102742325
0 0.7116099968537477 0.7215648483773047 0.12014086038514207 0.172204861796654
0 0.7166661089800728 0.8363119297687347 0.178087223541545 0.26774052474088417
0 0.5360576923076923 0.9483173076923077 0.25961538461538464 0.10336538461538461
0 0.8848525331430925 0.7851907877282268 0.13320926284566548 0.20917331695175426
0 0.9471153846153846 0.7463942307692307 0.10576923076923077 0.18028846153846154
0 0.8942307692307693 0.5276442307692307 0.11538461538461539 0.0985576923076923