0 0.09226229658739292 0.30288461538461536 0.13506499561570529 0.12259615384615384
0 0.23040053016217923 0.2548076923076923 0.11069083323557703 0.10817307692307693
0 0.3233173076923077 0.22355769230769232 0.03125 0.07692307692307693
0 0.3713942307692308 0.04807692307692308 0.06490384615384616 0.08653846153846154
0 0.5084134615384616 0.03365384615384615 0.06971153846153846 0.0673076923076923
0 0.6389964162976493 0.0673076923076923 0.04964352700470087 0.0673076923076923
0 0.6743277617207796 0.046875 0.04735158113141033 0.07211538461538461
0 0.8399123906957262 0.11057692307692307 0.06222225917670944 0.09134615384615384
0 0.8812803216345615 0.140625 0.07429744008621789 0.09375
0 0.9651442307692307 0.14543269230769232 0.06971153846153846 0.10817307692307693
0 0.9879807692307693 0.14302884615384615 0.02403846153846154 0.0985576923076923
0 0.018028846153846152 0.7067307692307693 0.036057692307692304 0.10096153846153846
0 0.07168470423376022 0.7307692307692307 0.10275395282852583 0.18028846153846154
0 0.23287925707499932 0.8798076923076923 0.11902137450267083 0.15625
0 0.3605769230769231 0.5913461538461539 0.04326923076923077 0.125
0 0.4526373645390486 0.671875 0.14099169072895307 0.17067307692307693
0 0.559079001930662 0.5913461538461539 0.09173981470619672 0.1201923076923077
0 0.6452248075481298 0.6598557692307693 0.11885352408183782 0.14903846153846154
0 0.6554006985053414 0.5841346153846154 0.0744093403667735 0.0985576923076923
0 0.9296329756566768 0.6790865384615384 0.08972761953429507 0.13701923076923078
0 0.9771634615384616 0.6237980769230769 0.04567307692307692 0.06971153846153846
0 0.9653290019306618 0.5913461538461539 0.04215223784177351 0.055288461538461536
0 0.9939903846153846 0.5901442307692307 0.01201923076923077 0.06490384615384616
0 0.8868693060280445 0.5540865384615384 0.0348287990996797 0.05048076923076923
0 0.85983952186282 0.5793269230769231 0.04707183043002116 0.06009615384615385
0 0.8084365802565165 0.5673076923076923 0.04461203413589761 0.057692307692307696
0 0.7740384615384616 0.5456730769230769 0.03365384615384615 0.03365384615384615
0 0.7512019230769231 0.5564903846153846 0.04567307692307692 0.055288461538461536
0 0.7211538461538461 0.5492788461538461 0.038461538461538464 0.040865384615384616
0 0.6862980769230769 0.5516826923076923 0.040865384615384616 0.04567307692307692
0 0.6790865384615384 0.5360576923076923 0.03125 0.014423076923076924
0 0.5817307692307693 0.5528846153846154 0.04807692307692308 0.04807692307692308
0 0.453125 0.5504807692307693 0.06490384615384616 0.04326923076923077
0 0.4795673076923077 0.5576923076923077 0.04567307692307692 0.057692307692307696