0 0.27524038461538464 0.28725961538461536 0.01201923076923077 0.05048076923076923
0 0.31746489505809383 0.32844431071777286 0.028499241415511085 0.05263923589843053
0 0.34522951728674656 0.2938339209731885 0.02869513986534001 0.05744692820612284
0 0.40905592196653373 0.31497817411760004 0.0333069337232034 0.053031684383459884
0 0.41790606487366816 0.24477607504977483 0.02580154758692165 0.04523147319437753
0 0.4947128404807653 0.32954871677168734 0.03350283217303232 0.057839376691152196
0 0.48749721187578465 0.27143938297251513 0.02830334296568223 0.047831543590738226
0 0.5594207881847825 0.3290583545314835 0.031098986019186096 0.05764315244863765
0 0.578125 0.3473557692307692 0.036057692307692304 0.06490384615384616
0 0.637447838959868 0.3250849128036029 0.023299752208160933 0.04263140279801657
0 0.65625 0.35216346153846156 0.038461538461538464 0.055288461538461536
0 0.7209457843825395 0.33384206431558955 0.02859719064042565 0.05504308205227669
0 0.7936264221129032 0.343482224918892 0.031196935244100662 0.06004699860248367
0 0.9002403846153846 0.359375 0.05048076923076923 0.040865384615384616
0 0.9362980769230769 0.1778846153846154 0.12740384615384615 0.3557692307692308
0 0.014423076923076924 0.3870192307692308 0.028846153846153848 0.014423076923076924
0 0.06610576923076923 0.3954326923076923 0.036057692307692304 0.03125
0 0.12339002655849927 0.45773904682425537 0.07603335361196255 0.10204057342928617
0 0.13007102456989264 0.5877675409962974 0.12253490880336998 0.18489953287147343
0 0.25240384615384615 0.4483173076923077 0.03365384615384615 0.12259615384615384
0 0.234375 0.4170673076923077 0.06490384615384616 0.07451923076923077
0 0.6262734470327367 0.8825322377418916 0.056508736706450034 0.0932592410276303
0 0.8621360374975187 0.7386947104604833 0.06680976589623591 0.11087106107461207