0 0.03245192307692308 0.4675480769230769 0.06490384615384616 0.11778846153846154
0 0.1141826923076923 0.4735576923076923 0.0985576923076923 0.11057692307692307
0 0.5096153846153846 0.15384615384615385 0.019230769230769232 0.0625
0 0.5410289752730085 0.15504807692307693 0.03787625657259962 0.0625
0 0.5847657089352575 0.18028846153846154 0.04578724282833317 0.08653846153846154
0 0.6254783421650116 0.14423076923076922 0.03313850904432673 0.06490384615384616
0 0.6854824406688278 0.18870192307692307 0.045437518931235626 0.07451923076923077
0 0.813519402928114 0.29086538461538464 0.07320877743251394 0.1201923076923077
0 0.9231299609199553 0.36538461538461536 0.11369871449721813 0.18990384615384615
0 0.8049753005669403 0.2127403846153846 0.0629638898023538 0.0985576923076923
0 0.7983454309036764 0.15144230769230768 0.0354024656393339 0.06009615384615385
0 0.893694912094198 0.17908653846153846 0.03299861948548774 0.06009615384615385
0 0.9207096398486533 0.20072115384615385 0.05526273788487866 0.08173076923076923
0 0.07692307692307693 0.6129807692307693 0.125 0.16826923076923078
0 0.2693223925541757 0.8028846153846154 0.17561343260827927 0.25240384615384615
0 0.4338942307692308 0.5793269230769231 0.13221153846153846 0.10096153846153846
0 0.45072115384615385 0.8245192307692307 0.0985576923076923 0.23557692307692307
0 0.5132211538461539 0.6526442307692307 0.026442307692307692 0.2283653846153846
0 0.5480769230769231 0.5697115384615384 0.07692307692307693 0.08173076923076923
0 0.7139423076923077 0.5745192307692307 0.07211538461538461 0.09134615384615384