0 0.2932692307692308 0.7067307692307693 0.17548076923076922 0.27163461538461536
0 0.30288461538461536 0.5 0.1141826923076923 0.16826923076923078
0 0.19591346153846154 0.44711538461538464 0.1045673076923077 0.19230769230769232
0 0.15985576923076922 0.30288461538461536 0.07451923076923077 0.12259615384615384
0 0.09254807692307693 0.30528846153846156 0.056490384615384616 0.109375
0 0.4519230769230769 0.38461538461538464 0.09014423076923077 0.15985576923076922
0 0.5024038461538461 0.5504807692307693 0.1310096153846154 0.23317307692307693
0 0.4963942307692308 0.3088942307692308 0.08533653846153846 0.1310096153846154
0 0.7007211538461539 0.27524038461538464 0.06610576923076923 0.1201923076923077
0 0.7584134615384616 0.3173076923076923 0.09254807692307693 0.14903846153846154
0 0.7824519230769231 0.43028846153846156 0.10576923076923077 0.17427884615384615
0 0.6995192307692307 0.8533653846153846 0.18028846153846154 0.2764423076923077
0 0.9471153846153846 0.46875 0.10576923076923077 0.22115384615384615
0 0.8341346153846154 0.2692307692307692 0.07451923076923077 0.12620192307692307