0 0.055288461538461536 0.3545673076923077 0.11057692307692307 0.2620192307692308
0 0.05869939508929643 0.1895099506280429 0.10375743636824808 0.12641617361781735
0 0.16012711490136938 0.23223228037335986 0.0973799501204385 0.10698950593721926
0 0.2704326923076923 0.040865384615384616 0.09375 0.08173076923076923
0 0.35959738879301284 0.2705080921892504 0.10498393706700646 0.11209104591965485
0 0.3623443298221354 0.17776411681634458 0.0773642839196107 0.09659052752251895
0 0.45030551630186966 0.19340746890741 0.06495260466535058 0.0912930890902545
0 0.504686986225429 0.36927594489439486 0.15335499814161851 0.17635413196811497
0 0.5411121526641497 0.23328518098676582 0.07839456037585399 0.0798615536705103
0 0.5320117079108039 0.18226569101896709 0.07559826573697848 0.07495591213790356
0 0.6425646484641406 0.3495696914866766 0.07427345455088002 0.1467774490785449
0 0.6021634615384616 0.5216346153846154 0.10817307692307693 0.052884615384615384
0 0.7461742223692126 0.06145926270807179 0.04577099067825135 0.06176129066969946
0 0.9469445314590366 0.0985821260594965 0.06995652121555743 0.09389283369392952
0 0.010817307692307692 0.5913461538461539 0.021634615384615384 0.052884615384615384
0 0.04820159648084447 0.6170558338688998 0.03836322797419825 0.059063596841109955
0 0.08823292888250027 0.5993922522367618 0.033751759909020615 0.06127154454512725
0 0.13672687806628772 0.6110155959628927 0.05155980419851694 0.07397641988875901
0 0.1301044090644591 0.7216904682647302 0.0970854153905836 0.16208206902585195
0 0.2930512060300416 0.8380688378461131 0.17346857809762078 0.24665336577913985
0 0.2375659251508167 0.660949464169748 0.06495260466535058 0.0912930890902545
0 0.22817114403369898 0.6135357434327185 0.04837106107461208 0.06426308604846011
0 0.16893342165702607 0.5857976535820156 0.03895190070174227 0.06627513530264842
0 0.1160488062724107 0.5836427706338976 0.030170568300086405 0.046750518397135905
0 0.029510344733949125 0.5801165985369775 0.027570497903725573 0.04424872301837532
0 0.33016295895148084 0.634574483180963 0.04856728531712689 0.06666693220230613
0 0.3161812873910205 0.5990330693757926 0.03355553566650594 0.0588676983912811
0 0.38378351442856773 0.6572600076616875 0.057544841961297305 0.0885953952616648
0 0.4322039291129329 0.6845573260002756 0.07653023170588168 0.11572334752837375
0 0.4118445729385799 0.6089606537569859 0.04096329837055908 0.061565392219870535
0 0.38986646594652247 0.5827407768924568 0.033163087181476585 0.05406000608358879
0 0.4378452769021882 0.5859016844676689 0.03296686293896191 0.05165615992974264
0 0.4779257645475141 0.5971822059065991 0.03797077948916876 0.05425590453341765
0 0.4749088664103719 0.6489138728267486 0.052540925411090185 0.08599565065799006
0 0.578446096012519 0.6953399210277493 0.07353771282449163 0.10841385984192087
0 0.5712343591848975 0.6359559441339463 0.05097113147097277 0.06676488142722056
0 0.5264197137313016 0.6088055496327299 0.04518231795070722 0.05454975220816093
0 0.5879875493963156 0.593225434101745 0.05097113147097277 0.06676488142722056
0 0.6387626549908567 0.5916765985941791 0.045574766435736574 0.05935744451585324
0 0.6766826923076923 0.6923076923076923 0.06490384615384616 0.11057692307692307
0 0.6935096153846154 0.7403846153846154 0.03125 0.125
0 0.8817475391379157 0.7944628664504207 0.0803076475573307 0.13264821983021127
0 0.931320523289451 0.733774927111338 0.04856728531712689 0.06666693220230627
0 0.9120405988150118 0.7040472302409542 0.03777455524665422 0.05185205837957149
0 0.9595042715425558 0.6987457016652474 0.04336714452440523 0.06166334144478496
0 0.9739027708437977 0.6848613454792 0.027570497903725438 0.04424872301837532
0 0.8301625622193151 0.6729747765997177 0.03277063869644737 0.049252313775896485
0 0.8061732559245236 0.7009393874216415 0.04317092028189069 0.05925949529093881
0 0.7537792011461948 0.6927748890889082 0.04037462564301491 0.05435385375833208
0 0.7199519230769231 0.6634615384615384 0.021634615384615384 0.04807692307692308