0 0.036057692307692304 0.2644230769230769 0.07211538461538461 0.21634615384615385
0 0.10095176314691984 0.3400989179551747 0.11966253745776124 0.16311369755164107
0 0.1936536821230736 0.3549355044930026 0.09548421950741161 0.15067487387548192
0 0.3768889036258025 0.09496619567554311 0.06599472616657277 0.0948829008487064
0 0.6237980769230769 0.052884615384615384 0.23317307692307693 0.10576923076923077
0 0.021634615384615384 0.7307692307692307 0.04326923076923077 0.09134615384615384
0 0.039663461538461536 0.8185096153846154 0.07932692307692307 0.1466346153846154
0 0.1016921600646124 0.7673358941028655 0.07809787078293641 0.10230423576370903
0 0.14381541032167533 0.7728778739976824 0.07323423591048886 0.09741262487463095
0 0.1658653846153846 0.9134615384615384 0.15384615384615385 0.17307692307692307
0 0.18226296314202498 0.7723472995718446 0.05383563898545404 0.08265387362601145
0 0.13621227390685034 0.7390981499717577 0.060907321035104406 0.07076052072885922
0 0.23992729955195505 0.7709504763946262 0.08539332309160773 0.10964165209732603
0 0.2916799200655914 0.7778622165291375 0.07080241847426522 0.09496681943009204
0 0.289862628776361 0.7249566214991757 0.06082340718797168 0.06354898226732075
0 0.34810037647503206 0.7728386444758037 0.05621151385692258 0.08029198676285805
0 0.3552847857195069 0.8739050811640742 0.09760835283748183 0.12667837162771314
0 0.40549982776768884 0.8519496878070852 0.07569402462909025 0.10226227647301628
0 0.43149038461538464 0.8064903846153846 0.036057692307692304 0.0985576923076923
0 0.1622596153846154 0.5420673076923077 0.036057692307692304 0.026442307692307692
0 0.28125 0.9519230769230769 0.19230769230769232 0.09615384615384616
0 0.4014423076923077 0.9435096153846154 0.09615384615384616 0.11298076923076923
0 0.4362980769230769 0.90625 0.026442307692307692 0.10576923076923077
0 0.4795673076923077 0.9290865384615384 0.06009615384615385 0.14182692307692307
0 0.6384211631493673 0.9080001236247441 0.1365733743818172 0.17061895104802935
0 0.8942307692307693 0.9507211538461539 0.14903846153846154 0.0985576923076923