0 0.04326923076923077 0.06610576923076923 0.07211538461538461 0.13221153846153846
0 0.18389423076923078 0.125 0.16105769230769232 0.25
0 0.3245192307692308 0.23557692307692307 0.27884615384615385 0.47115384615384615
0 0.578125 0.25961538461538464 0.06009615384615385 0.21634615384615385
0 0.5877403846153846 0.09735576923076923 0.07932692307692307 0.19471153846153846
0 0.640625 0.019230769230769232 0.11298076923076923 0.038461538461538464
0 0.8197115384615384 0.028846153846153848 0.1346153846153846 0.057692307692307696
0 0.830819896562449 0.11538461538461539 0.12819173619971463 0.19230769230769232
0 0.5264423076923077 0.7451923076923077 0.04326923076923077 0.22596153846153846
0 0.2923603806557085 0.8353365384615384 0.1915310735527487 0.22115384615384615
0 0.31279668605406535 0.7115384615384616 0.13456393730821886 0.16346153846153846
0 0.0625 0.7728365384615384 0.125 0.15625
0 0.1466346153846154 0.6478365384615384 0.11057692307692307 0.11778846153846154
0 0.038461538461538464 0.6634615384615384 0.07692307692307693 0.11538461538461539
0 0.5745192307692307 0.7283653846153846 0.052884615384615384 0.08173076923076923
0 0.6334134615384616 0.6105769230769231 0.04567307692307692 0.04326923076923077
0 0.7233169306893199 0.7055288461538461 0.0374565878960825 0.04807692307692308
0 0.7574603902991026 0.7223557692307693 0.05229933349567654 0.0625
0 0.8320145934580432 0.7235576923076923 0.06996559392563356 0.09134615384615384
0 0.9081075817642128 0.7776442307692307 0.13243987027205095 0.17307692307692307
0 0.9831730769230769 0.703125 0.03365384615384615 0.055288461538461536