0 0.14543269230769232 0.5408653846153846 0.15144230769230768 0.29447115384615385
0 0.47475961538461536 0.5661057692307693 0.19951923076923078 0.36538461538461536
0 0.9278846153846154 0.5324519230769231 0.14182692307692307 0.34134615384615385
0 0.8197115384615384 0.5168269230769231 0.11057692307692307 0.23076923076923078
0 0.5480769230769231 0.43149038461538464 0.13341346153846154 0.2439903846153846
0 0.6862980769230769 0.28125 0.07692307692307693 0.18870192307692307
0 0.5396634615384616 0.28966346153846156 0.09495192307692307 0.14423076923076922
0 0.8064903846153846 0.19831730769230768 0.0733173076923077 0.12860576923076922
0 0.8858173076923077 0.25961538461538464 0.08774038461538461 0.17307692307692307
0 0.9711538461538461 0.3125 0.052884615384615384 0.1622596153846154
0 0.24879807692307693 0.3137019230769231 0.0829326923076923 0.13341346153846154
0 0.22956730769230768 0.4855769230769231 0.10817307692307693 0.21514423076923078
0 0.13221153846153846 0.35697115384615385 0.0829326923076923 0.12620192307692307