0 0.028846153846153848 0.3004807692307692 0.057692307692307696 0.2980769230769231
0 0.043933940114245666 0.31747466567275356 0.061717605452136635 0.10465959101624336
0 0.14026758420911728 0.2806770268742564 0.06547375132321911 0.09297654684289483
0 0.20709472529515727 0.3046984550963478 0.13377196737492844 0.19092887929142308
0 0.35012357144900336 0.3147000063238451 0.09852609091581171 0.14307058949511153
0 0.5733173076923077 0.22355769230769232 0.007211538461538462 0.04807692307692308
0 0.578125 0.15985576923076922 0.016826923076923076 0.04567307692307692
0 0.5873704382653143 0.23807137265538508 0.0310691120133902 0.05473364166196777
0 0.5901442307692307 0.2980769230769231 0.040865384615384616 0.07211538461538461
0 0.6643093158843316 0.3123802068189695 0.042366970927350284 0.07463678408450172
0 0.6063298755161689 0.15958491606816771 0.030438184151424415 0.04752210320042931
0 0.6294219452616817 0.17208315673988667 0.02824464728490028 0.04975785605633449
0 0.6482468065681631 0.15042327136393616 0.024999563981766323 0.039974378143008624
0 0.6668918699336189 0.17228475670412813 0.0306484934387463 0.04992594935427546
0 0.6730213506122514 0.1436907428048859 0.0276137194229345 0.042546317594796025
0 0.6921028332482915 0.2296743844668538 0.024999563981766323 0.039974378143008624
0 0.7014921078804138 0.16382075518299624 0.025209873269088343 0.042378224296854776
0 0.7325475992890322 0.2373396628395453 0.03933219691153821 0.06725715232502202
0 0.7440421468855424 0.3409319174105065 0.07415745479601117 0.11030774981364125
0 0.7716253549621805 0.2606299412122368 0.04371927064458676 0.06278564661321194
0 0.7780544988758554 0.15950030945275723 0.03284203030527057 0.04769019649837056
0 0.8125054502279212 0.23567520321006413 0.03764972261296288 0.048026383094252785
0 0.8685605056183058 0.27224541208654496 0.04936820010156687 0.07273721782447878
0 0.9075794186900298 0.406784986727924 0.08022700282763505 0.12506701333260067
0 0.9807692307692307 0.3088942307692308 0.038461538461538464 0.10336538461538461
0 0.9300688918287048 0.27412794503019755 0.05742097571239286 0.08285688233368688
0 0.9711140743851149 0.2334641603790544 0.05198235554273477 0.07530915727626618
0 0.9069316000865395 0.2483245038633542 0.041736043065384365 0.06742524562296313
0 0.6298076923076923 0.9411057692307693 0.09615384615384616 0.11778846153846154
0 0.6445042813018524 0.8388060411613469 0.061927914739458516 0.10706343717008952
0 0.753939213948861 0.8319471626456211 0.07520900123262099 0.12232698058287202
0 0.8582362797068381 0.8561701908319539 0.07677161023717935 0.11287968926542852
0 0.9699519230769231 0.7848557692307693 0.06009615384615385 0.11298076923076923