0 0.36778846153846156 0.4182692307692308 0.04326923076923077 0.08653846153846154
0 0.4182692307692308 0.4050480769230769 0.057692307692307696 0.10817307692307693
0 0.5122660117985007 0.295860901888176 0.08085870795050017 0.11874344340488573
0 0.55666260132693 0.39442190812321587 0.058895650177507426 0.08179006362512126
0 0.7875243277891781 0.3243614092992123 0.04982672327056757 0.08855375835062364
0 0.8749914835503403 0.3320537526213104 0.054270110439296707 0.0839699879109495
0 0.9658091110633423 0.3592007870421959 0.05558104117625335 0.06965887192188146
0 0.09134615384615384 0.6730769230769231 0.18269230769230768 0.3076923076923077
0 0.24759615384615385 0.6286057692307693 0.1971153846153846 0.21875
0 0.4836529658311537 0.7703866536227306 0.16266404149899408 0.21836807851301124
0 0.5474294532258013 0.6768638894180962 0.09841424130534958 0.12914255455833348
0 0.6242062403299824 0.7142124463942398 0.12004885668996497 0.13015020296441465
0 0.7900164114112118 0.7545016348517936 0.10952270922717243 0.11768312845914754
0 0.9038461538461539 0.7620192307692307 0.19230769230769232 0.2644230769230769
0 0.773317846777892 0.7042711207588709 0.09200303862290883 0.07614597823970908