0 0.8658985634162396 0.3010005421671337 0.08511533986502287 0.13458310159865994
0 0.9280059165651274 0.35138998956469725 0.09551562145046634 0.1448146680580404
1 0.30854915223312546 0.8502452628985991 0.04518231795070736 0.05550338822159763
1 0.12337966225363221 0.7872024189737906 0.046359663405795414 0.06992646514467456
1 0.6179097627189736 0.7325554928159677 0.04037462564301491 0.05519529729959976
1 0.5751310925560295 0.7413379264985642 0.038167003731683295 0.05744509799244691
1 0.502745949198708 0.7278534214441874 0.03615560606286677 0.06209874483914035
1 0.2700880105037528 0.734305346892125 0.03335931142399126 0.05713700707044904
0 0.7452151000193966 0.736376188729873 0.02418553053730604 0.032636409148990624
0 0.7616495746112903 0.730490178195188 0.024577979022335664 0.037444101456682935
0 0.8536823149401628 0.792252233906918 0.03277063869644737 0.049925468608910575
0 0.8996251506051766 0.8074312390322833 0.03698965827659551 0.04302202106936999
0 0.9831730769230769 0.8581730769230769 0.03365384615384615 0.07692307692307693
0 0.7337839468794611 0.9219649195700922 0.0615676372989309 0.08046612252605292
0 0.8099467044543146 0.8929199805491647 0.05656372074872378 0.07775418545020876
0 0.7055288461538461 0.8581730769230769 0.01201923076923077 0.07692307692307693