0 0.15384615384615385 0.09014423076923077 0.17307692307692307 0.18028846153846154
0 0.39783653846153844 0.17668269230769232 0.06009615384615385 0.10817307692307693
0 0.5564903846153846 0.2920673076923077 0.22355769230769232 0.23317307692307693
0 0.66079513826453 0.2535596019806326 0.15372761114170336 0.20597722873720195
0 0.9234206969198296 0.19885601117615875 0.09127502822348368 0.12357514872937013
0 0.9567307692307693 0.2548076923076923 0.08653846153846154 0.14903846153846154
0 0.07203801259842137 0.7547920225358754 0.10131043712350743 0.13089857232041907
0 0.18927829602780888 0.7834555209812607 0.09071499584396446 0.1139597641139855
0 0.2775905672931576 0.793237891225597 0.11671357071074272 0.14789332309160771
0 0.37740384615384615 0.9086538461538461 0.019230769230769232 0.1346153846153846
0 0.421875 0.9711538461538461 0.10336538461538461 0.057692307692307696
0 0.5168347741035361 0.9205569814669963 0.09904659906454108 0.13327444719188747
0 0.59375 0.9543269230769231 0.08653846153846154 0.09134615384615384
0 0.6490384615384616 0.9627403846153846 0.09134615384615384 0.07451923076923077
0 0.7920673076923077 0.9555288461538461 0.10336538461538461 0.0889423076923077
0 0.8786057692307693 0.9711538461538461 0.11298076923076923 0.057692307692307696