0 0.07932692307692307 0.04567307692307692 0.15865384615384615 0.09134615384615384
0 0.25580390072976 0.2670092498590347 0.21569400417412127 0.26635558988295993
0 0.332846897691455 0.10095873862933888 0.1276473710423948 0.16208272544526922
0 0.38461538461538464 0.05048076923076923 0.10576923076923077 0.10096153846153846
0 0.32091346153846156 0.021634615384615384 0.04567307692307692 0.04326923076923077
0 0.22775472998835716 0.04531761714506493 0.04169649314251645 0.053170261997827324
0 0.5060096153846154 0.24639423076923078 0.13221153846153846 0.27163461538461536
0 0.5336538461538461 0.0829326923076923 0.125 0.1658653846153846
0 0.6634615384615384 0.052884615384615384 0.17307692307692307 0.10576923076923077
0 0.9027876619388358 0.11441555907247428 0.1451513571854507 0.21116820830983912
0 0.9795673076923077 0.07932692307692307 0.040865384615384616 0.15865384615384615
0 0.40538336378737394 0.8233485744928484 0.03673475537382514 0.05043022924809894
0 0.4230769230769231 0.8052884615384616 0.03365384615384615 0.038461538461538464
0 0.3298628375216499 0.8337626822566732 0.028907035068290936 0.04031056473889112
0 0.3214798165942569 0.8138595398341395 0.026041052531448044 0.03293093297941141
0 0.29559280952380795 0.8410247607008821 0.02875298960729207 0.03790671858504469
0 0.27098474826078145 0.867072105139672 0.04138840222051858 0.04836256969013501
0 0.22834784084390886 0.8918587498439036 0.04154244768151759 0.050766415843981165
0 0.20557218360450755 0.8516322317539833 0.031464926683136094 0.04288250419067825
0 0.2213046469460756 0.8322080992339378 0.02363720637760189 0.03276283968147016
0 0.18749675533123045 0.832258639216608 0.02107931476275673 0.030190900229682755
0 0.18498544583581625 0.8526072848753297 0.02875298960729193 0.03790671858504497
0 0.18903905234687615 0.9023904109229993 0.04200458406451446 0.05797795430551963
0 0.16706590542919428 0.9250000794289613 0.04440843021836061 0.05814604760346061
0 0.1338276135389141 0.8973223419934302 0.03673475537382528 0.05043022924809894
0 0.13866574645767496 0.8783437127095726 0.028598944146293066 0.03550287243119881
0 0.16382910834256006 0.8813106154148778 0.02906108052928994 0.042714410892737274
0 0.16307318014027153 0.836587321621812 0.026041052531448044 0.03293093297941141
0 0.09524247022744525 0.8777218795004784 0.033868772836982246 0.04305059748861923
0 0.10616724126132099 0.8579615603845507 0.023791251838600758 0.03516668583531631
0 0.1176007307976245 0.8491025956099012 0.02619509799244691 0.03533477913325756
0 0.07867705595308916 0.8536246413043815 0.01580948607206755 0.022643175172262067
0 0.06960083045120086 0.8445388065741555 0.02363720637760189 0.03276283968147016
0 0.07755399801232166 0.9465089048233407 0.05223615052389482 0.0682657121126687
0 0.03699670431893498 0.9388436264506492 0.049062077065053916 0.05607838804549695
0 0.05651942296333974 0.8979529718439294 0.034176863758980255 0.047858289796311536
0 0.03611717126671605 0.87720936293169 0.023637206377601753 0.03276283968147016
0 0.01261786884175085 0.8671149684138171 0.023637206377601822 0.03276283968147016
0 0.02012319912258098 0.9195540805622445 0.036888800834824216 0.052834075401945096