0 0.1346153846153846 0.15745192307692307 0.14903846153846154 0.18509615384615385
0 0.0889423586417074 0.614715476865674 0.08498171603655713 0.23659811299264122
0 0.15868060197611972 0.5864351315115344 0.089369687557089 0.22494318736237362
0 0.18770608180416942 0.5251011918378717 0.04198719307368611 0.1038759795732437
0 0.26221387490636844 0.5990753843069344 0.06820820270538192 0.1681975052680594
0 0.33660718943945117 0.601116344730094 0.04223902554598224 0.11108751803478215
0 0.3995116430207694 0.5831068493598173 0.039415458604975785 0.0988861346960698
0 0.4253663416110524 0.5682836045471915 0.03701161245112963 0.09870398212658821
0 0.41586538461538464 0.7788461538461539 0.0673076923076923 0.21634615384615385
0 0.43149038461538464 0.7319711538461539 0.036057692307692304 0.19471153846153846
0 0.3941354383557052 0.7037724698511217 0.05319751668028024 0.1502776667742468
0 0.49278846153846156 0.5204326923076923 0.08653846153846154 0.12740384615384615
0 0.5422772190352876 0.488930233645316 0.06303419935627688 0.08868842962165474
0 0.6629426572605035 0.44293155315041477 0.05034341532758942 0.06854689754347759
0 0.7429831056755992 0.46937528025099906 0.03276099483377756 0.04563721417249124
0 0.6913767493971178 0.6392824647372876 0.12590051039768954 0.17256916693561733
0 0.8068720138120391 0.6168668643571439 0.09389501298080069 0.14856656814774147
0 0.7026938924952076 0.5514330724618692 0.07513737428293975 0.09200303862290883
0 0.8467415062052704 0.522789841377043 0.04321582102348305 0.07040428598887913
0 0.906585827579128 0.5201321171525439 0.0428800443937547 0.06078890137349437
0 0.9646711511857222 0.5700857794584379 0.05299909395373184 0.07594058857449763
0 0.9855769230769231 0.5324519230769231 0.028846153846153848 0.06009615384615385