0 0.04807692307692308 0.052884615384615384 0.09615384615384616 0.10576923076923077
0 0.2512019230769231 0.021634615384615384 0.0985576923076923 0.04326923076923077
0 0.2704326923076923 0.06971153846153846 0.11778846153846154 0.13942307692307693
0 0.4579326923076923 0.02403846153846154 0.18990384615384615 0.04807692307692308
0 0.8389423076923077 0.06971153846153846 0.14903846153846154 0.13942307692307693
0 0.9194711538461539 0.03125 0.12740384615384615 0.0625
0 0.296875 0.5697115384615384 0.06490384615384616 0.09615384615384616
0 0.1562048201436825 0.7270645781648907 0.13051335357923774 0.1666557390081428
0 0.20616441417497386 0.5848984583585929 0.10129822758894874 0.12215493796481305
0 0.24710866392651407 0.49016714322234023 0.0496782589090498 0.06462725774617112
0 0.16228084396740336 0.48326846822034797 0.05223615052389496 0.06714306483402642
0 0.1702017285117995 0.4563783167920042 0.04650418545020876 0.052496066042931326
0 0.016826923076923076 0.6201923076923077 0.03365384615384615 0.13942307692307693
0 0.016826923076923076 0.44591346153846156 0.03365384615384615 0.06009615384615385
0 0.050039861430560335 0.4812631131902286 0.0496782589090498 0.06462725774617126
0 0.051535576326775114 0.4293564990145182 0.04440843021836061 0.057191797416614745
0 0.0907977827043769 0.4588711045373785 0.0496782589090498 0.06462725774617126
0 0.4636176351194047 0.8739691541024859 0.1891908152596762 0.22211545587496537
0 0.443312232472955 0.6699781138275898 0.1323010178890881 0.15715231532676746
0 0.3473557692307692 0.6033653846153846 0.036057692307692304 0.1346153846153846
0 0.3878125290626696 0.4435160650903583 0.03960073791066831 0.05696787554859671
0 0.36660960944998255 0.4324485022602041 0.03960073791066831 0.05696787554859671
0 0.4258728123633484 0.4730866510802231 0.0526982869068917 0.07435460329556474
0 0.46129818131868255 0.4991634287733277 0.05719788829258613 0.06977083285589049
0 0.533506730172929 0.45963494751135603 0.03688880083482415 0.05204822230689538
0 0.5164182982934389 0.43752615512087617 0.04200458406451446 0.05707983648260573
0 0.5745261602493126 0.46013545778704906 0.03990882883266618 0.061775567856289015
0 0.6077017285117995 0.4887280425680088 0.05192805960189695 0.06233537252633398
0 0.5990249157651149 0.5602572892435199 0.07044948274980853 0.08956140675670482
0 0.6874889455660633 0.5862747725422724 0.09331646182241553 0.10979982439355523
0 0.7450719475111468 0.6571289396863818 0.1041642101257919 0.1294784373603604
0 0.9290865384615384 0.7199519230769231 0.14182692307692307 0.17067307692307693
0 0.9951923076923077 0.6442307692307693 0.009615384615384616 0.1201923076923077
0 0.9466583353068134 0.5295998768891363 0.05223615052389509 0.0671430648340263
0 0.9097999750830577 0.499973310432267 0.0394466924496693 0.05456402939475055
0 0.9116503630207013 0.4347895619433983 0.03131088122213709 0.03980506966964657
0 0.8440184382826488 0.4704883521065827 0.0317730176051341 0.04701660813118503
0 0.7647989785472937 0.4946717357035769 0.046812276372206765 0.05730375835062377
0 0.7798991185365036 0.5421888541104549 0.06983330090581265 0.0799460221413202
0 0.7281716865150365 0.4686509384774768 0.047274412755203506 0.06451529681216223
0 0.7442283822869649 0.455847981170183 0.026349143453446053 0.03717730164778251
0 0.7911033822869649 0.4536647429570072 0.033868772836982246 0.04232087675750188
0 0.8064668734843979 0.43004447795740575 0.028752989607292206 0.037289262581791535
0 0.6644393228270449 0.4523311535309419 0.03688880083482415 0.052048222306895514
0 0.6300922720987033 0.4430812989147604 0.031464926683136094 0.04220891582349286