0 0.18629807692307693 0.04807692307692308 0.07451923076923077 0.09615384615384616
0 0.39663461538461536 0.009615384615384616 0.0673076923076923 0.019230769230769232
0 0.4579326923076923 0.02403846153846154 0.07451923076923077 0.04807692307692308
0 0.53125 0.3449519230769231 0.0625 0.12259615384615384
0 0.6081730769230769 0.3786057692307692 0.21634615384615385 0.2620192307692308
0 0.7354076568492384 0.32332672261794093 0.15350206714046302 0.21230577338352674
0 0.8513317897177276 0.2787078595446145 0.11489345968008007 0.17832348484130295
0 0.9059332680413049 0.22440188635473227 0.09414205175286347 0.12897149377800907
0 0.8714695505633991 0.10517555504398761 0.06436393193780642 0.086102430898327
0 0.4230769230769231 0.7572115384615384 0.15384615384615385 0.22115384615384615
0 0.4339199985875632 0.6526286172781881 0.1257353449942228 0.1648111707656341
0 0.19287317597598153 0.6935893364031434 0.13132793427197378 0.17479086051998174
0 0.22181724357730984 0.6316716568621737 0.10154981445691674 0.13192179764029982
0 0.010817307692307692 0.5757211538461539 0.021634615384615384 0.0985576923076923
0 0.028846153846153848 0.6622596153846154 0.057692307692307696 0.15625
0 0.08077501910436251 0.5742733482159345 0.08673428904881046 0.12602118991571815
0 0.04927884615384615 0.5240384615384616 0.06009615384615385 0.028846153846153848
0 0.16706730769230768 0.5180288461538461 0.040865384615384616 0.016826923076923076
0 0.15831134637681848 0.5755649281693217 0.06514882890786512 0.09571781551371163
0 0.2127403846153846 0.5228365384615384 0.06009615384615385 0.026442307692307692
0 0.3557692307692308 0.53125 0.0673076923076923 0.04326923076923077
0 0.484375 0.5408653846153846 0.03125 0.0625
0 0.5480769230769231 0.8846153846153846 0.09615384615384616 0.16826923076923078
0 0.6820562650158396 0.8173034340828624 0.07814918088966927 0.10864780913035031
0 0.7174759309862349 0.7345887570952374 0.05155980419851701 0.07557628343553446
0 0.8146350792423237 0.6125555729245445 0.07074141818561613 0.1056975052680594
0 0.7247596153846154 0.9471153846153846 0.13701923076923078 0.10576923076923077
0 0.9855769230769231 0.7584134615384616 0.028846153846153848 0.10817307692307693