0 0.028846153846153848 0.44711538461538464 0.055288461538461536 0.11658653846153846
0 0.16826923076923078 0.4483173076923077 0.06009615384615385 0.09615384615384616
0 0.20072115384615385 0.40384615384615385 0.03125 0.0625
0 0.234375 0.4326923076923077 0.03365384615384615 0.04927884615384615
0 0.2692307692307692 0.42427884615384615 0.03125 0.04927884615384615
0 0.3016826923076923 0.40865384615384615 0.02283653846153846 0.04326923076923077
0 0.3137019230769231 0.4963942307692308 0.08774038461538461 0.12379807692307693
0 0.33533653846153844 0.4387019230769231 0.039663461538461536 0.046875
0 0.33774038461538464 0.40384615384615385 0.025240384615384616 0.03485576923076923
0 0.3557692307692308 0.40625 0.020432692307692308 0.028846153846153848
0 0.38822115384615385 0.4519230769230769 0.06850961538461539 0.1045673076923077
0 0.421875 0.4230769230769231 0.02403846153846154 0.04447115384615385
0 0.44711538461538464 0.4266826923076923 0.042067307692307696 0.06009615384615385
0 0.48677884615384615 0.4182692307692308 0.03245192307692308 0.06009615384615385
0 0.515625 0.42908653846153844 0.030048076923076924 0.04807692307692308
0 0.5348557692307693 0.41586538461538464 0.028846153846153848 0.042067307692307696
0 0.7415865384615384 0.29927884615384615 0.06009615384615385 0.09495192307692307