0 0.026442307692307692 0.32572115384615385 0.052884615384615384 0.11298076923076923
0 0.006009615384615385 0.26322115384615385 0.01201923076923077 0.07451923076923077
0 0.05094372429626704 0.22278754164607392 0.037154048525840366 0.0626462898188959
0 0.07057080927078552 0.26958939673662596 0.057644890610527494 0.08573812575936383
0 0.11428377286554567 0.2324746517626299 0.040117927059205596 0.0724438270037621
0 0.1316944368628779 0.19976743120677729 0.034610194277114474 0.060060291095568166
0 0.16632721810565207 0.33838875294247994 0.07657193511064701 0.12307088605342724
0 0.18222150160019693 0.23819168750945346 0.04266178130793149 0.07502982572708984
0 0.18175518180900788 0.18873068878612573 0.03955789467968639 0.0628284423883775
0 0.24264396714266007 0.2806950258418957 0.07416808895680085 0.12288873348394566
0 0.26473416962324997 0.22469588540080065 0.05283719830283518 0.0853738206204008
0 0.3170706068987913 0.1905493756643883 0.039417886584806786 0.060424596234531336
0 0.332181870025822 0.2219994596091627 0.047749489805383266 0.08020182317374533
0 0.29559970814994574 0.15354505775870242 0.031646315743749105 0.050262753910701966
0 0.35167006848069104 0.14205293391434692 0.0268386234360568 0.04989844877173893
0 0.36876515347692873 0.16610932682810128 0.03673402424120116 0.05543475135735744
0 0.4018234044399206 0.215515112017274 0.05043335214898903 0.08519166805091907
0 0.43509615384615385 0.2860576923076923 0.0673076923076923 0.12980769230769232
0 0.3944707363082719 0.33800225820339413 0.09549897961076681 0.16040364634749066
0 0.40813674455518567 0.17881988571639612 0.03913787039504731 0.05561690392683903
0 0.40115892677685683 0.1419245754707439 0.031646315743749105 0.050262753910701966
0 0.4283831332614483 0.1326182824601673 0.028962453400143754 0.04527290903352807
0 0.4443462992282027 0.15796767473558554 0.034610194277114474 0.060060291095568166
0 0.4567307692307692 0.14302884615384615 0.02403846153846154 0.06009615384615385
0 0.49776723845144705 0.0565012189492945 0.05566106874132068 0.0927675116514207
0 0.4807692307692308 0.2548076923076923 0.02403846153846154 0.09615384615384616
0 0.5929743476020092 0.21950595657885236 0.07841574888497423 0.11363765400752421
0 0.6394067363517102 0.12544544556576775 0.08207966789273814 0.1354544219616212
0 0.13733881301415754 0.7977829240308546 0.10527808086192113 0.12285287073335983
0 0.050532189556381536 0.779008955632066 0.08193965979785847 0.13305057580777502
0 0.2864828414113942 0.7261200820226208 0.090434979654205 0.11454841685493214
0 0.41204287379091326 0.7262635330249635 0.0982065504952624 0.12471025917876151
0 0.48197115384615385 0.9387019230769231 0.026442307692307692 0.06490384615384616
0 0.5269385824186799 0.939077062549796 0.05736487442076802 0.08093043345167167
0 0.5492788461538461 0.9795673076923077 0.10817307692307693 0.040865384615384616
0 0.6382211538461539 0.9555288461538461 0.07451923076923077 0.0889423076923077
0 0.6162427646186319 0.91782326427116 0.05440099588740265 0.07113289626680533
0 0.5515607848775506 0.9058233842854987 0.044785611272018036 0.07040428598887899
0 0.5002981168544975 0.9169512029908911 0.034050161897595396 0.05044490648018355
0 0.595157448918321 0.8252572559727902 0.03150630764886951 0.04785890775685581
0 0.6438181129156533 0.7901820520136772 0.031646315743749105 0.050262753910702104
0 0.7221520034827426 0.9122123973678169 0.054541003982282524 0.07353674242065147
0 0.6986272788172503 0.881399847416228 0.03955789467968639 0.0628284423883775
0 0.7805443516494491 0.9198599664694899 0.06541646145158517 0.0958999680831932
0 0.8344790277456627 0.9338814560947414 0.08378347357218548 0.123617343761872
0 0.794361100686457 0.8669022061754266 0.046909441236104715 0.06577874625066826
0 0.7654567970633084 0.8473623453398493 0.03687403233608076 0.0578385975112036
0 0.8131836999030321 0.8377096785656024 0.03673402424120116 0.05543475135735744
0 0.8555310237850994 0.839329700907367 0.041681724643773066 0.05820290265016677
0 0.8668846553160361 0.8891729361449509 0.06046876104901271 0.09313181679038388
0 0.96875 0.90625 0.0625 0.1201923076923077
0 0.9552787848992697 0.8522941378663149 0.056944850136128676 0.07371889499013307
0 0.9049498780338253 0.837999419386841 0.04889326310531153 0.058749360358611384
0 0.9611020966824555 0.8071854500269755 0.056944850136128676 0.07371889499013307
0 0.9915865384615384 0.7908653846153846 0.016826923076923076 0.0625