0 0.12860576923076922 0.6490384615384616 0.10697115384615384 0.1622596153846154
0 0.4326923076923077 0.6490384615384616 0.09375 0.12620192307692307
0 0.84375 0.6370192307692307 0.09975961538461539 0.11778846153846154
0 0.9759615384615384 0.4963942307692308 0.04447115384615385 0.07572115384615384
0 0.90625 0.4807692307692308 0.038461538461538464 0.06009615384615385
0 0.7932692307692307 0.4651442307692308 0.03485576923076923 0.046875
0 0.8100961538461539 0.4362980769230769 0.027644230769230768 0.037259615384615384
0 0.7367788461538461 0.4411057692307692 0.027644230769230768 0.046875
0 0.6694711538461539 0.49399038461538464 0.04927884615384615 0.07451923076923077
0 0.6442307692307693 0.44471153846153844 0.030048076923076924 0.04927884615384615
0 0.5612980769230769 0.49158653846153844 0.046875 0.07211538461538461
0 0.5721153846153846 0.45072115384615385 0.03485576923076923 0.040865384615384616
0 0.5588942307692307 0.43509615384615385 0.028846153846153848 0.04326923076923077
0 0.3473557692307692 0.5204326923076923 0.04927884615384615 0.08774038461538461
0 0.3641826923076923 0.44711538461538464 0.030048076923076924 0.04927884615384615
0 0.25841346153846156 0.453125 0.04326923076923077 0.06971153846153846
0 0.2848557692307692 0.46153846153846156 0.028846153846153848 0.03485576923076923
0 0.16706730769230768 0.4230769230769231 0.027644230769230768 0.042067307692307696
0 0.12379807692307693 0.4675480769230769 0.038461538461538464 0.051682692307692304
0 0.0985576923076923 0.4579326923076923 0.026442307692307692 0.036057692307692304
0 0.0673076923076923 0.4675480769230769 0.038461538461538464 0.046875