0 0.11057692307692307 0.13221153846153846 0.22115384615384615 0.2644230769230769
0 0.19961863083525166 0.1186293894273622 0.043168150803890186 0.06842680877840451
0 0.17127675688292116 0.12668026524193482 0.055136841590450666 0.10236043404992866
0 0.26139571766081676 0.140919231480336 0.10539897754060835 0.13500932963831885
0 0.3140281930985206 0.13577467710233757 0.057423134429025864 0.06644263130107533
0 0.35408661789049967 0.1574920990931639 0.0502115959674874 0.06623279696281678
0 0.43149038461538464 0.16346153846153846 0.17548076923076922 0.2644230769230769
0 0.4987980769230769 0.10216346153846154 0.040865384615384616 0.06971153846153846
0 0.5060096153846154 0.15264423076923078 0.026442307692307692 0.09375
0 0.5625 0.20192307692307693 0.08653846153846154 0.20192307692307693
0 0.7666154065383969 0.2734270239770084 0.1689745506608557 0.2208226197290024
0 0.8471689627171382 0.4264467022969196 0.22757433817546951 0.30409217410700096
0 0.9026442307692307 0.09975961538461539 0.19471153846153846 0.19951923076923078
0 0.05048076923076923 0.8569711538461539 0.10096153846153846 0.18509615384615385
0 0.021634615384615384 0.6838942307692307 0.04326923076923077 0.05048076923076923
0 0.1141826923076923 0.6790865384615384 0.07932692307692307 0.040865384615384616
0 0.13299210836072886 0.7239182554767833 0.11210623610832335 0.12800762551503894
0 0.35096153846153844 0.6694711538461539 0.0625 0.021634615384615384
0 0.4170673076923077 0.6971153846153846 0.09375 0.07692307692307693
0 0.34621150287860175 0.7418015764263282 0.10405423115707932 0.11577856040754962
0 0.339100484415964 0.8467885527951527 0.14397806931741763 0.1721161936373038
0 0.4375 0.9254807692307693 0.16346153846153846 0.14903846153846154
0 0.49038461538461536 0.7764423076923077 0.057692307692307696 0.15865384615384615
0 0.7935872641158631 0.8063721736005326 0.08912687434017877 0.10814735326949404
0 0.6470784387214837 0.8985540517090561 0.04747156321775902 0.06135515987570505
0 0.6235442570768455 0.9064650379647896 0.040428118054161674 0.06354917169129265
0 0.6027501081819356 0.9191137717487959 0.06307129322642388 0.0786017516291451