0 0.296875 0.14423076923076922 0.22355769230769232 0.28846153846153844
0 0.5955395831283473 0.16129878096042546 0.09562730587519014 0.1279164614515849
0 0.7490613980118046 0.09227430712761034 0.09545941756032597 0.12310876914389272
0 0.008413461538461538 0.5192307692307693 0.016826923076923076 0.08173076923076923
0 0.026095144344947308 0.49194504824349167 0.03301282730607383 0.052300874464206205
0 0.08677890729312576 0.512272173692409 0.05067919195731777 0.07731939266682603
0 0.15651715062753815 0.482748566337516 0.035584561774784015 0.05724857486677838
0 0.17992603098525897 0.4661198011324675 0.028037246683517206 0.04721316596675443
0 0.1670673586417074 0.4413812991196071 0.02289377774609669 0.0373177651616102
0 0.18450859569352895 0.4256044367542823 0.02040598743481845 0.034773910912884315
0 0.20536100878838168 0.43881373632999104 0.02040598743481845 0.034773910912884315
0 0.14824104299225643 0.4174946999464704 0.017918197123540206 0.032230056664158284
0 0.1527816356218103 0.37577741249136215 0.01783425296610812 0.02982621051031213
0 0.10051133421209336 0.355940315374524 0.020238099119954275 0.029966218605192003
0 0.1070131768742696 0.43908301982453596 0.02040598743481845 0.034773910912884315
0 0.08257026175448974 0.4604494732898369 0.02512973558507853 0.03265008094879763
0 0.06026409311041766 0.4399586312051497 0.02770147005378886 0.03759778135136981
0 0.025408323879648427 0.4379285138293931 0.02761752589635691 0.03519393519752366
0 0.015625 0.45552884615384615 0.03125 0.040865384615384616
0 0.3316888481014529 0.44976993054194814 0.02272588943123238 0.032510072853917896
0 0.3394727284591737 0.43223111272018117 0.015262518497397792 0.024878510107740226
0 0.4542621266135433 0.608639396714266 0.08685136283412646 0.1513948906105275
0 0.6105121266135434 0.617739922881451 0.07829671785367467 0.11251332786434969
0 0.6681166606096085 0.5155408985316542 0.1303190163299058 0.22829425899271433
0 0.7434371904132545 0.6458730604075303 0.07399269049057476 0.12665638859766715
0 0.8409417512142353 0.518409942901459 0.11256870752122967 0.2008718946362482
0 0.9290865384615384 0.4170673076923077 0.14182692307692307 0.25721153846153844