0 0.03365384615384615 0.6514423076923077 0.05889423076923077 0.11778846153846154
0 0.026442307692307692 0.5793269230769231 0.04927884615384615 0.08413461538461539
0 0.07091346153846154 0.4423076923076923 0.03245192307692308 0.055288461538461536
0 0.036057692307692304 0.37259615384615385 0.027644230769230768 0.051682692307692304
0 0.09254807692307693 0.36658653846153844 0.02403846153846154 0.04326923076923077
0 0.140625 0.3605769230769231 0.02283653846153846 0.038461538461538464
0 0.12980769230769232 0.4098557692307692 0.03245192307692308 0.057692307692307696
0 0.1971153846153846 0.41947115384615385 0.02283653846153846 0.039663461538461536
0 0.19831730769230768 0.3581730769230769 0.021634615384615384 0.036057692307692304
0 0.24158653846153846 0.40024038461538464 0.021634615384615384 0.04447115384615385
0 0.24879807692307693 0.35216346153846156 0.018028846153846152 0.039663461538461536
0 0.2932692307692308 0.40024038461538464 0.026442307692307692 0.046875
0 0.3389423076923077 0.3942307692307692 0.02403846153846154 0.036057692307692304
0 0.38221153846153844 0.4483173076923077 0.02403846153846154 0.03485576923076923
0 0.3233173076923077 0.44471153846153844 0.02403846153846154 0.038461538461538464
0 0.2956730769230769 0.46634615384615385 0.028846153846153848 0.055288461538461536
0 0.2536057692307692 0.4879807692307692 0.03485576923076923 0.06129807692307692
0 0.1875 0.4963942307692308 0.036057692307692304 0.06850961538461539
0 0.17548076923076922 0.71875 0.0733173076923077 0.1310096153846154
0 0.3112980769230769 0.7608173076923077 0.07692307692307693 0.15865384615384615
0 0.41947115384615385 0.6670673076923077 0.06129807692307692 0.09735576923076923
0 0.2980769230769231 0.6237980769230769 0.056490384615384616 0.09735576923076923
0 0.24278846153846154 0.5853365384615384 0.04567307692307692 0.0733173076923077
0 0.3786057692307692 0.5108173076923077 0.037259615384615384 0.052884615384615384
0 0.4110576923076923 0.4879807692307692 0.028846153846153848 0.056490384615384616
0 0.43028846153846156 0.44591346153846156 0.021634615384615384 0.039663461538461536
0 0.4423076923076923 0.42908653846153844 0.025240384615384616 0.040865384615384616
0 0.45913461538461536 0.4699519230769231 0.02403846153846154 0.055288461538461536
0 0.49759615384615385 0.4723557692307692 0.027644230769230768 0.04447115384615385
0 0.5276442307692307 0.4639423076923077 0.025240384615384616 0.040865384615384616
0 0.5528846153846154 0.4423076923076923 0.02283653846153846 0.04927884615384615
0 0.6862980769230769 0.4026442307692308 0.02283653846153846 0.052884615384615384
0 0.765625 0.5697115384615384 0.039663461538461536 0.06850961538461539
0 0.8725961538461539 0.5084134615384616 0.028846153846153848 0.051682692307692304
0 0.9543269230769231 0.6742788461538461 0.06610576923076923 0.12139423076923077
0 0.9759615384615384 0.6033653846153846 0.04567307692307692 0.09134615384615384