0 0.02403846153846154 0.3629807692307692 0.04807692307692308 0.1875
0 0.5024038461538461 0.5360576923076923 0.1346153846153846 0.4182692307692308
0 0.7696585514441403 0.7882576734581727 0.1056731456034903 0.13461739449348295
0 0.9927884615384616 0.6430288461538461 0.014423076923076924 0.07932692307692307
0 0.9867788461538461 0.5925480769230769 0.026442307692307692 0.05048076923076923
0 0.906501131989608 0.637176026860523 0.054185353396093205 0.07575013385534199
0 0.9202109009709069 0.5959749414034717 0.03921680569400939 0.04416443301367515
0 0.9079189348121726 0.5806296921048606 0.032047226523163684 0.04640042874668801
0 0.6915876773191878 0.6554047182615381 0.05688291458478918 0.09263300707254274
0 0.7119635139830183 0.5827857823836535 0.03453499125839562 0.05126407119465826
0 0.6061733035684411 0.5840456654789528 0.049335701797708006 0.07323438742094023
0 0.6328044280688665 0.5942475216282049 0.0318793893603924 0.036785044131303395