0 0.025240384615384616 0.5240384615384616 0.05048076923076923 0.10096153846153846
0 0.041861733401045806 0.45360219593104745 0.044276196934824666 0.08704194462125842
0 0.13657590057775926 0.43427436927727064 0.041676551804335174 0.07018705026195786
0 0.12379807692307693 0.5444711538461539 0.07932692307692307 0.06971153846153846
0 0.6081730769230769 0.5552884615384616 0.0673076923076923 0.04807692307692308
0 0.6526442307692307 0.5264423076923077 0.05048076923076923 0.09615384615384616
0 0.6742788461538461 0.38221153846153844 0.007211538461538462 0.038461538461538464
0 0.6578189180090881 0.40669029139936524 0.026889848210349607 0.03876922256769214
0 0.6299649026220252 0.3883397754981766 0.0220821559026573 0.0387132800029369
0 0.5975968933922352 0.39517370164761734 0.022166069749790022 0.04592481846447537
0 0.5877717241590185 0.37703297036426076 0.02211012718503451 0.041117126156783056
0 0.5494780133917456 0.391008506769296 0.02711361846937029 0.057999991798461374
0 0.5072988205699274 0.3809036247123032 0.022110127185034783 0.041117126156783056
0 0.5058171846692283 0.35685117753265294 0.021998242055524305 0.03150174154139844
0 0.46154182979971764 0.37316063188559023 0.024569915903636178 0.04595278974685298
0 0.4302778441585289 0.37159508213775827 0.024597887186013658 0.048356635900699135
0 0.41711263287713013 0.3762489323923737 0.02697376205748233 0.045980761029230606
0 0.3704054605713959 0.3901265693090873 0.022166069749790022 0.04592481846447537
0 0.324802311854263 0.39560473032852816 0.024597887186013658 0.048356635900699135
0 0.26470615800810915 0.3949054482690879 0.029489493340838828 0.0556241169269927
0 0.19404443801104612 0.4157149108235639 0.03927270565048902 0.0701590789795801
1 0.7442323508421644 0.4286686533565024 0.12215029745874026 0.16966779488811107
1 0.8906991385325143 0.41595182465845953 0.0834090461734256 0.1451817928316079
0 0.10968689443272386 0.654407263624334 0.07356989129902015 0.1258391384713282
0 0.22747535597118548 0.6557778564608369 0.0663024102727266 0.12094753231650315
0 0.3041047344292975 0.6314325528815357 0.05635137026881068 0.09198949334083882
0 0.328125 0.6081730769230769 0.05048076923076923 0.057692307692307696
0 0.3918269230769231 0.6021634615384616 0.04807692307692308 0.04567307692307692
0 0.4411057692307692 0.5949519230769231 0.04567307692307692 0.03125
0 0.6466346153846154 0.6875 0.0625 0.14903846153846154
0 0.6574519230769231 0.6189903846153846 0.040865384615384616 0.07932692307692307
0 0.6971153846153846 0.9290865384615384 0.038461538461538464 0.11778846153846154
0 0.7800480769230769 0.9242788461538461 0.08413461538461539 0.15144230769230768
0 0.7301712164593683 0.7962053733535654 0.05171150565538395 0.10635662769916052
0 0.7587368154164321 0.6691511682294394 0.058643331293146354 0.08240208000783183
0 0.7728365384615384 0.5997596153846154 0.05048076923076923 0.040865384615384616
0 0.7163461538461539 0.5901442307692307 0.04807692307692308 0.021634615384615384
0 0.8826327918278307 0.6790051508103476 0.058839130269789555 0.09922900308475491
0 0.9066581097904175 0.7814343395313965 0.0638426215541252 0.11611186872643323
0 0.8353399067227946 0.8491048164446837 0.07119401642755162 0.12821501334279672
0 0.9771634615384616 0.9086538461538461 0.04567307692307692 0.1346153846153846
0 0.9927884615384616 0.8425480769230769 0.014423076923076924 0.10336538461538461
0 0.9939903846153846 0.765625 0.01201923076923077 0.0889423076923077
0 0.9146634615384616 0.6057692307692307 0.04567307692307692 0.052884615384615384