0 0.030048076923076924 0.5216346153846154 0.04447115384615385 0.10697115384615384
0 0.04326923076923077 0.4807692307692308 0.04567307692307692 0.09134615384615384
0 0.11899038461538461 0.4951923076923077 0.05048076923076923 0.08774038461538461
0 0.1502403846153846 0.5276442307692307 0.07211538461538461 0.10697115384615384
0 0.2283653846153846 0.4855769230769231 0.039663461538461536 0.07451923076923077
0 0.2860576923076923 0.4963942307692308 0.04447115384615385 0.078125
0 0.33533653846153844 0.4567307692307692 0.05048076923076923 0.07451923076923077
0 0.4230769230769231 0.3701923076923077 0.042067307692307696 0.09134615384615384
0 0.7355769230769231 0.546875 0.06009615384615385 0.12620192307692307
0 0.796875 0.6021634615384616 0.10216346153846154 0.15865384615384615
0 0.8713942307692307 0.7992788461538461 0.18990384615384615 0.31850961538461536
0 0.9651442307692307 0.5733173076923077 0.06610576923076923 0.1201923076923077
0 0.9447115384615384 0.5108173076923077 0.054086538461538464 0.09375
0 0.8509615384615384 0.5096153846153846 0.05048076923076923 0.08413461538461539
0 0.8725961538461539 0.4831730769230769 0.054086538461538464 0.09735576923076923
0 0.7548076923076923 0.47596153846153844 0.054086538461538464 0.08173076923076923