0 0.052884615384615384 0.609375 0.07211538461538461 0.10096153846153846
0 0.10817307692307693 0.609375 0.0829326923076923 0.13581730769230768
0 0.18269230769230768 0.6117788461538461 0.05048076923076923 0.09975961538461539
0 0.23317307692307693 0.6346153846153846 0.04447115384615385 0.07572115384615384
0 0.3016826923076923 0.5961538461538461 0.08052884615384616 0.12139423076923077
0 0.35336538461538464 0.5769230769230769 0.052884615384615384 0.09615384615384616
0 0.40384615384615385 0.5913461538461539 0.052884615384615384 0.09014423076923077
0 0.44711538461538464 0.6057692307692307 0.0625 0.10336538461538461
0 0.5072115384615384 0.4182692307692308 0.046875 0.09014423076923077
0 0.5228365384615384 0.6538461538461539 0.09014423076923077 0.14903846153846154
0 0.6069711538461539 0.5817307692307693 0.04447115384615385 0.0889423076923077
0 0.6742788461538461 0.578125 0.06610576923076923 0.0985576923076923
0 0.7019230769230769 0.5661057692307693 0.051682692307692304 0.09254807692307693
0 0.7872596153846154 0.6213942307692307 0.06610576923076923 0.11298076923076923
0 0.7872596153846154 0.5661057692307693 0.04807692307692308 0.08052884615384616
0 0.8858173076923077 0.5637019230769231 0.1141826923076923 0.21875