0 0.06610576923076923 0.028846153846153848 0.05048076923076923 0.057692307692307696
0 0.11778846153846154 0.009615384615384616 0.03365384615384615 0.019230769230769232
0 0.14355502253535904 0.047511637774716745 0.052858891731032503 0.0858514783235773
0 0.18269230769230768 0.026442307692307692 0.03365384615384615 0.052884615384615384
0 0.2396389239097857 0.05776445362914968 0.05271900217219351 0.081043786015885
0 0.3159196359912956 0.04471474803759254 0.03766642223434092 0.05823182517618154
0 0.3439135906576239 0.03495209605728048 0.030175104655124477 0.0480277678332529
0 0.33533653846153844 0.013221153846153846 0.026442307692307692 0.026442307692307692
0 0.35697115384615385 0.006009615384615385 0.021634615384615384 0.01201923076923077
0 0.3737980769230769 0.015625 0.021634615384615384 0.03125
0 0.2764423076923077 0.004807692307692308 0.02403846153846154 0.009615384615384616
0 0.24759615384615385 0.01201923076923077 0.02403846153846154 0.02403846153846154
0 0.1814903846153846 0.004807692307692308 0.03125 0.009615384615384616
0 0.5060096153846154 0.22716346153846154 0.09375 0.1466346153846154
0 0.494586505776317 0.13988846480927983 0.0374565878960825 0.051020286714643086
0 0.5313914800947056 0.15855494056825725 0.05710702580336878 0.06701315757783742
0 0.6055260145771291 0.17785904593236584 0.05738680492104683 0.07662854219322203
0 0.5907053795404534 0.1489393575867897 0.049895487341830316 0.06642448485029338
0 0.6517494009994351 0.24548545385958231 0.08777174391442986 0.1318678484880134
0 0.7061728015312797 0.19691777181028966 0.054982958767200676 0.07643231795070736
0 0.7518237678914382 0.24281145223163342 0.07031531782273112 0.10885966340579542
0 0.7870513715822234 0.19147205316530028 0.03512268652165591 0.0532279086259747
0 0.8388389810590449 0.19208510514859653 0.03278878514722919 0.05543553053730604
0 0.8620730776341822 0.22169157834297393 0.04515773981355764 0.06843588251911033
0 0.9452505766698428 0.22004785317126851 0.042614004100872356 0.0634319659689032
0 0.96875 0.25961538461538464 0.0625 0.09615384615384616
0 0.07091346153846154 0.7211538461538461 0.14182692307692307 0.23557692307692307
0 0.10096153846153846 0.5877403846153846 0.12980769230769232 0.0985576923076923
0 0.22355769230769232 0.6201923076923077 0.13942307692307693 0.16346153846153846