0 0.14160660989699186 0.37839059272725517 0.09628787281904708 0.14598056942441373
0 0.15800506305409703 0.32224658187554084 0.07006419840735092 0.11290904372959787
0 0.11989674450481091 0.2559945228258758 0.043168150803890123 0.0702221334193974
0 0.16246833209094197 0.2663937312533418 0.04026002475622056 0.0628284423883775
0 0.135236097891599 0.21889912863544908 0.029299893757306898 0.04286906287968192
0 0.09618623288726659 0.20757122598528233 0.026896047603460742 0.04268691031020047
0 0.08224216586667786 0.2304256958221137 0.024156014853732363 0.037697065433026575
0 0.06871009541597693 0.20788031759009037 0.02723223419934304 0.047494602617892775
0 0.02283653846153846 0.24519230769230768 0.04567307692307692 0.08653846153846154
0 0.19980375744956286 0.2190095557037593 0.02723223419934304 0.047494602617892775
0 0.22809509141922302 0.2474555416603643 0.028072700689048675 0.059513833387123544
0 0.24956161350589723 0.24669106863185236 0.032544206400858616 0.05507044621839427
0 0.3498678120920413 0.1765807816890417 0.022928821785474004 0.05434183594046793
0 0.4048283237095856 0.22737206193289558 0.02672795430551963 0.04028306415635418
0 0.4584693589349361 0.24219672615379786 0.026896047603460878 0.04268691031020047
0 0.4668070104993921 0.2930418005235303 0.03338467289056432 0.06708967698762504
0 0.49087074202918884 0.2781274794261638 0.03494805255470491 0.055252598787875855
0 0.513228270588239 0.255910543582518 0.02516457464137918 0.0521201423561035
0 0.5829326923076923 0.203125 0.10817307692307693 0.29086538461538464
0 0.6502403846153846 0.030048076923076924 0.15625 0.06009615384615385
0 0.17047859370092083 0.7013988088147549 0.030140360247012603 0.054888293648912685
0 0.026442307692307692 0.9663461538461539 0.052884615384615384 0.0673076923076923
0 0.125 0.9735576923076923 0.057692307692307696 0.052884615384615384
0 0.17668269230769232 0.9675480769230769 0.055288461538461536 0.06490384615384616
0 0.16506498156762456 0.9317305895355745 0.04814393640952361 0.07299028471220673
0 0.2860576923076923 0.96875 0.04807692307692308 0.0625
0 0.256352358756143 0.9207146173067691 0.04814393640952361 0.07299028471220687
0 0.3520859716651363 0.9219911047014165 0.045571996957736345 0.07040428598887913
0 0.4488281443617764 0.9376906690191412 0.04607627685155968 0.07761582445041758
0 0.4355734838493224 0.9020152132257049 0.037856178602374405 0.06264628981889576
0 0.5084134615384616 0.9771634615384616 0.040865384615384616 0.04567307692307692
0 0.5228365384615384 0.9447115384615384 0.01201923076923077 0.07211538461538461