0 0.046875 0.14423076923076922 0.09375 0.12980769230769232
0 0.39903846153846156 0.040865384615384616 0.11057692307692307 0.08173076923076923
0 0.65625 0.24519230769230768 0.09615384615384616 0.1346153846153846
0 0.6117788461538461 0.08774038461538461 0.007211538461538462 0.03125
0 0.6177884615384616 0.0889423076923077 0.019230769230769232 0.02403846153846154
0 0.6320948630916898 0.09858182542540855 0.02619509799244691 0.03435329394804125
0 0.6602782529744169 0.10779965192719446 0.03704284629582315 0.05386384229648847
0 0.7137020274725286 0.11775189861288518 0.047428458216202514 0.06616285218339722
0 0.7513467565096413 0.124845658078503 0.04231267498651233 0.061215270316866056
0 0.7830284522815697 0.1137706818314356 0.057968115597580874 0.08086570822415226
0 0.829240688318143 0.12351309417886783 0.05285233236789084 0.07591812635762096
0 0.9046841918533676 0.14010445926394954 0.0788933848993386 0.10786757415181605
0 0.96875 0.13341346153846154 0.0625 0.12740384615384615
0 0.9867788461538461 0.08413461538461539 0.026442307692307692 0.07211538461538461
0 0.970591175909363 0.06404283025682513 0.04262076590851048 0.06602296262455837
0 0.9638579153391837 0.033854863774909066 0.03704284629582315 0.05386384229648847
0 0.9807692307692307 0.019230769230769232 0.028846153846153848 0.038461538461538464
0 0.9459134615384616 0.016826923076923076 0.036057692307692304 0.03365384615384615
0 0.9052860745946572 0.09333437643307882 0.047120367294204775 0.06135515987570491
0 0.8421233106312305 0.09989430131692334 0.04185053860351546 0.05400373185532759
0 0.783091175909363 0.05858713746210334 0.03960073791066831 0.056337633229754186
0 0.7573886549109816 0.05064117881666 0.026657234375443786 0.04156483240957971
0 0.7253522860976245 0.07490233652017153 0.02906108052928994 0.04163477718899928
0 0.7013138245591629 0.07420288872597644 0.02875298960729193 0.03682708488130697
0 0.676689621787774 0.08308385315745617 0.02634914345344578 0.0367571401018874
0 0.6189903846153846 0.06610576923076923 0.021634615384615384 0.03125
0 0.803925123377915 0.02800161286658865 0.0212333602237556 0.031809558235355966
0 0.8659629869949181 0.022608638669957496 0.02906108052928994 0.04163477718899928
0 0.8457613628787244 0.02561987727566084 0.023945297299599762 0.03668719532246784
0 0.054086538461538464 0.6057692307692307 0.10817307692307693 0.1346153846153846
0 0.13701923076923078 0.5516826923076923 0.0625 0.026442307692307692
0 0.25841346153846156 0.6045673076923077 0.10336538461538461 0.13221153846153846
0 0.25841346153846156 0.5552884615384616 0.07932692307692307 0.03365384615384615
0 0.33653846153846156 0.5588942307692307 0.0625 0.040865384615384616
0 0.3786057692307692 0.5540865384615384 0.0889423076923077 0.03125
0 0.5360576923076923 0.5612980769230769 0.07211538461538461 0.04567307692307692
0 0.7079326923076923 0.5889423076923077 0.10336538461538461 0.10096153846153846