0 0.04447115384615385 0.16947115384615385 0.057692307692307696 0.08653846153846154
0 0.1875 0.3737980769230769 0.14182692307692307 0.21153846153846154
0 0.23798076923076922 0.2800480769230769 0.08173076923076923 0.1346153846153846
0 0.20072115384615385 0.19471153846153846 0.04326923076923077 0.07572115384615384
0 0.28365384615384615 0.234375 0.0625 0.12139423076923077
0 0.265625 0.17067307692307693 0.040865384615384616 0.06490384615384616
0 0.3076923076923077 0.18389423076923078 0.03365384615384615 0.0625
0 0.3786057692307692 0.16105769230769232 0.03485576923076923 0.08413461538461539
0 0.41586538461538464 0.3016826923076923 0.0889423076923077 0.15264423076923078
0 0.5012019230769231 0.4014423076923077 0.17548076923076922 0.27283653846153844
0 0.46875 0.19951923076923078 0.042067307692307696 0.07932692307692307
0 0.5673076923076923 0.16706730769230768 0.036057692307692304 0.07932692307692307
0 0.5817307692307693 0.22716346153846154 0.06009615384615385 0.0985576923076923
0 0.6538461538461539 0.21875 0.06129807692307692 0.1045673076923077
0 0.7223557692307693 0.28725961538461536 0.10096153846153846 0.17307692307692307
0 0.6778846153846154 0.1502403846153846 0.04927884615384615 0.09254807692307693
0 0.7860576923076923 0.17908653846153846 0.04567307692307692 0.09134615384615384
0 0.8221153846153846 0.21634615384615385 0.046875 0.09615384615384616
0 0.875 0.25841346153846156 0.06610576923076923 0.12379807692307693
0 0.9567307692307693 0.21394230769230768 0.057692307692307696 0.10817307692307693
0 0.9302884615384616 0.18269230769230768 0.038461538461538464 0.08052884615384616