0 0.06370192307692307 0.013221153846153846 0.0889423076923077 0.026442307692307692
0 0.125 0.078125 0.125 0.15625
0 0.45552884615384615 0.09254807692307693 0.04567307692307692 0.18509615384615385
0 0.026442307692307692 0.7524038461538461 0.052884615384615384 0.12980769230769232
0 0.06797963606069864 0.6981497743608066 0.07922158999760921 0.10617243069771352
0 0.07313315295246078 0.8605774830433629 0.12607357065512836 0.18612118698373076
0 0.13671980116802723 0.8018683788884433 0.10298346312839585 0.1533583473022606
0 0.2095859511969513 0.7352753630802209 0.07212201247007978 0.10807199695773634
0 0.3588383928213881 0.5741089140986628 0.04880798307532922 0.07050146496857373
0 0.43028846153846156 0.8233173076923077 0.09615384615384616 0.15625
0 0.4362980769230769 0.7175480769230769 0.08413461538461539 0.15625
0 0.46033653846153844 0.7283653846153846 0.036057692307692304 0.10576923076923077
0 0.7956599993626389 0.4632463444085278 0.13524111153447704 0.17717817556011076
0 0.8161057692307693 0.9230769230769231 0.2860576923076923 0.15384615384615385
0 0.5886725252882802 0.8346482518862838 0.2048473169167015 0.28267823306605966
0 0.5324519230769231 0.65625 0.10817307692307693 0.15384615384615385
0 0.49759615384615385 0.6322115384615384 0.038461538461538464 0.10576923076923077
0 0.48677884615384615 0.59375 0.016826923076923076 0.11057692307692307
0 0.5772261767495326 0.6147803754583312 0.0566912871409218 0.08542882178547415
0 0.6208872707877949 0.6201681576338524 0.06401478653646929 0.08833694783314364
0 0.953125 0.8689903846153846 0.09375 0.21875
0 0.9723557692307693 0.7091346153846154 0.055288461538461536 0.11057692307692307