0 0.054086538461538464 0.24519230769230768 0.10697115384615384 0.34615384615384615
0 0.11778846153846154 0.25961538461538464 0.038461538461538464 0.07451923076923077
0 0.2127403846153846 0.2824519230769231 0.11177884615384616 0.21033653846153846
0 0.31850961538461536 0.2848557692307692 0.06610576923076923 0.15504807692307693
0 0.3641826923076923 0.2704326923076923 0.042067307692307696 0.12620192307692307
0 0.40625 0.27524038461538464 0.037259615384615384 0.0889423076923077
0 0.43028846153846156 0.25721153846153844 0.027644230769230768 0.07692307692307693
0 0.44471153846153844 0.25841346153846156 0.019230769230769232 0.056490384615384616
0 0.4543269230769231 0.2548076923076923 0.013221153846153846 0.040865384615384616
0 0.49759615384615385 0.08173076923076923 0.0625 0.11298076923076923
0 0.5480769230769231 0.25961538461538464 0.02403846153846154 0.05889423076923077
0 0.6117788461538461 0.27884615384615385 0.04447115384615385 0.09375
0 0.6189903846153846 0.24519230769230768 0.04447115384615385 0.06610576923076923
0 0.6670673076923077 0.25240384615384615 0.06129807692307692 0.10216346153846154
0 0.7427884615384616 0.21995192307692307 0.06850961538461539 0.16346153846153846
0 0.8233173076923077 0.27283653846153844 0.13942307692307693 0.24639423076923078
0 0.9459134615384616 0.1971153846153846 0.10817307692307693 0.34375