0 0.0733173076923077 0.26322115384615385 0.1466346153846154 0.18509615384615385
0 0.3665189754954404 0.2126934789265495 0.12779286333660933 0.14451252981025647
0 0.44591346153846156 0.037259615384615384 0.06490384615384616 0.07451923076923077
0 0.44471153846153844 0.008413461538461538 0.04326923076923077 0.016826923076923076
0 0.24877682599921547 0.10080072261404939 0.0733162176467235 0.09766449994134628
0 0.24278846153846154 0.026442307692307692 0.04326923076923077 0.052884615384615384
0 0.1435039471475774 0.04917197056853654 0.062018358732763415 0.07820993014946581
0 0.17146364184779106 0.053421166412500214 0.03963295019216513 0.04170463671955132
0 0.047500477634044636 0.03494270925833346 0.04005356876680903 0.04651232902724363
0 0.021634615384615384 0.08413461538461539 0.04326923076923077 0.057692307692307696
0 0.003605769230769231 0.07932692307692307 0.007211538461538462 0.04326923076923077
0 0.6754807692307693 0.35336538461538464 0.08653846153846154 0.052884615384615384
0 0.689778530631908 0.29933982098936984 0.05961451257891726 0.07815398000918815
0 0.7534668331040592 0.1772761984149041 0.08136899325754963 0.10744773497756419
0 0.9735576923076923 0.3233173076923077 0.052884615384615384 0.10817307692307693
0 0.054086538461538464 0.6935096153846154 0.10817307692307693 0.34375
0 0.30046060835249205 0.7469897467545409 0.2792624122384609 0.39512999123141046
0 0.23157777648105365 0.5354782553471691 0.18073632132264913 0.2560965554121797
0 0.37101556405448666 0.5663116441122333 0.2088905246142444 0.3311193374439104
0 0.6997682217796998 0.6123683325048612 0.07812390995441582 0.09777640022190176
0 0.698357079461039 0.5139784906180023 0.07049175291823345 0.09280085749337616
0 0.6573118969046288 0.46984203267446595 0.046123116798432943 0.06104730623087617
0 0.6272943313278483 0.4283611965160257 0.045912807511110994 0.058643460077030016
0 0.6194213536580476 0.4617632670386218 0.057210666425071076 0.07809802986891021
0 0.5612980769230769 0.40024038461538464 0.021634615384615384 0.040865384615384616
0 0.6177884615384616 0.38461538461538464 0.038461538461538464 0.009615384615384616
0 0.6946472456321929 0.4167346216677886 0.04350896135726487 0.058587509936752206
0 0.7422583281378199 0.42623911094166683 0.0413154244907406 0.06093540595032055
0 0.7754011117237172 0.4486010781498933 0.04570249822378907 0.05623961392318386
0 0.7786756163275631 0.5134489741634618 0.07070206220555533 0.09520470364722218
0 0.8536901089688024 0.5619745033016562 0.06568406061054113 0.09268895721282054
0 0.8879748829846145 0.5699693437270835 0.08115868397022775 0.10504388882371803
0 0.924288106576281 0.5600192632090815 0.08199992111951541 0.11465927343910264
0 0.9867788461538461 0.5024038461538461 0.026442307692307692 0.09615384615384616
0 0.9511973448854694 0.45629120762094055 0.07373683622136741 0.10247219224903859
0 0.8921075154792727 0.4801048636592417 0.05742097571239299 0.08050187602275635
0 0.9352263696081901 0.4931032218833336 0.059404203291595244 0.07575013385534199
0 0.8479970475607541 0.4694823765188571 0.06505313274857535 0.08547741875128209
0 0.8048182607848283 0.4420889164418271 0.04633342608575486 0.06345115238472232
0 0.7960746246650279 0.41069904109113264 0.03221110244330479 0.03913294014487188
0 0.829623316175213 0.4102804199780986 0.03263172101794869 0.04394063245256419
0 0.8580488514467229 0.40614412935373956 0.030017565576780515 0.041480836158440226
0 0.7788461538461539 0.3942307692307692 0.02403846153846154 0.028846153846153848
0 0.7587098546367514 0.40862989083990403 0.03764972261296288 0.04645637888696582
0 0.7415865384615384 0.39302884615384615 0.03125 0.026442307692307692
0 0.7211538461538461 0.39302884615384615 0.028846153846153848 0.026442307692307692
0 0.8605769230769231 0.38461538461538464 0.02403846153846154 0.009615384615384616
0 0.875 0.3918269230769231 0.028846153846153848 0.02403846153846154
0 0.8966346153846154 0.3942307692307692 0.03365384615384615 0.028846153846153848
0 0.9709843986808397 0.42196696472281015 0.051561736968091 0.0683707449729701
0 0.9855769230769231 0.40384615384615385 0.028846153846153848 0.04807692307692308