0 0.056490384615384616 0.042067307692307696 0.11298076923076923 0.08413461538461539
0 0.21153846153846154 0.02283653846153846 0.10096153846153846 0.04567307692307692
0 0.3348079936394361 0.07336418367861942 0.06462435343726068 0.11052385832102374
0 0.3870192307692308 0.375 0.014423076923076924 0.03365384615384615
0 0.4696507616350069 0.3691168577355455 0.047829713377062294 0.035514881427220556
0 0.5030126583752175 0.3285187884169545 0.0330985455319875 0.03011949377004168
0 0.5406716865150365 0.3923900775657568 0.05611957006559338 0.052635652178887056
0 0.5735714468722501 0.3445804697856273 0.03790623783967981 0.03031539221987054
0 0.6986323280943874 0.3880374187178027 0.06588900014197699 0.055431295232391056
0 0.6525132562966759 0.3418031788231887 0.04302202106936999 0.0353189829773917
0 0.8011809032853463 0.3982098761612821 0.052945496606752476 0.040518472184741854
0 0.7519324977425688 0.41538371166884797 0.050695695913905325 0.042824369113673585
0 0.6115385659340672 0.41325945124212193 0.05627361552659238 0.05503949833273321
0 0.7484360342590235 0.34211537858899743 0.03806028330067868 0.032719238373716694
0 0.6213942307692307 0.5432692307692307 0.11778846153846154 0.09134615384615384
0 0.9651442307692307 0.49759615384615385 0.06971153846153846 0.09134615384615384
0 0.8757144331572833 0.457589762911643 0.07867845821620278 0.06794027212619397
0 0.9681873297555168 0.36665375805621225 0.05038760499190759 0.038016676805981274
0 0.9915865384615384 0.4519230769230769 0.016826923076923076 0.04807692307692308
0 0.04927884615384615 0.9278846153846154 0.0985576923076923 0.14423076923076922
0 0.1852714278899408 0.894312357881915 0.07121971005480333 0.1012023213803824
0 0.21504369690774447 0.8164056985662514 0.045332702984354295 0.07137667528508401
0 0.30306357423971453 0.7121016160272953 0.06400817159326494 0.10090847370563913
0 0.5070016988528281 0.9725720112889602 0.0392926469886703 0.05195000760448592