0 0.020432692307692308 0.04927884615384615 0.040865384615384616 0.0985576923076923
0 0.03245192307692308 0.008413461538461538 0.05048076923076923 0.016826923076923076
0 0.07091346153846154 0.021634615384615384 0.055288461538461536 0.04326923076923077
0 0.4050480769230769 0.06610576923076923 0.10336538461538461 0.13221153846153846
0 0.49158653846153844 0.21754807692307693 0.3245192307692308 0.38221153846153844
0 0.5757211538461539 0.015625 0.06490384615384616 0.03125
0 0.6670673076923077 0.026442307692307692 0.04567307692307692 0.052884615384615384
0 0.09134615384615384 0.8845282107588324 0.06490384615384616 0.1378898892192305
0 0.18389423076923078 0.8271524570430918 0.06009615384615385 0.12785388602920214
0 0.21634615384615385 0.9387019230769231 0.09615384615384616 0.12259615384615384
0 0.33533653846153844 0.9004414334802716 0.07451923076923077 0.15315420329159524
0 0.41225961538461536 0.9471153846153846 0.10817307692307693 0.10576923076923077
0 0.41947115384615385 0.8389940699624655 0.07451923076923077 0.1507503571377491
0 0.6129807692307693 0.8593237877176653 0.07692307692307693 0.1509606664250711
0 0.6682692307692307 0.8197115384615384 0.04326923076923077 0.15384615384615385