0 0.08417656724451514 0.07569149843314818 0.08785915986381741 0.12589508103608343
0 0.06370192307692307 0.025240384615384616 0.06971153846153846 0.05048076923076923
0 0.19965053657685117 0.1441303435465055 0.08440376727336157 0.11384787898447503
0 0.29383695584743535 0.07926761225091167 0.08921145958105388 0.11390382154923027
0 0.25 0.040865384615384616 0.07211538461538461 0.08173076923076923
0 0.4182692307692308 0.054086538461538464 0.07692307692307693 0.10817307692307693
0 0.3888907634312667 0.3681199066004226 0.1059479386646722 0.14051395693580368
0 0.5324519230769231 0.3954326923076923 0.0985576923076923 0.0889423076923077
0 0.5444678837094011 0.08357013734517901 0.08368239541809103 0.1330506769328667
0 0.8580183401004267 0.3806837353107027 0.06850852533903105 0.09685312821328637
0 0.015625 0.5709134615384616 0.03125 0.06490384615384616
0 0.03290087290669487 0.565405645106015 0.0310691120133902 0.05319229949076906
0 0.1667044416735039 0.6095682727807011 0.04801590038433026 0.08220628103118856
0 0.18255446161118188 0.6394625076507012 0.05105067440014233 0.08944579077510464
0 0.23563467563276314 0.6135787835406317 0.053033901979344586 0.08466606974978988
0 0.24302710208091138 0.5605543117441282 0.04371927064458676 0.06054369436419556
0 0.28222472304807655 0.568520232764548 0.04017343406082601 0.07491082872251724
0 0.3067584464585466 0.6151574768643383 0.06673560704715083 0.10403669539244721
0 0.328168041905484 0.5848296871174854 0.03389357674188025 0.05802796308083899
0 0.22618219821687957 0.8218331455956664 0.14687216588148097 0.25145450668363556
0 0.5060096153846154 0.8509615384615384 0.19951923076923078 0.2980769230769231
0 0.4362980769230769 0.5444711538461539 0.13221153846153846 0.2091346153846154
0 0.5202948462265665 0.6355325424766474 0.05450606699059817 0.10149299282671297
0 0.5449201036759257 0.5594477619595847 0.04675404466039869 0.06778320410811164
0 0.5853365384615384 0.4651442307692308 0.040865384615384616 0.05048076923076923
0 0.6863956012476483 0.9115010224991639 0.07175360864216501 0.1064964841110486
0 0.8076923076923077 0.9555288461538461 0.09134615384615384 0.0889423076923077
0 0.893411323063104 0.9536086029844099 0.05366482984131037 0.09187760821132848
0 0.9771634615384616 0.9387019230769231 0.04567307692307692 0.08413461538461539
0 0.9710263505407395 0.8781103773319627 0.04957850938888861 0.0726188676981815
0 0.9326923076923077 0.9723557692307693 0.09615384615384616 0.055288461538461536
0 0.8934418344094005 0.9127012614454587 0.06264928659472921 0.0847779548793005
0 0.7235511520341869 0.81361379890322 0.0413154244907406 0.060515723081818004
0 0.6832567626337596 0.8068637866009122 0.04371927064458676 0.06054369436419549
0 0.686968776553774 0.711772007112101 0.030438184151424415 0.045980761029230606
0 0.6322115384615384 0.7860576923076923 0.028846153846153848 0.04807692307692308
0 0.6274038461538461 0.8209134615384616 0.019230769230769232 0.06009615384615385