0 0.09735576923076923 0.47836538461538464 0.051682692307692304 0.08774038461538461
0 0.07091346153846154 0.41947115384615385 0.046875 0.07692307692307693
0 0.020432692307692308 0.47836538461538464 0.037259615384615384 0.07932692307692307
0 0.15264423076923078 0.4387019230769231 0.04447115384615385 0.07692307692307693
0 0.12740384615384615 0.44591346153846156 0.03125 0.046875
0 0.18028846153846154 0.45552884615384615 0.028846153846153848 0.057692307692307696
0 0.23798076923076922 0.4411057692307692 0.04447115384615385 0.0733173076923077
0 0.22115384615384615 0.421875 0.030048076923076924 0.051682692307692304
0 0.27283653846153844 0.43990384615384615 0.037259615384615384 0.0625
0 0.2848557692307692 0.4170673076923077 0.02403846153846154 0.046875
0 0.21754807692307693 0.6081730769230769 0.11658653846153846 0.18389423076923078
0 0.3425480769230769 0.484375 0.06370192307692307 0.10336538461538461
0 0.33533653846153844 0.44350961538461536 0.038461538461538464 0.06009615384615385
0 0.3581730769230769 0.4338942307692308 0.028846153846153848 0.0625
0 0.3605769230769231 0.32211538461538464 0.02283653846153846 0.054086538461538464
0 0.40865384615384615 0.4266826923076923 0.03485576923076923 0.0625
0 0.4483173076923077 0.48197115384615385 0.057692307692307696 0.09014423076923077
0 0.4675480769230769 0.47115384615384615 0.04567307692307692 0.06850961538461539
0 0.5180288461538461 0.5288461538461539 0.07451923076923077 0.12860576923076922
0 0.5348557692307693 0.44591346153846156 0.037259615384615384 0.07091346153846154
0 0.5817307692307693 0.47596153846153844 0.040865384615384616 0.06850961538461539
0 0.6286057692307693 0.49759615384615385 0.054086538461538464 0.09615384615384616
0 0.5973557692307693 0.42788461538461536 0.036057692307692304 0.051682692307692304
0 0.6382211538461539 0.44591346153846156 0.038461538461538464 0.055288461538461536
0 0.6117788461538461 0.6430288461538461 0.13341346153846154 0.203125
0 0.7403846153846154 0.5504807692307693 0.07451923076923077 0.14543269230769232
0 0.7055288461538461 0.4699519230769231 0.038461538461538464 0.07091346153846154
0 0.6899038461538461 0.4375 0.03485576923076923 0.04927884615384615
0 0.75 0.4387019230769231 0.03125 0.046875
0 0.78125 0.47596153846153844 0.052884615384615384 0.0829326923076923
0 0.7872596153846154 0.43990384615384615 0.036057692307692304 0.057692307692307696
0 0.8317307692307693 0.4879807692307692 0.04567307692307692 0.08173076923076923
0 0.8569711538461539 0.45552884615384615 0.037259615384615384 0.06610576923076923
0 0.8786057692307693 0.44591346153846156 0.025240384615384616 0.055288461538461536