0 0.01201923076923077 0.18990384615384615 0.02403846153846154 0.0625
0 0.03052243207789364 0.11484254363950824 0.040924679009736634 0.053332155902657025
0 0.041701955842056895 0.09695355389755005 0.0357811039000174 0.04606467487636333
0 0.04930204364527928 0.053796208257829756 0.025717875548596707 0.03633740513146837
0 0.06299737449729764 0.03833903595209534 0.020686261372886358 0.031473770259020956
0 0.05642795444263722 0.026249876976920588 0.015542686263167127 0.024206289232727256
0 0.0625 0.01201923076923077 0.019230769230769232 0.02403846153846154
0 0.0889423076923077 0.003605769230769231 0.028846153846153848 0.007211538461538462
0 0.10029326493378427 0.16851035493069658 0.04618021505346503 0.06300348308279688
0 0.11845709136412029 0.0942428657028643 0.030637528790298036 0.03879719385006976
0 0.1220332133977135 0.06785650057531178 0.027897799834424957 0.03155768410615368
0 0.10721827320560501 0.05927521134258466 0.018058493351022165 0.026638106668950893
0 0.11632983361794903 0.048569788779787314 0.01817045428503132 0.02904195282279705
0 0.12351172488231149 0.02222538057580129 0.025829836482605728 0.03874125128531452
0 0.11538461538461539 0.004807692307692308 0.019230769230769232 0.009615384615384616
0 0.15504807692307693 0.007211538461538462 0.021634615384615384 0.014423076923076924
0 0.1583674941130807 0.02263096417027664 0.022754224724705452 0.02429020307985998
0 0.1631488531509446 0.04791330570922762 0.028121721702442863 0.03636537641384599
0 0.17924803015680904 0.03248410468587089 0.023202068460741535 0.03390558769524459
0 0.18428295825986696 0.08900246058363312 0.030861450658316077 0.04360488615776207
0 0.20309553095177627 0.1060391682783882 0.046292175987474045 0.06540732923664304
0 0.17900440287365774 0.15621225340300376 0.04858406120731118 0.06303145436517464
0 0.19628248361396453 0.2176781580203464 0.045956293185446986 0.058195790775104575
0 0.5144230769230769 0.21634615384615385 0.04807692307692308 0.07692307692307693
0 0.43311068238012 0.11832581036083435 0.04103663994374566 0.055736002056503184
0 0.4165340144410434 0.09771130471768757 0.033825101482207194 0.05565208820937046
0 0.49312120856209324 0.09139484729223254 0.043776368899618875 0.0629755118004194
0 0.41775895686044745 0.020844170359365897 0.025829836482605863 0.03874125128531452
0 0.4074519230769231 0.010817307692307692 0.026442307692307692 0.021634615384615384
0 0.3652102242778588 0.027440340608596996 0.028345643570460766 0.041173068721538295
0 0.34615384615384615 0.006009615384615385 0.02403846153846154 0.01201923076923077
0 0.3146174941130806 0.024449097524821103 0.025717875548596572 0.03633740513146837
0 0.2932692307692308 0.009615384615384616 0.019230769230769232 0.019230769230769232
0 0.28125 0.006009615384615385 0.02403846153846154 0.01201923076923077
0 0.8052884615384616 0.47596153846153844 0.30288461538461536 0.33653846153846156
0 0.9423076923076923 0.4170673076923077 0.11538461538461539 0.21875