0 0.014423076923076924 0.5072115384615384 0.028846153846153848 0.14903846153846154
0 0.015625 0.4387019230769231 0.03125 0.06971153846153846
0 0.07663189037224345 0.4640148503613155 0.06147171485214232 0.07682476643573671
0 0.061898973662155646 0.4340894631813309 0.05388223567462037 0.06902455524665421
0 0.1257064337391716 0.5326469571229404 0.09561926034134895 0.1346641431268889
0 0.1784123003850794 0.48788126854693165 0.059067868698296305 0.07662854219322203
0 0.2264160117233877 0.5360806830008642 0.07765851511647553 0.11165595804467078
0 0.25970213878053455 0.4861394312539688 0.0387032773195766 0.05342413286848924
0 0.31018290801130377 0.4902601403467769 0.03642541140439161 0.05563175477982085
0 0.3344682192174456 0.519768501419897 0.051478389520774215 0.06882833100413954
0 0.41847685436339976 0.5242325037540643 0.04641873673575958 0.06362819021141788
0 0.4481997590705396 0.5661525440814447 0.07690263368450855 0.09723288112159387
0 0.54372370403108 0.5619822830128005 0.051730349998096545 0.07363602331183185
0 0.5588942307692307 0.5913461538461539 0.040865384615384616 0.07692307692307693
0 0.6574519230769231 0.36658653846153844 0.15625 0.2764423076923077
0 0.8308931148445289 0.3616048191401718 0.27914232160786384 0.3937883720377382
0 0.9543269230769231 0.33653846153846156 0.09134615384615384 0.49038461538461536
0 0.026442307692307692 0.9867788461538461 0.052884615384615384 0.026442307692307692
0 0.11490279807216464 0.8113951972139197 0.06653136763715696 0.08202490722845837
0 0.6370192307692307 0.71875 0.11538461538461539 0.1778846153846154