0 0.09649733281059512 0.3693183018570571 0.177556497832508 0.20805261234631048
0 0.19653165600157016 0.23280963199591026 0.1052426904905749 0.12906606320810995
0 0.2014995775465057 0.03011632776783851 0.025465512214807015 0.04240583922537411
0 0.23238709604390348 0.05222922104381311 0.03284493899120965 0.04767566791606329
0 0.29800829707473286 0.17209913871141666 0.07589287169982839 0.11279444075304568
0 0.4531632444387049 0.40669275020586504 0.16861266647658 0.22666719973308383
0 0.480815083336157 0.23266111375187967 0.1254807896105293 0.15914458074225543
0 0.6086539174830057 0.27144872704943446 0.13526406254077783 0.16456845489394362
0 0.7259615384615384 0.2127403846153846 0.052884615384615384 0.0889423076923077
0 0.7843865191860713 0.31011782257148457 0.14096460616853873 0.12176136050770972
0 0.13701923076923078 0.6213942307692307 0.10096153846153846 0.08413461538461539
0 0.29447115384615385 0.6442307692307693 0.10336538461538461 0.12980769230769232
0 0.1526595998738723 0.804523761450435 0.18837763506362612 0.311880133344692
0 0.5109051832873496 0.8526384947610512 0.23072348010110405 0.28821064395036555
0 0.4792430706284104 0.6703617413323095 0.11894080440844754 0.17791321359002793
0 0.4483173076923077 0.6141826923076923 0.0985576923076923 0.06971153846153846
0 0.6141826923076923 0.6033653846153846 0.08413461538461539 0.04807692307692308