0 0.265625 0.4375 0.03125 0.04326923076923077
0 0.5685096153846154 0.06009615384615385 0.040865384615384616 0.09615384615384616
0 0.6718408847361309 0.07667690397256056 0.07222092161547741 0.09924427879041066
0 0.7805178826138525 0.09512237950110528 0.062479556761431625 0.09605553566650595
0 0.8848962199481684 0.10005236481972418 0.05830176564704514 0.10768231795070736
0 0.9879807692307693 0.140625 0.02403846153846154 0.10817307692307693
0 0.5432692307692307 0.7728365384615384 0.009615384615384616 0.05048076923076923
0 0.5010316059551086 0.7663345771758904 0.04730059840638772 0.08045511328834096
0 0.4408094718702937 0.7590251249591774 0.057545884215078155 0.09325924102763043
0 0.318339298262801 0.7514215347447754 0.0774065546391532 0.10684826573697848
0 0.16904376543737504 0.7571863657414547 0.11446186723685063 0.1744992512860301
0 0.07692307692307693 0.7644230769230769 0.15384615384615385 0.27403846153846156
0 0.0805202849381875 0.5752301965077014 0.05792382493106164 0.1004707794891689
0 0.004807692307692308 0.5168269230769231 0.009615384615384616 0.057692307692307696
0 0.058643930695533975 0.5231796333368148 0.02858397174954737 0.043023851283045984
0 0.0787037930968849 0.49489757459636985 0.020994492572025417 0.0352236400939635
0 0.11646221862650283 0.530292861311013 0.025802184879717756 0.03561608857899285
0 0.12151676060187537 0.5582314284440157 0.03376960477322313 0.05062783822961373
0 0.17338842326755943 0.5660560188888504 0.028583971749547334 0.043023851283045915
0 0.21634270344013729 0.5635784398694991 0.020994492572025382 0.03522364009396357
0 0.24112682479128159 0.6254406118982849 0.042492906098695486 0.08006266480331174
0 0.28647984030806356 0.6458976834617295 0.04148506418940624 0.06083189557254251
0 0.3429021239944755 0.6720454564241822 0.036173450927069285 0.05082406247212855
0 0.2683352355348404 0.5965453028084611 0.02592816511837885 0.03801993473283907
0 0.2583470210131144 0.5658104410365827 0.026054145357040016 0.040423780886685225
0 0.20293769004563378 0.536155010964618 0.02061655185604196 0.028012101632425034
0 0.2145789800988811 0.5299245937156529 0.018086725463534643 0.025412031236064274
0 0.17662647340162935 0.5136619641105218 0.018212705702195804 0.027815877389910426
0 0.21500457850526886 0.6065533342749578 0.031617719096699304 0.0552393062947915
0 0.2627240041047768 0.5123125753025882 0.015682879309688556 0.025215806993549597
0 0.2936539426984819 0.5315923014109447 0.020490571617380864 0.02560825547857888
0 0.2861802221403369 0.5716727890562706 0.016186800264333074 0.03483119160893421
0 0.31438625317390073 0.6074851018777783 0.025802184879717825 0.03561608857899291
0 0.32533976272415377 0.5652951044423781 0.01833868594085704 0.030219723543756443
0 0.3419096145141125 0.5845994081725696 0.01618680026433321 0.03483119160893421
0 0.37017863566700693 0.6216136440710002 0.018212705702195874 0.027815877389910426
0 0.417174505096026 0.6505822892941636 0.02580218487971769 0.03561608857899291
0 0.4369040844717978 0.6845058941899467 0.030987817903393486 0.04322007552556073
0 0.4762474846039643 0.7044724051471044 0.020994492572025382 0.03522364009396357
0 0.4799264655733483 0.6604918119072374 0.0184646661795182 0.03262356969760273
0 0.4432439828819923 0.6227907911600054 0.02074253209470319 0.030415947786271255
0 0.39890392008414177 0.598826062487049 0.015934839787010883 0.030023499301241905
0 0.41035623977939734 0.5889898760073146 0.017960745224873547 0.023008185082217983
0 0.3663311275781996 0.5710347627189736 0.020490571617380864 0.025608255478578947
0 0.47020043314822885 0.5890877897624891 0.015682879309688556 0.025215806993549597
0 0.48562624117095293 0.6322343307886273 0.018590646418179226 0.03502741585144875
0 0.5294572722045168 0.6693221011864803 0.026180125595701317 0.04282762704053138
0 0.5420673076923077 0.71875 0.01201923076923077 0.038461538461538464
0 0.5420673076923077 0.6286057692307693 0.01201923076923077 0.021634615384615384
0 0.5079588586778467 0.6244830764771321 0.015682879309688556 0.025215806993549597
0 0.5161884606679586 0.5988256657548832 0.01543091883236623 0.02040811468585729
0 0.5951697682903763 0.9435813645892915 0.06273151723875395 0.10086322797419811
0 0.6686181670309872 0.929231623799554 0.04995640503755648 0.08545902983854795
0 0.685518301846525 0.8863302638935175 0.041107123473422616 0.053620357111004054
0 0.7463942307692307 0.9615384615384616 0.05048076923076923 0.07692307692307693
0 0.8628411169668073 0.8672951238070142 0.11496578819149515 0.18411463590141472
0 0.9639423076923077 0.9050480769230769 0.07211538461538461 0.13221153846153846