0 0.29086538461538464 0.014423076923076924 0.09615384615384616 0.028846153846153848
0 0.29086538461538464 0.054086538461538464 0.10576923076923077 0.10817307692307693
0 0.3798076923076923 0.055288461538461536 0.09134615384615384 0.11057692307692307
0 0.4182692307692308 0.04567307692307692 0.0625 0.09134615384615384
0 0.4651442307692308 0.33653846153846156 0.03125 0.07211538461538461
0 0.4567307692307692 0.22235576923076922 0.014423076923076924 0.040865384615384616
0 0.4763022639984511 0.19866437301517118 0.022585767769337635 0.04275816820128197
0 0.49718255742836565 0.216107513303704 0.02247386748878209 0.03795047589358973
0 0.5049266271615922 0.29010097085462994 0.03242495294583341 0.053214789965954384
0 0.5432692307692307 0.38221153846153844 0.038461538461538464 0.03365384615384615
0 0.5343872276117524 0.26223172014772117 0.027505360357585492 0.04798647908361818
0 0.5567471849418806 0.1880132426591172 0.019958121054380322 0.03293247429857547
0 0.5665873750574255 0.24857523707656737 0.02247386748878209 0.03795047589358966
0 0.5684596948786328 0.22552838932770697 0.019846220773824842 0.02812478199088316
0 0.5886965616953528 0.21532729884700902 0.017498324760256496 0.030318318857407364
0 0.5800053593336008 0.3076198444861115 0.03516449994134621 0.06784817617635319
0 0.5997666499579597 0.2769860616977213 0.02247386748878209 0.03795047589358966
0 0.640625 0.3786057692307692 0.036057692307692304 0.040865384615384616
0 0.6231077446210473 0.34841058580413165 0.029965156651709454 0.05060063452478621
0 0.6430089105961009 0.32378641840035666 0.027281559796474397 0.038371094468233564
0 0.6220436870167204 0.25094966192970136 0.01738642447970088 0.025510626549715126
0 0.6102192767994127 0.20862682295341928 0.015038528466132534 0.027704163416239262
0 0.6685540061658656 0.17943578387557044 0.01738642447970088 0.025510626549715056
0 0.6431757560778849 0.2792101099105419 0.019958121054380322 0.03293247429857547
0 0.6689466620868593 0.24805055390384673 0.017498324760256496 0.030318318857407434
0 0.6878427354150111 0.28373284963354767 0.019902170914102648 0.030528628144729317
0 0.6778087296865922 0.31833308758034246 0.02241791734850442 0.035546629739743506
0 0.682309701161806 0.35647916211089803 0.027449410217307683 0.04558263292977216
0 0.6838942307692307 0.3894230769230769 0.036057692307692304 0.019230769230769232
0 0.7223557692307693 0.38221153846153844 0.03125 0.03365384615384615
0 0.7329303457432695 0.3580722824617529 0.027449410217307683 0.04558263292977202
0 0.7164101434988251 0.3209777543678069 0.02247386748878209 0.03795047589358966
0 0.7288200203109512 0.28496528405676713 0.017498324760256496 0.030318318857407434
0 0.7378759035235579 0.26008558536901777 0.017498324760256496 0.030318318857407434
0 0.7386851706794875 0.19136566069708053 0.015038528466132534 0.027704163416239262
0 0.7890260645595621 0.1809395502787046 0.014982578325854727 0.025300317262393106
0 0.7942264127882481 0.249133701732337 0.017498324760256496 0.030318318857407434
0 0.7854223052068914 0.284830708112394 0.02241791734850442 0.035546629739743506
0 0.7703288315395304 0.3090342569415251 0.022417917348504283 0.035546629739743506
0 0.778715322946902 0.35888409831032847 0.024877713642628245 0.03816078518091168
0 0.7728365384615384 0.38461538461538464 0.036057692307692304 0.028846153846153848
0 0.8040865384615384 0.3713942307692308 0.03125 0.055288461538461536
0 0.8270989668563039 0.31611121945869036 0.02247386748878209 0.03795047589358966
0 0.8213960723041669 0.27807029957179574 0.020014071194658128 0.03533632045242149
0 0.8472509035235579 0.2505165127958699 0.01738642447970088 0.025510626549715126
0 0.8505479420437503 0.1851920480673799 0.01738642447970088 0.025510626549715056
0 0.8740279071184832 0.2108383406070523 0.015038528466132534 0.027704163416239262
0 0.8872790459128743 0.31445925650641127 0.024877713642628245 0.03816078518091168
0 0.8582380715147975 0.3603573533671662 0.029909206511431644 0.04819678837094006
0 0.8557692307692307 0.3918269230769231 0.038461538461538464 0.014423076923076924
0 0.8882211538461539 0.38341346153846156 0.03125 0.03125
0 0.9149242816211542 0.3638285466535623 0.022585767769337704 0.04275816820128197
0 0.904160914191026 0.26360309069765064 0.015094478606410342 0.030108009570085414
0 0.9256266742157588 0.2027109216988615 0.019958121054380322 0.03293247429857547
0 0.9584422732044875 0.21549674632001542 0.014982578325854727 0.025300317262393106
0 0.9286190017815709 0.2795288439782775 0.019902170914102648 0.030528628144729317
0 0.953776466125588 0.32550267418198126 0.02252981762905976 0.04035432204743582
0 0.9266826923076923 0.38461538461538464 0.03125 0.028846153846153848
0 0.953125 0.3870192307692308 0.036057692307692304 0.02403846153846154
0 0.9764741341754811 0.3692829675191607 0.02252981762905976 0.04035432204743582
0 0.9891826923076923 0.3858173076923077 0.021634615384615384 0.026442307692307692
0 0.9805534697205132 0.2858245019931636 0.019902170914102648 0.030528628144729317
1 0.054086538461538464 0.5492788461538461 0.10817307692307693 0.3004807692307692
1 0.32838079538744674 0.5673888758785623 0.15457752542596162 0.251019945044729
1 0.20005980155331243 0.8495988882762828 0.1621807148694446 0.26847779598361793
1 0.41586538461538464 0.6478365384615384 0.0673076923076923 0.25721153846153844
0 0.4873773769563039 0.6416482151814817 0.05456311959294876 0.07674218893646713
0 0.5562496633136756 0.5994915535414533 0.057134816167628236 0.0841640366853276
0 0.5796467081170411 0.6733199238017098 0.06451420505000005 0.09200650300883172
0 0.6242287573047013 0.6224490473425932 0.052383074000213734 0.08614726426452972
0 0.6754648534292206 0.6504844753857556 0.05976246288258548 0.09398973058803396
0 0.7064071276576928 0.6345293008044166 0.04494773497756418 0.07590095178717932
0 0.7740505208070517 0.6430637176824795 0.05730266658846152 0.09137557514686606
0 0.7958819666216885 0.7013722425863969 0.07239714519487186 0.12148358471695148
0 0.8573998243496799 0.49847335256965913 0.03477284895940176 0.05102125309943025
0 0.8707638683636757 0.6586898077280636 0.06479395575138888 0.10402573377806262
0 0.9098557692307693 0.9338942307692307 0.12259615384615384 0.13221153846153846
0 0.9771634615384616 0.734375 0.04567307692307692 0.12259615384615384
0 0.9831730769230769 0.6622596153846154 0.03365384615384615 0.08413461538461539
0 0.9712218555627141 0.6282222022759272 0.05210332329882497 0.07412803349529895