0 0.10805213219107869 0.23947470664202905 0.04483583469700857 0.06781117539048918
0 0.2568657882293799 0.2990245784165056 0.0649618061722223 0.1064964841110486
0 0.29745242708242475 0.2588995907188135 0.05009112812692306 0.08709788718601366
0 0.4879996998494654 0.22904562864175182 0.040195992810149545 0.07496677128727242
0 0.5540865384615384 0.13822115384615385 0.05048076923076923 0.11778846153846154
1 0.7860576923076923 0.40024038461538464 0.0625 0.07932692307692307
1 0.8934953778947646 0.35878507687412814 0.07653343581923075 0.08740557129216733
1 0.7776442307692307 0.46153846153846156 0.06490384615384616 0.04326923076923077
1 0.6298076923076923 0.47596153846153844 0.038461538461538464 0.07211538461538461
1 0.7319711538461539 0.4567307692307692 0.040865384615384616 0.03365384615384615
1 0.5997596153846154 0.4579326923076923 0.026442307692307692 0.036057692307692304