0 0.0889423076923077 0.036057692307692304 0.0673076923076923 0.07211538461538461
0 0.21033653846153846 0.056490384615384616 0.07932692307692307 0.11298076923076923
0 0.34975961538461536 0.07091346153846154 0.11298076923076923 0.14182692307692307
0 0.5863884170483735 0.2522953158940524 0.163509900240877 0.2109974007753594
0 0.6923076923076923 0.07091346153846154 0.09134615384615384 0.14182692307692307
0 0.8240998242693716 0.12371729287166389 0.09527024196428148 0.1682435071156479
0 0.9276370538715187 0.08476252786352435 0.07373393706700632 0.11006158596740352
0 0.984375 0.27524038461538464 0.03125 0.1658653846153846
0 0.9651442307692307 0.009615384615384616 0.040865384615384616 0.019230769230769232
0 0.8629807692307693 0.009615384615384616 0.03365384615384615 0.019230769230769232
0 0.13503122052575162 0.5162251662705283 0.05896756690257014 0.07605801591645996
0 0.17685314873187455 0.5438215628232579 0.08379092541109039 0.08637284832603967
0 0.3190235634162398 0.5227778649730438 0.07098679767180098 0.07640773981355764
0 0.409388992781986 0.3959078534009709 0.051363579956002395 0.07104048927050909
0 0.4387019230769231 0.5576923076923077 0.021634615384615384 0.0673076923076923
0 0.9603365384615384 0.6237980769230769 0.07932692307692307 0.17067307692307693
0 0.984375 0.5697115384615384 0.03125 0.12980769230769232
0 0.6092749042179137 0.782759448402982 0.18627270583691027 0.2548261897799461
0 0.48197115384615385 0.5637019230769231 0.06490384615384616 0.18990384615384615
0 0.5408653846153846 0.3954326923076923 0.07211538461538461 0.07451923076923077
0 0.5697115384615384 0.36658653846153844 0.04807692307692308 0.016826923076923076
0 0.6028004960453441 0.4096608192741001 0.06573750163540915 0.10023636701376056
0 0.6849235153950597 0.47560097529244744 0.08673428904881046 0.12243054063373197
0 0.6771235025720602 0.4094252612822587 0.05837889417502605 0.06884647745492149
0 0.6766826923076923 0.3786057692307692 0.055288461538461536 0.040865384615384616
0 0.6310096153846154 0.3786057692307692 0.05048076923076923 0.040865384615384616
0 0.7199519230769231 0.3762019230769231 0.055288461538461536 0.036057692307692304
0 0.7860576923076923 0.3737980769230769 0.04807692307692308 0.03125
0 0.7894418662097802 0.44866544105353867 0.07034896970058678 0.09797241041875346
0 0.7991060093366692 0.5376776935252658 0.11572751189380881 0.15444993320734662
0 0.8801501920847199 0.4728880132766759 0.08913813520265648 0.12250048541315153
0 0.8521634615384616 0.39302884615384615 0.06009615384615385 0.06971153846153846
0 0.8173076923076923 0.3713942307692308 0.04326923076923077 0.026442307692307692
0 0.8978365384615384 0.38341346153846156 0.05048076923076923 0.05048076923076923
0 0.9350961538461539 0.38461538461538464 0.052884615384615384 0.052884615384615384
0 0.9704908454625483 0.4191604474483619 0.04356336876691977 0.06361911647071214
0 0.9575392519922485 0.49552396613608274 0.06755267506171127 0.0930947733316416
0 0.9915865384615384 0.42908653846153844 0.016826923076923076 0.08413461538461539