0 0.05137743444303666 0.3232922465739325 0.05456298701232867 0.10078065047492867
0 0.33413461538461536 0.5 0.07692307692307693 0.11538461538461539
0 0.38822115384615385 0.5168269230769231 0.12259615384615384 0.08173076923076923
0 0.4362980769230769 0.47716346153846156 0.026442307692307692 0.09375
0 0.3649446665868897 0.4410692675987906 0.06401053446494186 0.09200650300883186
0 0.46274038461538464 0.4266826923076923 0.026442307692307692 0.19951923076923078
0 0.4639423076923077 0.171875 0.028846153846153848 0.055288461538461536
0 0.4903223002031251 0.17895305256274957 0.03946856143816639 0.061057256289458635
0 0.48225059628238365 0.2288628265785615 0.04208220404547669 0.07328679634601142
0 0.5236255756782596 0.2648458755888892 0.056757036712710644 0.08897172899301992
0 0.5358816658384783 0.3189776360470802 0.059286760738635265 0.09639357674188012
0 0.5822111950594716 0.3461266049443025 0.07180950299617997 0.1262912770246438
0 0.6764558934867939 0.4470892334514251 0.11621163461411727 0.19498069035028465
0 0.8305288461538461 0.4951923076923077 0.15625 0.125
0 0.6613939903877839 0.14118455470135388 0.04950353896047929 0.08593695497720798
0 0.5621859290743527 0.1870668508661685 0.03938464285678075 0.05624956398176632
0 0.5769237006776259 0.16777614898839077 0.029643380369317667 0.04819678837094006
0 0.513284716536742 0.16974357587165273 0.03204722652316382 0.04840709765826208
0 0.6092077865917777 0.1745523582249293 0.0173723938559299 0.032722165011253586
0 0.7018458653884176 0.23005221909629697 0.04220808191755519 0.08049833480754988
0 0.7307549581706108 0.2239227384176646 0.032131145104549466 0.053214789965954384
0 0.7407750393397546 0.2686494235477928 0.0493776610884009 0.07872541651566937
0 0.667220872256459 0.21988054991631117 0.03461890983978126 0.058232791560968576
0 0.7075976417366986 0.1755450620601147 0.027281493506164402 0.05039032523746433
0 0.7485679245788154 0.16596018879102642 0.032131145104549466 0.053214789965954384
0 0.7576588180605396 0.19516702856481566 0.029643380369317532 0.04819678837094006
0 0.7859175418369938 0.22629716327079855 0.042082204045476655 0.07328679634601142
0 0.8046806755779645 0.1826525359235764 0.027155615634085868 0.04317878677592587
0 0.8135049169623627 0.29588883643832004 0.05696683316617469 0.10099095976225068
0 0.8449437337704804 0.2823375080108272 0.04709969280663328 0.08572664568988596
0 0.8555241820718001 0.2262078093230779 0.034451072677009836 0.04861740694558396
0 0.8632602116669991 0.19552880453803526 0.029517502497239133 0.0409852499094016
0 0.8980320623163826 0.19728701217955952 0.024709810189546964 0.040564631334757836
0 0.9143825368425156 0.29186353867849124 0.054437109140250135 0.0935691120133902
0 0.9493912468828871 0.34880505321481603 0.06670809565363783 0.10904373537307667
0 0.9177724263276432 0.23516284477578459 0.03453499125839562 0.05342509925327627
0 0.9194568812475338 0.2074134593628928 0.024667850898853934 0.03816078518091168
0 0.9557663292993831 0.18983574312998697 0.02470981018954669 0.040564631334757836
0 0.9927884615384616 0.2608173076923077 0.014423076923076924 0.06971153846153846
0 0.9825503946094108 0.23669603247963084 0.03208918581385671 0.05081094381210823
0 0.9939903846153846 0.2127403846153846 0.01201923076923077 0.04567307692307692
0 0.08052884615384616 0.5685096153846154 0.05048076923076923 0.021634615384615384
0 0.4338942307692308 0.5913461538461539 0.03125 0.0673076923076923