0 0.009615384615384616 0.4411057692307692 0.019230769230769232 0.055288461538461536
0 0.42917850318434864 0.4035497970850276 0.04472393441645295 0.06502014570783579
0 0.31001926320908146 0.3377951696666882 0.024877713642628245 0.03745777325648994
0 0.29691101458253233 0.3934455057127942 0.029797306230876168 0.042545481753941856
0 0.18854211216848324 0.3787316799047431 0.037120744972970104 0.04777319834627337
0 0.1898829056570516 0.3331986110765459 0.02247386748878209 0.0373177651616102
0 0.08137412789230797 0.31247516988387947 0.019790270633547033 0.0251585262974997
0 0.514623927109295 0.2584897119801944 0.019902170914102648 0.029966218605192003
0 0.5035268687155985 0.24584044478400463 0.017610225040811976 0.034633902818004575
0 0.4796572625370195 0.30326459055699784 0.017442374619978687 0.027422364356466115
0 0.44091597337409216 0.2890052302696908 0.017498324760256496 0.02982621051031213
0 0.4060332340122332 0.3373858780772635 0.01738642447970088 0.025018518202619824
0 0.37919927533798103 0.319018865956663 0.022417917348504283 0.03491391900776419
0 0.6394230769230769 0.052884615384615384 0.019230769230769232 0.07211538461538461
0 0.6689756420960473 0.05402278080839155 0.056799115325961665 0.06812403233608076
0 0.7166079788678957 0.19243023825597488 0.09967870499134626 0.15704263148749836
0 0.7893927552885154 0.12225125842801696 0.08430447568354701 0.11533719830283519
0 0.765269363600588 0.06563271998819759 0.06194250847532054 0.08282712544891715
0 0.8612273842634619 0.06281958224492677 0.054395269172115505 0.06798402424120102
0 0.9771634615384616 0.07211538461538461 0.04567307692307692 0.10576923076923077
0 0.04567307692307692 0.9627403846153846 0.09134615384615384 0.07451923076923077
0 0.08106841199887857 0.5957648983796203 0.0821803802310899 0.12721642097718608
0 0.24858633563055604 0.7795642949852907 0.08715592295961563 0.1347079756284843
0 0.3268522159202998 0.8417368617137508 0.08955976911346178 0.13484798372336387
0 0.4339362749860583 0.9043876025038453 0.10459829757959418 0.16213033998495027
0 0.5288461538461539 0.9026442307692307 0.125 0.19471153846153846
0 0.5377182708363788 0.7735987319567642 0.08950381897318384 0.13244413756951773
0 0.5985576923076923 0.8197115384615384 0.0625 0.125
0 0.6850961538461539 0.9182692307692307 0.11057692307692307 0.15865384615384615
0 0.7773435395710474 0.7393763638786452 0.0692099970771368 0.08565099588740265
0 0.8473557692307693 0.9002403846153846 0.1658653846153846 0.19951923076923078