0 0.006009615384615385 0.09735576923076923 0.01201923076923077 0.05048076923076923
0 0.013392231025562683 0.08469576415583806 0.02594179741661475 0.04156483240957971
0 0.12977455303421637 0.21454204194390455 0.07167416873404384 0.09570845382374617
0 0.20206782083265734 0.05399968674573166 0.04662805878950111 0.07337439064493581
0 0.2501611353973661 0.23264444596783473 0.08218524082150033 0.11521900217219351
0 0.2668269230769231 0.38341346153846156 0.10576923076923077 0.23317307692307693
0 0.3473557692307692 0.29447115384615385 0.055288461538461536 0.0985576923076923
0 0.4522324483063232 0.3118077783871339 0.08402928230530152 0.10326971618238232
0 0.5569380502024684 0.3315667465542139 0.07189809060206187 0.10051614613143861
0 0.66105751415874 0.3381395332648499 0.06994208818425166 0.11006158596740366
0 0.7718550451763336 0.381727128632133 0.06753824203040551 0.10999164118798423
0 0.8829357924562972 0.3676923610865278 0.07486174142595285 0.1126053216800888