0 0.15481059377753995 0.22528045236985725 0.11317839909987858 0.1503251405278315
0 0.019230769230769232 0.018028846153846152 0.038461538461538464 0.036057692307692304
0 0.12167850898854003 0.04824811903244489 0.05667311813132487 0.07997026257160805
0 0.10697115384615384 0.013221153846153846 0.040865384615384616 0.026442307692307692
0 0.19591346153846154 0.01201923076923077 0.04567307692307692 0.02403846153846154
0 0.2801584346874374 0.10897446879740894 0.07138991008925175 0.09696501334279671
0 0.2551968687537336 0.05581014058901749 0.05190738511432545 0.08231816616069897
0 0.27884615384615385 0.016826923076923076 0.03365384615384615 0.03365384615384615
0 0.2980769230769231 0.027644230769230768 0.04326923076923077 0.055288461538461536
0 0.390625 0.039663461538461536 0.036057692307692304 0.06490384615384616
0 0.3954326923076923 0.11538461538461539 0.026442307692307692 0.09134615384615384
0 0.9517722421277399 0.2037051478112532 0.0914179058431848 0.1428618605248946
0 0.9059793706247619 0.12746652524111374 0.06396857517424911 0.08486186872643323
0 0.7922013748708289 0.08047879804628923 0.046931855643861715 0.07264683898055925
0 0.8425143069388267 0.07145081036083435 0.0470157742252475 0.07745453128825155
0 0.8816532773436279 0.041864259596987946 0.039510520728859216 0.06054369436419549
0 0.9395973407800925 0.05695864729712747 0.03440911338631736 0.04366082872251717
0 0.9659347502456682 0.051256716018665764 0.039426602147473705 0.055736002056503184
0 0.08774038461538461 0.9266826923076923 0.10817307692307693 0.1466346153846154
0 0.020432692307692308 0.7620192307692307 0.040865384615384616 0.125
0 0.10186912274906275 0.7679466164373415 0.094031548450495 0.154909062576503
0 0.062280766730995266 0.6340996000220269 0.05717662961963887 0.10881641641776191
0 0.10096426823035266 0.5095751118224463 0.06160668831109571 0.08723774359790176
0 0.12259615384615384 0.4411057692307692 0.057692307692307696 0.04567307692307692
0 0.06850961538461539 0.42908653846153844 0.055288461538461536 0.021634615384615384
0 0.22509801947897223 0.5302464020956623 0.06430424949979169 0.10409263795720239
0 0.24012342282491778 0.6337656287641238 0.06936369755164105 0.11857165744503462
0 0.1630893643829314 0.6953565620868515 0.07918887862048986 0.13070277334377572
0 0.3049819561647079 0.9073014492851024 0.1183217657331136 0.16961185232335596
0 0.3218210458259858 0.7705059887748925 0.09377979270633793 0.14048598565342593
0 0.3483533553918565 0.7071257354453119 0.0715577472520229 0.10658039795818133
0 0.3518183503973783 0.6302586010869902 0.05924480144794231 0.0896136184693703
0 0.38100961538461536 0.5685096153846154 0.055288461538461536 0.0889423076923077
0 0.2634397633606096 0.454986774408739 0.04929374250701512 0.07027096410909059
0 0.28125 0.43028846153846156 0.052884615384615384 0.02403846153846154
0 0.39302884615384615 0.4483173076923077 0.03125 0.06009615384615385
0 0.9056382367615907 0.5057637683004151 0.09668715034849822 0.16936011078195753
0 0.4387019230769231 0.8918269230769231 0.06009615384615385 0.21634615384615385
0 0.5789364991217838 0.8588608995372705 0.10389868881003668 0.16944402462909025
0 0.7752403846153846 0.9050480769230769 0.12740384615384615 0.18990384615384615
0 0.8713942307692307 0.9314903846153846 0.12740384615384615 0.13701923076923078
0 0.9281655400805614 0.9013782739435621 0.09892315933957281 0.1597726974489504
0 0.9447115384615384 0.9555288461538461 0.11057692307692307 0.0889423076923077