0 0.040865384615384616 0.39903846153846156 0.08173076923076923 0.15865384615384615
0 0.12286472239159338 0.21633835990709704 0.07873785361721329 0.11098249294355214
0 0.22598492588687616 0.1832710894463229 0.0983119160893417 0.14473423527210194
0 0.25706327926619654 0.16625536660390006 0.06235253426898961 0.08686012039820189
0 0.30442903823856615 0.11307007011126657 0.061175188813901556 0.07243704347512497
0 0.3598156118982849 0.1139503343284493 0.04395581725194912 0.06753145499272903
0 0.3798076923076923 0.15264423076923078 0.019230769230769232 0.10336538461538461
0 0.4254807692307692 0.40625 0.07211538461538461 0.14423076923076922
0 0.41586538461538464 0.3161057692307692 0.052884615384615384 0.07932692307692307
0 0.4686009473403265 0.30883748874282213 0.061371413056416295 0.07484088962897098
0 0.4860656983884637 0.28709099201568844 0.05298252913978985 0.06037585720244984
0 0.5421144792751489 0.31081478727831696 0.05357120186733374 0.0675873956639883
0 0.5800608795085656 0.3190114787156493 0.08236820046981755 0.09658738635610493
0 0.6387343084134466 0.3306950654573249 0.11455016643872075 0.137620592985267
0 0.7306693333532274 0.2784529664370407 0.05577882377866535 0.0651975346779568
0 0.6938513216973115 0.25461728983189374 0.04238602331183185 0.04830068576195979
0 0.6949555293851429 0.1355639719613425 0.042582247554346524 0.05070453191580594
0 0.7479624377806849 0.23987255404907645 0.040570849885529725 0.05549823905568347
0 0.7804878953570302 0.25531574686748415 0.04817483683209754 0.06034788686682027
0 0.8028584508341171 0.23474320288164385 0.04856728531712689 0.06515557917451258
0 0.8293269230769231 0.3762019230769231 0.1778846153846154 0.20432692307692307
0 0.916574961791275 0.2725614236237016 0.09296470629777567 0.10866255779659485
0 0.8748511457064094 0.24755179427726118 0.05175602844103148 0.07478494895771184
0 0.8835099867310556 0.22104655332978687 0.04537854219322203 0.05552620939131304
0 0.9125769424415592 0.2088525079628712 0.036793434034080974 0.038657330810945606
0 0.967620024493836 0.23498714196325332 0.06436393193780642 0.08206641325832437
0 0.9643577468705088 0.20975374993177617 0.04317092028189069 0.057916070377344545
0 0.05048076923076923 0.6959134615384616 0.10096153846153846 0.1466346153846154
0 0.29086538461538464 0.9182692307692307 0.1971153846153846 0.16346153846153846
0 0.4326923076923077 0.8509615384615384 0.08653846153846154 0.12980769230769232
0 0.4872434405757175 0.7898444673649044 0.09154198135650277 0.1206678033980107
0 0.5280840492031842 0.8629589901238977 0.10974247413102844 0.1375926226496374
0 0.6332156503672837 0.8250700421876164 0.1557096890517945 0.20033037050248892
0 0.7837997249561932 0.7400193983111318 0.08496827086617838 0.09900521767776574
0 0.9302884615384616 0.8413461538461539 0.13942307692307693 0.19230769230769232