0 0.03635772875202326 0.03753590538998243 0.02290795530850322 0.03276283968147016
0 0.022330538872046314 0.08597428505412288 0.028205393740767803 0.045118257046583156
0 0.04531809131439861 0.14302772622096632 0.055823092132048766 0.07581343717008952
0 0.10278796817892771 0.12293945718412136 0.04292231833858801 0.053338355295768435
0 0.13899258432399172 0.12185508742246903 0.0486115536705103 0.07530915727626618
0 0.12537554343473792 0.07148363483200558 0.025409750687263803 0.03533477913325743
0 0.19089361731602045 0.0905292774484636 0.03590667832687854 0.0576417677096374
0 0.2212355419138407 0.08541890521118926 0.028499241415511085 0.05232979550812162
0 0.20082529184065595 0.05385798860664218 0.01819821222572534 0.034830499239434085
0 0.23447913799450204 0.05621129477781805 0.025605649137092658 0.04014247144094987
0 0.2572932342215331 0.08794030468030624 0.03590667832687854 0.0576417677096374
0 0.3593811887695876 0.06735599242460293 0.03301308604846025 0.045454443642465384
0 0.23918269230769232 0.2824519230769231 0.10336538461538461 0.15144230769230768
0 0.30528846153846156 0.2956730769230769 0.08653846153846154 0.125
0 0.41346153846153844 0.140625 0.09134615384615384 0.1658653846153846
0 0.45072115384615385 0.12620192307692307 0.016826923076923076 0.0889423076923077
0 0.46875 0.21153846153846154 0.019230769230769232 0.11538461538461539
0 0.5027916600189106 0.24359374146254723 0.07161745820392795 0.1104758431115825
0 0.5724766661024994 0.2195382466077156 0.07941669201495326 0.12540319992848262
0 0.5532826010538608 0.03980460494574775 0.04571796139209201 0.06312183320909416
0 0.8413461538461539 0.32091346153846156 0.15384615384615385 0.07451923076923077
0 0.9423076923076923 0.27283653846153844 0.11538461538461539 0.17067307692307693
0 0.8991242474418983 0.1604160259500284 0.05341924597820261 0.07564534387214841
0 0.7868638354503642 0.2827435664993405 0.08344079052332987 0.1065086172935959
0 0.7319181961991033 0.27046395910823295 0.06671181667132121 0.10773581036185384
0 0.7843314175502117 0.19698679479294923 0.061708225913800055 0.10259193145827958
0 0.6955360336952757 0.1871615735383581 0.04120411675914299 0.0699971850747504
0 0.8541409052366647 0.19945765427939577 0.051309247499100014 0.08268878903574563
0 0.732354877567776 0.20058432734875326 0.04802385832102374 0.06088608035318926
0 0.1509444883896999 0.8294521531007191 0.05910848131012504 0.09761614585264602
0 0.17622975747409958 0.7709528855850059 0.046305656741578646 0.07754491013217109
0 0.29672409312803494 0.8902706601548679 0.06372027516798849 0.09314464014083594
0 0.016826923076923076 0.6790865384615384 0.03365384615384615 0.06490384615384616
0 0.01201923076923077 0.5829326923076923 0.02403846153846154 0.05048076923076923
0 0.036206714771209465 0.5984395790259815 0.0354169322023062 0.04562253694040663
0 0.06083696180259985 0.6447597591494879 0.03551488142722066 0.048026383094252785
0 0.10918120017631655 0.6119798861516477 0.03291513682354568 0.04305059748861936
0 0.13635812705548261 0.5958000662751538 0.02830334296568223 0.04752210320042931
0 0.10142685083430648 0.5656344360368062 0.025605649137092727 0.040142471440949734
0 0.07785569318590967 0.5820663958602116 0.025213852237434945 0.030527086825565257
0 0.07307044311272487 0.5515980856922819 0.025409750687263803 0.03533477913325743
0 0.04954826007678528 0.5668281224387641 0.02310385375833211 0.037570531989162465
0 0.1354724938878104 0.5583723575925974 0.023201802983246502 0.039974378143008624
0 0.15762338777494775 0.5767961669999612 0.02550769991217823 0.03773862528710358
0 0.1574499315596264 0.551471735735606 0.020504109154657064 0.03259474638352904
0 0.1427064745838564 0.5287445139143733 0.023005904533417647 0.03516668583531631
0 0.18254339233763933 0.556842484594757 0.020602058379571495 0.0349985925373752
0 0.20221493308052357 0.5473699232859784 0.02290795530850322 0.03276283968147016
0 0.22891438426544392 0.7203963063802312 0.04571796139209201 0.06312183320909416
0 0.2715652971637961 0.6498525381039522 0.0381146260308957 0.05300216869988621
0 0.2843191471198852 0.6326641584398117 0.033013086048459976 0.045454443642465384
0 0.29930338701449916 0.5903194408092571 0.023103853758332075 0.037570531989162465
0 0.3155160823639859 0.5769889703227975 0.018100263000810912 0.03242665308558793
0 0.3099962131039427 0.564549506308714 0.015402569172221475 0.02504702132610822
0 0.3214501907581943 0.5496809261494491 0.018002313775896485 0.030022806931741777
0 0.349731091489369 0.5359889990757721 0.025213852237434945 0.030527086825565257
0 0.3968019899391979 0.5344591260779319 0.020700007604485923 0.037402438691221354
0 0.3329654134552297 0.7107973951147769 0.0409102690843997 0.06278564661321194
0 0.3623461978949708 0.6405310367767446 0.027911546066024383 0.03790671858504469
0 0.3694332547536451 0.6145089623292898 0.025311801462349372 0.03293093297941127
0 0.3565549231946918 0.605170987652152 0.01780641532606763 0.02521511462404947
0 0.36786197701157175 0.5939081767236563 0.017904364550982058 0.027618960777895624
0 0.377303905411635 0.5692561186510656 0.023103853758332075 0.037570531989162465
0 0.37462865381755306 0.5461674402426155 0.015402569172221475 0.02504702132610822
0 0.4140472422937285 0.5549505950432595 0.022614107633759935 0.025551301219931696
0 0.4132636484944128 0.5741813642740288 0.022614107633759935 0.025551301219931696
0 0.4145900531742001 0.6007917652642776 0.02550769991217823 0.03773862528710358
0 0.4332065946775329 0.5876293880757592 0.020602058379571495 0.0349985925373752
0 0.4297028648151203 0.6440357260421732 0.028107444515853237 0.042714410892737004
0 0.4411057692307692 0.6598557692307693 0.036057692307692304 0.06490384615384616
0 0.4125861842068961 0.7091329354852955 0.04331411523824586 0.06295373991115305
0 0.41965488897450504 0.7723053086770602 0.04311821678841687 0.058146047603460746
0 0.4326923076923077 0.9086538461538461 0.052884615384615384 0.09134615384615384
0 0.4182692307692308 0.9735576923076923 0.08173076923076923 0.052884615384615384
0 0.9015015612177947 0.5904523475415784 0.14514901643713018 0.2091005487518752
0 0.9058603017264877 0.48348119369542447 0.10943823656008024 0.1562664733499301
0 0.666383761744052 0.4739674490118204 0.11463772576743053 0.16621804456119696
0 0.6947115384615384 0.41947115384615385 0.08653846153846154 0.12259615384615384
0 0.49158653846153844 0.4170673076923077 0.06490384615384616 0.11778846153846154
0 0.5564903846153846 0.3737980769230769 0.07451923076923077 0.03125
0 0.6334134615384616 0.375 0.055288461538461536 0.03365384615384615
0 0.9747596153846154 0.3870192307692308 0.05048076923076923 0.057692307692307696