0 0.31490384615384615 0.5492788461538461 0.04807692307692308 0.08653846153846154
0 0.2704326923076923 0.5012019230769231 0.036057692307692304 0.046875
0 0.2956730769230769 0.4831730769230769 0.025240384615384616 0.038461538461538464
0 0.23317307692307693 0.47475961538461536 0.013221153846153846 0.021634615384615384
0 0.3425480769230769 0.4831730769230769 0.013221153846153846 0.019230769230769232
0 0.36778846153846156 0.5036057692307693 0.015625 0.027644230769230768
0 0.41586538461538464 0.47596153846153844 0.013221153846153846 0.03125
0 0.4387019230769231 0.4879807692307692 0.014423076923076924 0.020432692307692308
0 0.48197115384615385 0.5204326923076923 0.030048076923076924 0.04326923076923077
0 0.4795673076923077 0.47596153846153844 0.019230769230769232 0.027644230769230768
0 0.5288461538461539 0.4891826923076923 0.025240384615384616 0.03245192307692308
0 0.5733173076923077 0.5216346153846154 0.040865384615384616 0.05889423076923077
0 0.6670673076923077 0.4987980769230769 0.030048076923076924 0.037259615384615384
0 0.7235576923076923 0.5540865384615384 0.051682692307692304 0.078125
0 0.7848557692307693 0.5288461538461539 0.030048076923076924 0.040865384615384616