0 0.533829736087073 0.22215757281591383 0.12651266366559846 0.1689824743277854
0 0.5686285502385152 0.1678612568371534 0.0967153574347223 0.12794926769862322
0 0.14099973024134665 0.38792666396689374 0.17654784165224371 0.25339679306869667
0 0.028846153846153848 0.17067307692307693 0.057692307692307696 0.1875
0 0.10096153846153846 0.019230769230769232 0.0673076923076923 0.038461538461538464
0 0.16105769230769232 0.03125 0.0625 0.0625
0 0.2395793679848827 0.07841708581381188 0.08212443009081209 0.12065381823019604
0 0.23677884615384615 0.02283653846153846 0.055288461538461536 0.04567307692307692
0 0.34587912014770317 0.04894859199989957 0.06714185176495736 0.09653144568484565
0 0.3503531214918272 0.1378769145243925 0.10935003974700869 0.15446150123000485
0 0.43658285231971183 0.07246260974530626 0.08458422638493591 0.12307164955185691
0 0.41346153846153844 0.013221153846153846 0.057692307692307696 0.026442307692307692
0 0.5288461538461539 0.02283653846153846 0.038461538461538464 0.04567307692307692
0 0.5116056343514426 0.09366368492766296 0.06227820931698712 0.09409962919536993
0 0.5733173076923077 0.03485576923076923 0.06009615384615385 0.06971153846153846
0 0.5961538461538461 0.015625 0.04326923076923077 0.03125
0 0.640625 0.030048076923076924 0.05048076923076923 0.06009615384615385
0 0.6382211538461539 0.006009615384615385 0.036057692307692304 0.01201923076923077
0 0.6875 0.019230769230769232 0.04326923076923077 0.038461538461538464
0 0.6947115384615384 0.078125 0.028846153846153848 0.0985576923076923
0 0.7175480769230769 0.036057692307692304 0.016826923076923076 0.07211538461538461
0 0.7626427218246798 0.05625183540738363 0.0616068076336539 0.06525347534921608
0 0.8216798427617527 0.21698786885533566 0.08436042582382483 0.11345626493647237
0 0.7644230769230769 0.3401442307692308 0.11057692307692307 0.1658653846153846
0 0.942797337646742 0.3593314417862568 0.11192173632168825 0.1616870248593581
0 0.9831730769230769 0.15865384615384615 0.03365384615384615 0.10576923076923077
0 0.9891826923076923 0.08413461538461539 0.021634615384615384 0.08653846153846154
0 0.9831730769230769 0.04326923076923077 0.03365384615384615 0.07211538461538461
0 0.923561543720727 0.10099489867077659 0.07183764379209406 0.09175172371278292
0 0.9149792268223828 0.04214262340499025 0.052047373158547024 0.06760138083180295
0 0.09615384615384616 0.6538461538461539 0.14423076923076922 0.19230769230769232
0 0.27544525455779956 0.8751941896391083 0.14697433598247892 0.2219789710549191
0 0.5637019230769231 0.8894230769230769 0.1658653846153846 0.22115384615384615