0 0.037259615384615384 0.05048076923076923 0.07451923076923077 0.10096153846153846
0 0.1932208202317838 0.05856455434723023 0.07904918225363253 0.09582641288230648
0 0.29093825549626023 0.15211527490012516 0.128804609538889 0.17074195939528636
0 0.38100961538461536 0.0673076923076923 0.016826923076923076 0.11538461538461539
1 0.5060096153846154 0.20192307692307693 0.17548076923076922 0.2548076923076923
0 0.4014423076923077 0.5372596153846154 0.02403846153846154 0.18028846153846154
0 0.48777288447120676 0.6416502305954778 0.15194987871100452 0.23690587840305055
0 0.6713044442676812 0.6162331534986478 0.10974169072895307 0.17683343309778665
0 0.6853038753824781 0.8421128336423014 0.1670443573174147 0.26659208081848307
0 0.8647011544326918 0.6840641937992936 0.13450750409102583 0.2094835140465843
0 0.9435096153846154 0.7512019230769231 0.11298076923076923 0.22355769230769232
0 0.9819711538461539 0.6862980769230769 0.036057692307692304 0.1658653846153846
0 0.9819711538461539 0.8257211538461539 0.036057692307692304 0.2668269230769231
0 0.8329326923076923 0.8942307692307693 0.20432692307692307 0.21153846153846154