0 0.06370192307692307 0.04807692307692308 0.12740384615384615 0.09615384615384616
0 0.19471153846153846 0.030048076923076924 0.16826923076923078 0.06009615384615385
0 0.3473557692307692 0.0673076923076923 0.19951923076923078 0.1346153846153846
0 0.6009615384615384 0.3894230769230769 0.04326923076923077 0.057692307692307696
0 0.7632844975150831 0.36808832866425995 0.056214889031706614 0.08326955437799842
0 0.8353365384615384 0.39663461538461536 0.06009615384615385 0.04326923076923077
0 0.8634624421773059 0.3843814171594098 0.043510013688074715 0.06609290740397779
0 0.8928697589949969 0.3403078214268547 0.040812319859485274 0.058811424163019904
0 0.8074128290740362 0.3752078117834606 0.04331411523824586 0.061285215096285484
0 0.34120950892181195 0.7084660948705341 0.07132361052918466 0.10051614613143847
0 0.42973348733651223 0.6866823411909528 0.06852796747568081 0.09083081673663443
0 0.47059887195189687 0.6854932799408212 0.04610975829175 0.07097054449108953
0 0.5218142603695244 0.6659955934191653 0.04581591061700644 0.06375900602955106
0 0.5625 0.6538461538461539 0.03365384615384615 0.057692307692307696
0 0.5757211538461539 0.6334134615384616 0.007211538461538462 0.06009615384615385
0 0.23840528727796434 0.6682394620060521 0.041400015208971845 0.07323450108609683
0 0.2989422126362331 0.6556735348282566 0.035808729101964115 0.05386384229648847
0 0.2376176033352066 0.62864594524701 0.03031539221987054 0.036897029660726395
0 0.2651638848795229 0.6302454264375318 0.03031539221987054 0.036897029660726395
0 0.20972849950368969 0.6354599255949498 0.027813596841109955 0.034423238727460816
0 0.17963144796815556 0.6375361584146167 0.03031539221987054 0.036897029660726534
0 0.33482644872860423 0.6294189509112892 0.025605649137092932 0.03916098625573356
0 0.35530811564875364 0.6276224972093002 0.03031539221987054 0.036897029660726534
0 0.36690901714037705 0.6080769764711432 0.028401292190596797 0.048846315650537736
0 0.31252863100409517 0.6168622724696207 0.02501795378760609 0.024737909332656634
0 0.4051746571520865 0.6117655523081234 0.03031539221987054 0.036897029660726395
0 0.43902440175576163 0.6059786330885579 0.028107444515853237 0.04163477718899928
0 0.4622792694949075 0.624509954525132 0.023005904533417647 0.034283349168621684
0 0.4791286348063381 0.5940072365358283 0.018002313775896485 0.029335767302090386
0 0.5120968363857832 0.6098549327008783 0.025605649137092658 0.03916098625573356
0 0.05074001134952729 0.7661383145547215 0.07843719976580871 0.098322134315851
0 0.04146335887790112 0.6991803461441267 0.04802385832102374 0.059021258501278324
0 0.052107210354887426 0.6736601824110641 0.030707189119528387 0.04651241427611115
0 0.010817307692307692 0.5985576923076923 0.021634615384615384 0.03365384615384615
0 0.7379807692307693 0.5084134615384616 0.16346153846153846 0.18028846153846154
0 0.8894230769230769 0.4338942307692308 0.09615384615384616 0.03125