0 0.4029324862664522 0.36888629721192306 0.04225004120824808 0.07956467092977458
0 0.46875 0.41947115384615385 0.0673076923076923 0.06009615384615385
0 0.4605198957320278 0.3752315566240935 0.04448605019932281 0.06996327148220488
0 0.5306300474551482 0.3528005880291842 0.03229898226732075 0.0602779610277462
0 0.5369604408121371 0.40332331276339783 0.05190738511432545 0.08202445775487988
0 0.5878398233044883 0.3807804628259701 0.03487066558393819 0.0699073308109456
0 0.6147646628397635 0.35329006890270204 0.029811217532088954 0.05545628355223911
0 0.6523240765514061 0.40519652389543115 0.03731647102847724 0.07232516213260655
0 0.6651824931344935 0.3571895266575821 0.034702828421166905 0.06029194619556112
0 0.6971153846153846 0.4266826923076923 0.0673076923076923 0.04567307692307692
0 0.7331730769230769 0.41225961538461536 0.04807692307692308 0.07451923076923077
0 0.7942768775004077 0.39881011033496566 0.034660869130474156 0.05788810004171484
0 0.7980769230769231 0.4206730769230769 0.04326923076923077 0.057692307692307696
0 0.7841938573952245 0.3566798693874914 0.029643380369317532 0.045840898936854495
0 0.8406003234292234 0.3618162131388314 0.02487764735231825 0.04821677475507094
0 0.8509350992785637 0.38952337716322877 0.03453499125839562 0.050676561580176374
0 0.8665865384615384 0.42788461538461536 0.04567307692307692 0.04326923076923077
0 0.8841903321708279 0.41255570797417435 0.036980796702934526 0.05309439290183731
0 0.888446470407336 0.3753170703412812 0.029685339660010558 0.04824474509070065
0 0.9161116808219132 0.37427597669422824 0.024793728770932468 0.04340908244737863
0 0.9240216308720608 0.40317107862773394 0.029811217532089093 0.05545628355223911
0 0.9457821241287546 0.3960854066765286 0.027449330668935693 0.05784614453827048
0 0.9761448957320277 0.3782313751203674 0.027197574924778898 0.04342306761519355
0 0.018028846153846152 0.828125 0.036057692307692304 0.06490384615384616
0 0.03898057005757043 0.8361912364085398 0.03461890983978126 0.05548425388786868
0 0.08092199987779959 0.8436475153068373 0.03474478771185966 0.06269579234940714
0 0.10230485951825805 0.8581964587402473 0.03453499125839562 0.050676561580176374
0 0.11598756556203299 0.831831069470921 0.03221506368593525 0.055470268720053895
0 0.13502951798468443 0.8427602585057472 0.0346189098397814 0.05548425388786882
0 0.1707934952575269 0.8597969590998922 0.034576950549088374 0.053080407734022526
0 0.20332933691583577 0.8551780665576996 0.034576950549088374 0.053080407734022526
0 0.19160382118145483 0.8382812176417025 0.02943358391585349 0.03382166816762373
0 0.3653913224313418 0.5619841515011513 0.08142488761156458 0.12065381823019604
0 0.45142627248148937 0.5913337713886379 0.10356301448449397 0.1496258385866831
0 0.8783999500552173 0.7837409625813325 0.1304249150837299 0.17381813697110715