0 0.010817307692307692 0.3581730769230769 0.021634615384615384 0.052884615384615384
0 0.028972019132902267 0.2920779219837017 0.025549456372239102 0.04480968537922026
0 0.08902237136152963 0.40072743439248176 0.033180715620938 0.05729105253144805
0 0.0911209752973318 0.34063128054632785 0.028037246683517345 0.04736757699406542
0 0.15093476225950503 0.4215595394553776 0.030776869467091846 0.05713700707044904
0 0.16683829960467514 0.449080165374678 0.03600428256194459 0.06946432876167768
0 0.22735417423798943 0.44091207113042113 0.023061666060960863 0.04225179376437524
0 0.23798076923076922 0.4831730769230769 0.038461538461538464 0.07211538461538461
0 0.30563179534701146 0.4760436482664636 0.028289079155813603 0.054579115455603885
0 0.3737980769230769 0.4987980769230769 0.03125 0.040865384615384616
0 0.5913461538461539 0.36899038461538464 0.22596153846153846 0.3004807692307692
0 0.021634615384615384 0.625 0.04326923076923077 0.11538461538461539
0 0.02283653846153846 0.5480769230769231 0.04567307692307692 0.057692307692307696
0 0.1751182367787673 0.5619677703665854 0.06501832472296261 0.07612056660135749
0 0.5024038461538461 0.5853365384615384 0.11057692307692307 0.13221153846153846
0 0.9699519230769231 0.546875 0.06009615384615385 0.055288461538461536