0 0.038461538461538464 0.14182692307692307 0.07692307692307693 0.1346153846153846
0 0.010817307692307692 0.06971153846153846 0.021634615384615384 0.09134615384615384
0 0.008413461538461538 0.026442307692307692 0.016826923076923076 0.052884615384615384
0 0.09495192307692307 0.02283653846153846 0.04567307692307692 0.04567307692307692
0 0.16310331397196232 0.05570628110965755 0.0629475253700735 0.08202490722845823
0 0.14783653846153846 0.03125 0.06009615384615385 0.0625
0 0.198203022284341 0.21742637901039893 0.11147197381707007 0.16287246900182867
0 0.24434460232921368 0.1331692722487741 0.07758037981037227 0.1192599449912386
0 0.38457102504649193 0.1901997694462814 0.10428840569116118 0.1670914885819768
0 0.3545673076923077 0.028846153846153848 0.04567307692307692 0.057692307692307696
0 0.3173076923076923 0.013221153846153846 0.038461538461538464 0.026442307692307692
0 0.39302884615384615 0.014423076923076924 0.03125 0.028846153846153848
0 0.4358419562587972 0.05026175266116562 0.050900324265213084 0.07623609370819268
0 0.45913461538461536 0.026442307692307692 0.038461538461538464 0.052884615384615384
0 0.5132211538461539 0.08413461538461539 0.03125 0.09615384615384616
0 0.5204326923076923 0.037259615384615384 0.016826923076923076 0.06009615384615385
0 0.5144230769230769 0.01201923076923077 0.028846153846153848 0.02403846153846154
0 0.5877403846153846 0.3473557692307692 0.11778846153846154 0.06490384615384616
0 0.5396634615384616 0.20552884615384615 0.021634615384615384 0.06971153846153846
0 0.5875080266361417 0.22726316058838208 0.05097025010428716 0.08825532447742344
0 0.6055648431256173 0.22098378646182978 0.041284939649828475 0.07545119673813397
0 0.6358506679015459 0.1776655988150118 0.04121501381075454 0.0634319659689032
0 0.5941399819885155 0.11980144613594156 0.04367480063585984 0.0732435748268025
0 0.6847029664370408 0.24696030953576867 0.0677831880133953 0.08722504802117989
0 0.7135910757866389 0.23739408016405422 0.053360111090318386 0.08604770256609197
0 0.7162186846255219 0.1987363174600011 0.0387971824890936 0.06083189557254251
0 0.7103489209190544 0.17518841652782619 0.03881116765690839 0.06323574172638867
0 0.742842799499422 0.16532785079233972 0.04361885996460083 0.06362819021141788
0 0.7788725214714846 0.16719217946231196 0.033947534677956796 0.0532279086259747
0 0.8062580266361417 0.2094067545195471 0.0412569693141989 0.07064350443044166
0 0.8479757051330794 0.2660689841216942 0.0678670990202843 0.10164812494425696
0 0.9747596153846154 0.25721153846153844 0.05048076923076923 0.11538461538461539
0 0.9793908903843239 0.18566322444310626 0.041187043475124835 0.058624273661210896
0 0.9674975261254264 0.1650097302710642 0.03637935116743252 0.05823182517618154
0 0.9676443703874816 0.13976934565567964 0.03387760883888273 0.04120867785674379
0 0.9252554038354337 0.19849173143814788 0.05088633909739844 0.07383224755434653
0 0.8785202555135816 0.1782796426287224 0.04361885996460083 0.06362819021141788
0 0.8341679755938536 0.16147709880755146 0.04121501381075468 0.0634319659689032
0 0.016826923076923076 0.5913461538461539 0.03365384615384615 0.16826923076923078
0 0.10737512100248409 0.4471651349573034 0.08961359574741798 0.12264491235765813
0 0.17548076923076922 0.4050480769230769 0.057692307692307696 0.05048076923076923
0 0.3413515437197624 0.4965428866967386 0.0824160424536943 0.12446008578396026
0 0.41614348526138173 0.4435849351787837 0.0678251435168398 0.09443658648271835
0 0.4362980769230769 0.390625 0.05048076923076923 0.021634615384615384
0 0.6021634615384616 0.44591346153846156 0.08413461538461539 0.13221153846153846
0 0.6490384615384616 0.43028846153846156 0.057692307692307696 0.10096153846153846
0 0.6887019230769231 0.42427884615384615 0.04567307692307692 0.0889423076923077
0 0.7151442307692307 0.41225961538461536 0.036057692307692304 0.06490384615384616
0 0.7283653846153846 0.40625 0.02403846153846154 0.052884615384615384
0 0.7413270115018153 0.4018609207278353 0.017064670929774577 0.04223895431298735
0 0.8329326923076923 0.4098557692307692 0.03125 0.06009615384615385
0 0.8942307692307693 0.43028846153846156 0.052884615384615384 0.10096153846153846
0 0.9050480769230769 0.40625 0.05048076923076923 0.052884615384615384
0 0.9519230769230769 0.4206730769230769 0.07211538461538461 0.08173076923076923