0 0.014423076923076924 0.34375 0.028846153846153848 0.08173076923076923
0 0.06839209127492214 0.35111019438904617 0.05630965145417969 0.081043786015885
0 0.1447314283306921 0.39982514380326634 0.048733807853678056 0.07564742098064879
0 0.20872451163713032 0.406546320024601 0.04578350399138715 0.06823965827659552
0 0.09975961538461539 0.6382211538461539 0.11778846153846154 0.12259615384615384
0 0.15194012797567732 0.5569091960169951 0.056127498884698104 0.07863993986203884
0 0.2782538975291872 0.40325966314552175 0.050591196299079454 0.06863210676162487
0 0.3555412795912273 0.39217279507735997 0.056491804023661274 0.08344763216973114
0 0.2668269230769231 0.6286057692307693 0.10576923076923077 0.14182692307692307
0 0.43028846153846156 0.4182692307692308 0.057692307692307696 0.09134615384615384
0 0.4951923076923077 0.3293269230769231 0.07211538461538461 0.17307692307692307
0 0.484375 0.20793269230769232 0.05048076923076923 0.07451923076923077
0 0.664783303532405 0.2683737263238685 0.10894038876814213 0.14506442471233222
0 0.7980769230769231 0.5588942307692307 0.21153846153846154 0.28125
0 0.8493122294782681 0.4026218351743076 0.12187038238478068 0.15806477669413638
0 0.8331242598028071 0.31674558086281235 0.10154669773712208 0.14207190583094204
0 0.953125 0.4579326923076923 0.09375 0.23317307692307693
0 0.07932692307692307 0.734375 0.08173076923076923 0.06971153846153846
0 0.13581730769230768 0.7536057692307693 0.07932692307692307 0.10817307692307693
0 0.1596070478609198 0.802518926548333 0.09582824258202184 0.12966022657668191
0 0.2817836830339554 0.8295748813221855 0.11815560549397802 0.17209540513218394
0 0.5096153846153846 0.7127403846153846 0.028846153846153848 0.026442307692307692
0 0.4911240599964515 0.7303046363473595 0.026770750080685045 0.03801993473283907
0 0.4897027021911846 0.7805891813356141 0.029356748804012785 0.04062000512919976
0 0.47836538461538464 0.8245192307692307 0.038461538461538464 0.0673076923076923
0 0.5134858662507166 0.7977595960199793 0.03802550782140393 0.06043944708751316
0 0.5452285298332828 0.7414164787695221 0.02695290265016663 0.040423780886685225
0 0.5444711538461539 0.7103365384615384 0.026442307692307692 0.021634615384615384
0 0.6033941503245873 0.7462243694432972 0.02935674880401292 0.04062000512919976
0 0.5678456335664774 0.7897387813326299 0.03471089882014985 0.04822399207576758
0 0.5549694340757173 0.8493197969506621 0.04578350399138715 0.06823965827659552
0 0.5899894245006753 0.8285438114016105 0.040065048836286914 0.05582797902233539
0 0.6209303328958673 0.7985448897222037 0.027317207789129803 0.04523147319437753
0 0.6286057692307693 0.7055288461538461 0.016826923076923076 0.01201923076923077
0 0.6490384615384616 0.7151442307692307 0.02403846153846154 0.03125
0 0.6653656239914354 0.7638609654781969 0.02953890137349437 0.043023851283045915
0 0.6277223526842874 0.8350196081367603 0.037843355251922346 0.05803560093366687
0 0.6518698218827825 0.8473823305134333 0.04337965783754099 0.06804343403408084
0 0.6810444181173139 0.8091661715380796 0.02953890137349437 0.043023851283045915
0 0.6950479763672726 0.8450522172250923 0.042833200129096236 0.06083189557254251
0 0.6992568362489181 0.7264542810947371 0.02400259878787586 0.03301601818263195
0 0.7307692307692307 0.7091346153846154 0.019230769230769232 0.019230769230769232
0 0.7468783779021373 0.7285394116290591 0.02418475135735758 0.035419864336478105
0 0.720580940620449 0.7760766188560253 0.0319427475273408 0.04322007552556073
0 0.74022980911606 0.8162797962444437 0.03212490009682238 0.04562392167940688
0 0.7444537615564452 0.8708814729341039 0.05077334886856104 0.07103595291547102
0 0.7729728924224981 0.825551887618469 0.026952902650166904 0.040423780886685225
0 0.7621928668890526 0.7786523099966339 0.02972105394297623 0.045427697436892074
0 0.7863776182464103 0.7432324456601557 0.028992443665049886 0.03581231282150746
0 0.8063190663798128 0.716520379225911 0.028445985956605132 0.028600774359968995
0 0.8204137009145124 0.7512045018360008 0.021416600064548257 0.030415947786271255
0 0.8216514867420209 0.7821601654722288 0.0319427475273408 0.04322007552556073
0 0.8007261308517625 0.8376202736313699 0.03471089882015012 0.04822399207576758
0 0.8417543172530593 0.8951900899466682 0.055763193745734935 0.07383224755434653
0 0.8514801289367541 0.8298937953077926 0.03471089882015012 0.04822399207576758
0 0.8863911117016786 0.7947928449569215 0.026952902650166904 0.040423780886685225
0 0.8686907079362098 0.7604030587106039 0.024002598787875994 0.03301601818263195
0 0.8834134615384616 0.703125 0.016826923076923076 0.007211538461538462
0 0.9591346153846154 0.7055288461538461 0.02403846153846154 0.01201923076923077
0 0.9293512508661012 0.7638128020649414 0.024002598787875994 0.03301601818263195
0 0.933466195646453 0.8040895139527819 0.032307052666303966 0.0480277678332529
0 0.8960050769087865 0.8728443104574992 0.04541919885242397 0.0634319659689032
0 0.9305696859100406 0.8580779402930632 0.02454905649632075 0.04022755664417055
0 0.952204301294656 0.8563119221104311 0.0300853590819394 0.05023538974458438
0 0.9493809364676914 0.8935715374950465 0.0481873501452333 0.06843588251911019
0 0.9633844947176502 0.9294575831820591 0.050591196299079454 0.06863210676162487