0 0.010817307692307692 0.3713942307692308 0.021634615384615384 0.11298076923076923
0 0.4567307692307692 0.24278846153846154 0.014423076923076924 0.04807692307692308
0 0.4961145065831605 0.29405240016685935 0.028793487306496914 0.050634606076732015
0 0.5273348593859845 0.2677988922400515 0.029017409174514956 0.05544229838442432
0 0.5867625615554318 0.30539415165222195 0.03360117961418929 0.05066257641236159
0 0.6028024441669442 0.23699641761012488 0.02605375835062377 0.04340908244737863
0 0.6713746678732593 0.3419343322495247 0.033825101482207194 0.055470268720053895
0 0.6685756445230341 0.2818381784033709 0.028569565438478942 0.045826913769039704
0 0.7346583944113223 0.3591248696896325 0.03142125532836104 0.05545628355223911
0 0.7527168877623445 0.38566507355664376 0.03678875230609845 0.06750348465709959
0 0.8122532369384534 0.3739954719827829 0.023537951262768593 0.040991251125717824
0 0.8286356302066881 0.4161466906819794 0.03930455939395362 0.06992131597876039
0 0.8929796716904891 0.4045050594437481 0.02890544824050587 0.05303845223057817
0 0.9640347413601357 0.4337567831565311 0.03153321626237034 0.05786012970608526
0 0.016826923076923076 0.8401442307692307 0.03365384615384615 0.08413461538461539
0 0.008413461538461538 0.8317307692307693 0.016826923076923076 0.0673076923076923
0 0.038461538461538464 0.9362980769230769 0.07692307692307693 0.12740384615384615
0 0.09025636985219207 0.8830374647177609 0.08352877202960858 0.1422744484469965
0 0.18028846153846154 0.8365384615384616 0.052884615384615384 0.07692307692307693
0 0.25592747979673464 0.9056300640976899 0.07804931411786215 0.12782340118829
0 0.3161057692307692 0.8425480769230769 0.06009615384615385 0.0889423076923077