0 0.20785580167061998 0.1386592339490994 0.1399865980820515 0.23703904307373536
0 0.436166241084776 0.19851838836679717 0.0925231166700856 0.15798870840448734
0 0.6629440812755882 0.28229392345795234 0.17084494710010703 0.22166761213892955
0 0.938351311372757 0.25069827702283476 0.11672942862938057 0.166319856206116
0 0.9783653846153846 0.29927884615384615 0.04326923076923077 0.19951923076923078
0 0.030048076923076924 0.6538461538461539 0.06009615384615385 0.14903846153846154
0 0.0884168109939639 0.5963746322434689 0.05221522357938031 0.07687041038341999
0 0.11628484232430583 0.6072775675999571 0.054786920154059886 0.08419390977896754
0 0.15186796337868622 0.6401510011430879 0.039916242108760644 0.06429137494414419
0 0.2432420922949789 0.6456074397123532 0.1022504015660257 0.1632442444482156
0 0.3753437403540602 0.7502110224565323 0.11248123772446607 0.19013439587655936
0 0.4025103850528315 0.6278124572085679 0.07983248421752129 0.12858274988828838
0 0.4665480089714211 0.6452024988828836 0.03499664952051299 0.05925976076843384
0 0.5348557692307693 0.8197115384615384 0.06971153846153846 0.11538461538461539
1 0.9507211538461539 0.5336538461538461 0.0985576923076923 0.12980769230769232
1 0.609375 0.5324519230769231 0.07932692307692307 0.12740384615384615
1 0.8762019230769231 0.5336538461538461 0.1658653846153846 0.12980769230769232