0 0.025240384615384616 0.1658653846153846 0.05048076923076923 0.2644230769230769
0 0.11345696027008473 0.26199257684575655 0.19696173783831838 0.3064408044084473
0 0.29506721017948634 0.2970925704206008 0.17529770115299106 0.25056473376796123
0 0.36177884615384615 0.28846153846153844 0.11298076923076923 0.34134615384615385
0 0.706260568477136 0.2001603005664028 0.2808250212430192 0.38845394052319715
0 0.49921433531538384 0.18933533379647416 0.08242053969415931 0.12030678626142415
0 0.5235682607848283 0.19378054460156427 0.05480682027122496 0.07860196007171866
0 0.5560496051624635 0.25003436395049483 0.10793116624387437 0.1379731509126681
0 0.811743756616096 0.2553686474862427 0.04696435394772071 0.07113858913788394
0 0.782116298267663 0.25912703782603397 0.05931375929829048 0.10272436576761215
0 0.8718546211126059 0.28502753803384356 0.11514270470541277 0.13822498338496436
0 0.9246340818535603 0.28567238642042636 0.061177121583475616 0.06923840792863017
0 0.963996790111395 0.31101198239908523 0.05375527383461513 0.06658272930248789
0 0.9735576923076923 0.3245192307692308 0.052884615384615384 0.2692307692307692
0 0.09495192307692307 0.9134615384615384 0.10817307692307693 0.17307692307692307
0 0.21243745124358931 0.668837845025402 0.23443057246467175 0.40600582660532464
0 0.9783653846153846 0.5228365384615384 0.04326923076923077 0.12740384615384615
0 0.9061268645692303 0.5745536456691253 0.035456185746438745 0.04916819712354021
0 0.9273408613792018 0.5705014507783217 0.030858802726068318 0.05140415496252219
0 0.9432213926631762 0.5602717521880386 0.02740341013561248 0.03930098003585933
0 0.8598975030815522 0.6076885596725368 0.04873727223960108 0.06401099483377756
0 0.8388044616111819 0.5446429226492282 0.02980725628945863 0.03938492419329142
0 0.8554810080477916 0.5572077904417675 0.024999563981766323 0.039217035878427245
0 0.8811872332344725 0.5497177146350588 0.021544171391310485 0.027113860951764386
0 0.8170352702821935 0.48756492893181896 0.024789254694444304 0.03681318972458109
0 0.8028846153846154 0.4735576923076923 0.02403846153846154 0.028846153846153848
0 0.8090266266224355 0.5603785716795341 0.03127942130071222 0.05621184727021449
0 0.7870765473068372 0.5560173050318761 0.04005356876680903 0.046932239284558225
0 0.7539936963679483 0.5476725204450046 0.044139889219230656 0.06624695267275954
0 0.7886244456610394 0.5189255779621249 0.029176328427492848 0.032173385731752956
0 0.7688079705649569 0.497863304473692 0.02740341013561248 0.03930098003585933
0 0.736160448851068 0.5218864988063113 0.035245876459116726 0.04676435096969405
0 0.7207005361417375 0.5369238897042867 0.038280650474928665 0.054059833588664605
0 0.6952498422390309 0.5336386298974036 0.04654373537307681 0.06633089683019164
0 0.6113707581383899 0.519925248773689 0.0938088426014243 0.11351496858704611
0 0.5416739303272075 0.5450511548199573 0.1244573360401706 0.16251527739572208
0 0.46875 0.5060096153846154 0.10096153846153846 0.09375
0 0.4495192307692308 0.5853365384615384 0.0625 0.21875
0 0.5612980769230769 0.46875 0.04567307692307692 0.019230769230769232
0 0.5949519230769231 0.4699519230769231 0.040865384615384616 0.021634615384615384
0 0.6237980769230769 0.4795673076923077 0.040865384615384616 0.040865384615384616
0 0.6298076923076923 0.46875 0.03365384615384615 0.019230769230769232
0 0.6580207382007119 0.49159802707796985 0.030438184151424415 0.046596462654829876
0 0.6526442307692307 0.4675480769230769 0.03125 0.016826923076923076
0 0.6814903846153846 0.47836538461538464 0.03125 0.038461538461538464
0 0.710544667657692 0.5030182110781444 0.029596947002136612 0.03698107803944527
0 0.7222936564925923 0.48665298086709774 0.02175448067863237 0.029517707105610542