0 0.09592041942262428 0.48098669929103216 0.07369523762945528 0.09369659025425228
0 0.05887064067721536 0.3935553864325021 0.03908337167063266 0.04452839313071207
0 0.007211538461538462 0.36538461538461536 0.014423076923076924 0.038461538461538464
0 0.13042296874114118 0.41623547424620805 0.05658266793932029 0.054731386848121295
0 0.12520327986356114 0.3708562018741434 0.03187183320909416 0.044276560658415814
0 0.1622107553012648 0.37316083666471533 0.046967283323935675 0.05439561021839295
0 0.2060683126132895 0.3632363802924763 0.027064140901401856 0.04410867234355164
0 0.22747605804232837 0.38287160310456375 0.028795613863483557 0.03457723188559911
0 0.25062351310841396 0.3604814903030596 0.026055581113755107 0.029685595420474716
0 0.28569791561979463 0.39043035586286223 0.041319124526537666 0.042208491134298004
0 0.2893371915168641 0.355532614553377 0.033603306171175865 0.03474512020046328
0 0.3318500024453597 0.3648389274119071 0.0263917677096374 0.034493287728167024
0 0.3541822610130749 0.3712529963778408 0.04215959101624337 0.05422772190352877
0 0.3955519255222829 0.36261440723995686 0.032544206400858755 0.05389194527380043
0 0.43493797712249754 0.34805014687488967 0.036343338920904245 0.03963675666558768
0 0.42925631165879935 0.39500909103232174 0.04713537662187679 0.056799456372239106
0 0.368496581262286 0.5266215827248039 0.09326219345610677 0.09917583582140128
0 0.2313762705277146 0.46426659570560463 0.0651389527843878 0.07421398855118679
0 0.5205272154973877 0.512919639268121 0.07816674334126525 0.08905678626142415
0 0.5044731856111297 0.3995763885347495 0.04987540937160517 0.06169109283736336
0 0.48983147540744143 0.3689139976367741 0.03393949276705809 0.039552812508155455
0 0.5370426620033236 0.36246939425915614 0.03427567936294032 0.0443605048158479
0 0.8461538461538461 0.4411057692307692 0.24519230769230768 0.2764423076923077
0 0.7504125565363277 0.11591876379149253 0.1452722757182764 0.22568683065517878
0 0.6899038461538461 0.042067307692307696 0.09615384615384616 0.08413461538461539
0 0.9242788461538461 0.6274038461538461 0.11298076923076923 0.09615384615384616