0 0.034244331669316105 0.3675423184007552 0.05815619749466149 0.10242383816033833
0 0.06323962381043585 0.2816509600627231 0.04536757415181606 0.07514106397832493
0 0.015625 0.22235576923076922 0.03125 0.055288461538461536
0 0.07043830044518301 0.24120580869219133 0.03491285218339722 0.04562253694040663
0 0.08428895730611238 0.22049570644625213 0.03250900602955106 0.045454443642465384
0 0.13940255689602515 0.23037146768351355 0.03547241041875346 0.06485330617117586
0 0.15107206376815838 0.24323116494244987 0.029965270316866056 0.0404786580368321
0 0.14854118988226453 0.28882019521655633 0.037736367013760756 0.06021370716142453
0 0.17849721146300368 0.3354765619359448 0.05271900217219365 0.08045303617984044
0 0.24759615384615385 0.3329326923076923 0.04326923076923077 0.07451923076923077
0 0.2368411327330054 0.27572483136063836 0.03787625657259934 0.06502139946911684
0 0.20343209330712744 0.26495806365100094 0.03547241041875346 0.06485330617117586
0 0.43990384615384615 0.04807692307692308 0.10576923076923077 0.09615384615384616
0 0.5192307692307693 0.026442307692307692 0.08173076923076923 0.052884615384615384
0 0.5817307692307693 0.007211538461538462 0.04807692307692308 0.014423076923076924
0 0.6490384615384616 0.010817307692307692 0.038461538461538464 0.021634615384615384
0 0.6694711538461539 0.004807692307692308 0.036057692307692304 0.009615384615384616
0 0.03125 0.7752403846153846 0.0625 0.25240384615384615
0 0.20432692307692307 0.6875 0.12980769230769232 0.2548076923076923
0 0.4422964210167674 0.7993194695622317 0.126277503501805 0.21753928028167188
0 0.5277857108639363 0.8414285205958046 0.09122476175956866 0.16710905103357293
0 0.6322115384615384 0.8689903846153846 0.20673076923076922 0.2620192307692308
0 0.8490488962994954 0.8518497451017149 0.11052547576975733 0.1708576435709483
0 0.9242788461538461 0.890625 0.13221153846153846 0.21875