0 0.8810096153846154 0.5072115384615384 0.1346153846153846 0.1971153846153846
0 0.8822115384615384 0.40024038461538464 0.10096153846153846 0.14783653846153846
0 0.6430288461538461 0.4026442307692308 0.1045673076923077 0.15745192307692307
0 0.671875 0.3449519230769231 0.08052884615384616 0.11899038461538461
0 0.2692307692307692 0.6129807692307693 0.14302884615384615 0.23557692307692307
0 0.09975961538461539 0.41466346153846156 0.109375 0.17668269230769232
0 0.04567307692307692 0.16466346153846154 0.04326923076923077 0.08052884615384616
0 0.07932692307692307 0.15625 0.04326923076923077 0.07572115384615384
0 0.1045673076923077 0.16346153846153846 0.03365384615384615 0.08774038461538461
0 0.13822115384615385 0.17668269230769232 0.046875 0.07211538461538461
0 0.18389423076923078 0.1346153846153846 0.046875 0.07211538461538461
0 0.19230769230769232 0.21995192307692307 0.054086538461538464 0.09375
0 0.21995192307692307 0.17427884615384615 0.037259615384615384 0.06490384615384616
0 0.2536057692307692 0.23798076923076922 0.04807692307692308 0.09375
0 0.33653846153846156 0.2932692307692308 0.06490384615384616 0.1141826923076923
0 0.328125 0.2283653846153846 0.046875 0.0625
0 0.328125 0.18509615384615385 0.04447115384615385 0.06009615384615385
0 0.3137019230769231 0.13822115384615385 0.039663461538461536 0.054086538461538464
0 0.2824519230769231 0.18629807692307693 0.03485576923076923 0.07211538461538461
0 0.2608173076923077 0.15745192307692307 0.040865384615384616 0.0673076923076923
0 0.3713942307692308 0.16826923076923078 0.039663461538461536 0.07211538461538461
0 0.4362980769230769 0.15264423076923078 0.03485576923076923 0.078125
0 0.43990384615384615 0.25240384615384615 0.054086538461538464 0.09014423076923077
0 0.4519230769230769 0.3401442307692308 0.0889423076923077 0.14302884615384615
0 0.53125 0.2644230769230769 0.0673076923076923 0.1141826923076923
0 0.5024038461538461 0.18389423076923078 0.046875 0.07211538461538461
0 0.46634615384615385 0.14903846153846154 0.03125 0.06971153846153846
0 0.5480769230769231 0.16105769230769232 0.037259615384615384 0.07211538461538461
0 0.5841346153846154 0.15144230769230768 0.03485576923076923 0.08533653846153846
0 0.6189903846153846 0.19831730769230768 0.03125 0.06009615384615385
0 0.6081730769230769 0.2776442307692308 0.05048076923076923 0.08774038461538461
0 0.6646634615384616 0.203125 0.04807692307692308 0.08052884615384616
0 0.6826923076923077 0.16826923076923078 0.03485576923076923 0.07211538461538461
0 0.7295673076923077 0.19471153846153846 0.039663461538461536 0.0673076923076923
0 0.7247596153846154 0.15625 0.030048076923076924 0.04927884615384615
0 0.7752403846153846 0.16947115384615385 0.03365384615384615 0.06009615384615385
0 0.8064903846153846 0.23918269230769232 0.051682692307692304 0.09014423076923077
0 0.8221153846153846 0.17908653846153846 0.027644230769230768 0.056490384615384616
0 0.859375 0.1875 0.04326923076923077 0.08052884615384616
0 0.8990384615384616 0.20072115384615385 0.05048076923076923 0.08052884615384616
0 0.9182692307692307 0.22596153846153846 0.04807692307692308 0.07211538461538461
0 0.9567307692307693 0.2764423076923077 0.057692307692307696 0.10096153846153846
0 0.9699519230769231 0.20673076923076922 0.040865384615384616 0.0673076923076923
0 0.9314903846153846 0.0889423076923077 0.040865384615384616 0.08052884615384616