0 0.06422440495811929 0.35944969004112565 0.06166275777393164 0.07151002475622056
0 0.1008415986685894 0.33793262797178103 0.039524591126816264 0.04836256969013501
0 0.13695524111655943 0.3380501812870519 0.0370647948326923 0.04579063023834774
0 0.13402087356912362 0.30895188749398633 0.027281559796474397 0.03790671858504469
0 0.5960039214126598 0.31855903543440584 0.06222225917670944 0.0955484862946821
0 0.5600031841842945 0.2618670508547799 0.04444418371506412 0.05350644859370955
0 0.5879831157951919 0.249377046858026 0.03220115238472225 0.04305059748861923
0 0.5270766898540594 0.22826374468360405 0.01738642447970088 0.02521511462404947
0 0.6334883422974354 0.2597823579804459 0.01733047433942307 0.022811268470203316
0 0.6557653793561962 0.2854177058493482 0.019902170914102648 0.03019090022968289
0 0.7067496998494653 0.26731304972149655 0.017610225040811976 0.034830499239434085
0 0.7280206393222752 0.2844508894029667 0.01733047433942321 0.022811268470203316
0 0.7655869755393693 0.3256019206315633 0.037176695113247914 0.050598322546040055
0 0.7702278223652773 0.2813829067323211 0.024765813362072626 0.03293093297941141
0 0.8166552212430551 0.3038914952729424 0.02968540595032055 0.03807481188298594
0 0.8554234805370722 0.34512657315050954 0.0495875768644232 0.0682657121126687
0 0.9518011272520295 0.34223492045277015 0.037008844692414625 0.04338678408450159
0 0.9819711538461539 0.4074519230769231 0.036057692307692304 0.0889423076923077
0 0.036057692307692304 0.5745192307692307 0.07211538461538461 0.11057692307692307
0 0.020432692307692308 0.5925480769230769 0.040865384615384616 0.1466346153846154
0 0.1201923076923077 0.6021634615384616 0.1346153846153846 0.1658653846153846
0 0.27283653846153844 0.5576923076923077 0.08413461538461539 0.07692307692307693
0 0.3473557692307692 0.7475961538461539 0.036057692307692304 0.08173076923076923
0 0.40134732815234997 0.8116413802610444 0.07692508680117527 0.10857627685155968
0 0.3789034456118051 0.7414508318970177 0.037176695113247914 0.050598322546039916
0 0.39008442921591835 0.7265822517377528 0.034940699380235044 0.0576417677096374
0 0.43796452186282003 0.7901243181916998 0.05227117371965812 0.08045303617984072
0 0.445093140052991 0.7424676283596295 0.0495875768644232 0.0682657121126687
0 0.505635890082318 0.7792059305340515 0.04215223784177351 0.058146047603460746
0 0.513628720629647 0.8495898421873546 0.08430447568354701 0.11629209520692176
0 0.5120192307692307 0.9519230769230769 0.13942307692307693 0.09615384615384616
0 0.5989922292222751 0.9061219701440044 0.11678537876965824 0.17136192346477147
0 0.5775834242768692 0.791460267933824 0.04975542728525649 0.07547725057420716
0 0.5085992376389419 0.7553355622935312 0.0370647948326923 0.04579063023834774
0 0.6070450296660787 0.7670350798168097 0.037400495674359005 0.06021370716142453
0 0.6527450767202452 0.8207936683574311 0.08178872924914551 0.1113163096012882
0 0.7070264357337067 0.8679290449793078 0.09710700841666682 0.15078640785047334
0 0.6933317155732901 0.7839037462349983 0.039468640986538725 0.04595872353628886
0 0.7589619086116982 0.8089590042360715 0.03723264525352586 0.05300216869988621
0 0.7929804356163992 0.7439205714505845 0.03471689881912409 0.048026383094252785
0 0.795354296822008 0.8488240657387744 0.04483583469700857 0.07033337167063262
0 0.8186664114759077 0.8299882597615229 0.03488474923995737 0.05523792155579125
0 0.8438508459510144 0.834157085543751 0.034940699380235044 0.0576417677096374