0 0.5985576923076923 0.328125 0.25961538461538464 0.22355769230769232
0 0.4831730769230769 0.3125 0.028846153846153848 0.2548076923076923
0 0.5409838072010514 0.12277813187834784 0.08216963868745694 0.10748112636851832
0 0.545137453548542 0.036449979627208313 0.052995042452925606 0.06911003190028489
0 0.597620481635332 0.08439232675975816 0.07051471305718934 0.11123727223960109
0 0.6671857302779747 0.11173689429394641 0.10467915416889458 0.15243283143632455
0 0.6778846153846154 0.04567307692307692 0.07692307692307693 0.09134615384615384
0 0.7452375853685266 0.12162361088924566 0.10781161060066694 0.16225852533903107
0 0.7680288461538461 0.03365384615384615 0.06490384615384616 0.0673076923076923
0 0.8521634615384616 0.03125 0.055288461538461536 0.0625
0 0.9002403846153846 0.09615384615384616 0.12740384615384615 0.19230769230769232
0 0.9675480769230769 0.09375 0.06490384615384616 0.14903846153846154
0 0.9831730769230769 0.026442307692307692 0.03365384615384615 0.052884615384615384
0 0.3942307692307692 0.45552884615384615 0.10576923076923077 0.03125
0 0.4542631930931084 0.5327319754215115 0.02527766677424709 0.049969706662820426
0 0.46153846153846156 0.515625 0.014423076923076924 0.055288461538461536
0 0.23240008744490537 0.49841450996823483 0.03212490009682211 0.04579294221709391
0 0.1754543214058168 0.5093663936049156 0.03747905011295917 0.05342509925327627
0 0.15833623809937855 0.4989244824905993 0.03212490009682211 0.04579294221709391
0 0.09712923746104235 0.5030854462403855 0.03176059495785907 0.0409852499094016
0 0.07365516500631841 0.5134968460084054 0.027317207789129803 0.04537232364245014
0 0.06853838109381805 0.48648354310114045 0.02695290265016677 0.040564631334757836
0 0.03879939577554918 0.5165463306745735 0.03802550782140393 0.06063663771481473