0 0.055288461538461536 0.18990384615384615 0.11057692307692307 0.33653846153846156
0 0.09014423076923077 0.07572115384615384 0.0985576923076923 0.15144230769230768
0 0.18708841346031016 0.07618237607547967 0.0919636152673078 0.13343181362952697
0 0.35113742839476525 0.09476221339668182 0.07681318652061965 0.10159411828004025
1 0.5841346153846154 0.013221153846153846 0.0673076923076923 0.026442307692307692
1 0.7931343801137823 0.07793120017631659 0.07513669219038473 0.13274616905512576
1 0.6778846153846154 0.026442307692307692 0.052884615384615384 0.052884615384615384
1 0.7716346153846154 0.036057692307692304 0.057692307692307696 0.07211538461538461
1 0.6153846153846154 0.036057692307692304 0.052884615384615384 0.07211538461538461
1 0.059488741815491755 0.7425273350112556 0.07222929477403858 0.11101360444559588
1 0.2149284697205132 0.7530365330811967 0.14652673486025647 0.2077020811930294
1 0.16335767769337636 0.7599501337245497 0.09515076338504286 0.16718360900828755
1 0.28265578808028874 0.7683228009374383 0.062390109597543 0.10100642293055355
1 0.34286484714604737 0.8224134295424188 0.09196361526730794 0.13343181362952697
1 0.421875 0.5576923076923077 0.026442307692307692 0.09615384615384616
1 0.4723557692307692 0.5420673076923077 0.11298076923076923 0.06490384615384616