0 0.013221153846153846 0.3786057692307692 0.026442307692307692 0.08413461538461539
0 0.026948548949435863 0.22942126478540176 0.02711365634339298 0.03861537530750125
0 0.025551725772217673 0.2870995873098946 0.03217310439524222 0.05306642256620774
0 0.06913565122164464 0.30538016648440713 0.029811217532088954 0.05545628355223911
0 0.09608147040226633 0.33438015717652375 0.03453499125839562 0.050676561580176374
0 0.08034548888335682 0.3967822610018202 0.051991303695711096 0.08683215006257218
0 0.13910775848833173 0.45841598195245226 0.047183611388018784 0.08680417972694261
0 0.17181143730941173 0.47302785864102886 0.05937067932002084 0.0964894901814013
0 0.21023101648025744 0.4708477751722195 0.05958047577348516 0.10850872095063206
0 0.3093402628591339 0.43416854425191814 0.047267529969404566 0.09161187203463492
0 0.3557692307692308 0.39783653846153844 0.02403846153846154 0.0889423076923077
0 0.2663078914808911 0.37863534227669765 0.05215914085848238 0.0964475346779568
0 0.20159286213516275 0.38907505043800583 0.04216612262686244 0.07475697862208228
0 0.23920913149066708 0.40972451284682754 0.04448605019932281 0.06996327148220488
0 0.1615937262711585 0.36961352593829244 0.049461579669786544 0.07960662643321907
0 0.12733147040226633 0.33456196435811614 0.034660869130474156 0.05788810004171484
0 0.1267650199779131 0.30211004128119295 0.024667850898854003 0.03619754398584017
0 0.15932184128156823 0.30830845643130816 0.024709810189546825 0.038601390139686456
0 0.1893908978499916 0.30968519410591616 0.022305964035700673 0.03858740497187167
0 0.17910416458352169 0.27116771497311853 0.02226400474500778 0.03618355881802545
0 0.14488386800532235 0.23851999954678832 0.02222204545431503 0.03377971266417937
0 0.149104130243315 0.20489412372857174 0.014926588411390922 0.028930064853042562
0 0.11201235202147092 0.21429273824282705 0.02218008616362214 0.03137586651033321
0 0.11502460789036316 0.24916249264141105 0.019776240009775983 0.031361881342518355
0 0.11673004245560016 0.2780156390714723 0.017456312437315474 0.036155588482395876
0 0.09172043393902614 0.29108994865557075 0.027155615634085802 0.0410192214613474
0 0.08048353333979012 0.26698855386194265 0.024709810189546825 0.038601390139686456
0 0.06005084103209782 0.2668696799355169 0.019818199300468874 0.033765727496364514
0 0.07141970279558975 0.22967999038997547 0.02222204545431503 0.03377971266417937
0 0.06724748314046725 0.1972070895613302 0.014926588411390922 0.02893006485304263
0 0.09073439060774462 0.23459956404018617 0.019860158591161695 0.03616957365021067
0 0.18572827297536051 0.23755582432271677 0.019776240009775983 0.031361881342518355
0 0.19117143793562263 0.2051388641653307 0.014968547702083813 0.03133391100688879
0 0.2238331574660099 0.21734689470006122 0.014926588411390785 0.02893006485304263
0 0.2347973226757425 0.22582328949368932 0.01986015859116163 0.03616957365021067
0 0.20210854020783145 0.2809159586827437 0.017372393855929966 0.03134789617470357
0 0.21435854707587276 0.2942070383679715 0.02226400474500778 0.03618355881802552
0 0.23489613761029723 0.3003355276790127 0.024835688061625224 0.04581292860122485
0 0.27169420079729145 0.2741099900878344 0.027281493506164267 0.04823075992288586
0 0.26579556693158557 0.2115820197522048 0.02222204545431503 0.03377971266417937
0 0.2783034128359612 0.17079355355980155 0.014968547702083813 0.03133391100688879
0 0.2958314772703077 0.3487620799513057 0.03714863386570595 0.06270977751722193
0 0.3220639885091512 0.3368966860280377 0.027239534215471376 0.045826913769039704
0 0.34504738448811456 0.34544300666073985 0.03693883741224177 0.05069054674799116
0 0.3395263842386442 0.3045496517097256 0.024667850898853934 0.036197543985840304
0 0.3104494542936797 0.29116067584979416 0.024709810189546825 0.038601390139686456
0 0.3063821328652893 0.2646973904057643 0.022180086163622274 0.03137586651033321
0 0.3060254788944003 0.244264698098072 0.01969232142839034 0.02655418903482605
0 0.31132178633723756 0.20343427640222436 0.02707169705270009 0.036211529153655095
0 0.34984626373481525 0.20726380831803035 0.019818199300468874 0.033765727496364514
0 0.3471426192539419 0.2589255228740005 0.01986015859116163 0.036169573650210736
0 0.3605769230769231 0.2644230769230769 0.014423076923076924 0.038461538461538464
0 0.36177884615384615 0.3233173076923077 0.01201923076923077 0.036057692307692304
0 0.7805123588895123 0.23110647750708474 0.11090043081811082 0.15687933255166578
0 0.6141826923076923 0.5168269230769231 0.1658653846153846 0.0625
0 0.5366296022696739 0.4424063898375453 0.09373783341564518 0.13755066714619305
0 0.4857711994226693 0.4204780859288192 0.06173256618317424 0.09409962919536993
0 0.45749757929304596 0.38425956419125673 0.061816484764559886 0.09890732150306224
0 0.40380965409308944 0.4067814363769623 0.06384269730217057 0.07728669128626163
0 0.5802825499473176 0.39579011544211906 0.044611928071401345 0.0771748099437432
0 0.6235937400072411 0.3984456946166315 0.05186542582363256 0.07962061160103372
0 0.9807692307692307 0.4639423076923077 0.038461538461538464 0.09615384615384616
0 0.25961538461538464 0.5841346153846154 0.10096153846153846 0.07211538461538461
0 0.43990384615384615 0.5769230769230769 0.052884615384615384 0.057692307692307696
0 0.5192307692307693 0.5576923076923077 0.04326923076923077 0.019230769230769232
0 0.8357825705514416 0.61649884029134 0.054185353396093205 0.07482690446115633