0 0.19951923076923078 0.03125 0.08173076923076923 0.0625
0 0.33413461538461536 0.046875 0.10576923076923077 0.09375
0 0.39943424147271284 0.16123644854572042 0.1365661888267892 0.1681311863127977
0 0.04447115384615385 0.640625 0.0889423076923077 0.15625
0 0.019230769230769232 0.43149038461538464 0.038461538461538464 0.04567307692307692
0 0.06183469903396093 0.4957134453026049 0.051211298274185454 0.07776226273693364
0 0.09161546066024424 0.46020122377391937 0.040812319859485274 0.05836365634339298
0 0.07091346153846154 0.421875 0.036057692307692304 0.026442307692307692
0 0.1502403846153846 0.42427884615384615 0.036057692307692304 0.03125
0 0.1793517551321866 0.5205850093627457 0.09133797355926959 0.1192989960034034
0 0.18602866300013782 0.4486374619101324 0.04571796139209201 0.060851421078624776
0 0.2512019230769231 0.43028846153846156 0.036057692307692304 0.04326923076923077
0 0.24759615384615385 0.41225961538461536 0.028846153846153848 0.007211538461538462
0 0.3161057692307692 0.4423076923076923 0.06490384615384616 0.0673076923076923
0 0.3674884250941305 0.5394828340367864 0.09884335969555134 0.1266364123370204
0 0.35697115384615385 0.42427884615384615 0.055288461538461536 0.03125
0 0.48677884615384615 0.4338942307692308 0.06009615384615385 0.05048076923076923
0 0.5096153846153846 0.484375 0.038461538461538464 0.0985576923076923
0 0.5637019230769231 0.9350961538461539 0.06971153846153846 0.12980769230769232
0 0.6763071488729544 0.8032914179526399 0.09820259959016517 0.16986368381555841
0 0.6586538461538461 0.5036057692307693 0.11057692307692307 0.18990384615384615