0 0.18028300200083314 0.24773108839883695 0.19320646353422488 0.34113097734263975
0 0.4222234646644464 0.4154496032347932 0.11874135864004168 0.20105101564280786
0 0.83165355769611 0.2616492479971612 0.07793009989970492 0.06352118991571815
0 0.7687908204330435 0.2183993680114999 0.08282171078878288 0.06869318736237363
0 0.6909595354678933 0.207492403442728 0.06333918581385664 0.05281288988344402
0 0.6033653846153846 0.14182692307692307 0.09134615384615384 0.08173076923076923
0 0.5625 0.04567307692307692 0.009615384615384616 0.04326923076923077
0 0.6495514098423161 0.03538145674736793 0.048748271728008365 0.042104589851169966
0 0.7468442401370461 0.031610046914133334 0.039174846403316574 0.04377982572708984
0 0.8608800749273134 0.031371261402220046 0.029391624625160737 0.033435830833778886
0 0.9099971672105658 0.10567105744310695 0.03171155219762111 0.028810291095568166
0 0.8405583641385306 0.09532848195807266 0.034199316932852906 0.033800135972742056
0 0.7682751423603746 0.11040844365790456 0.051068199300468874 0.03747905011295917
0 0.6804508391636044 0.12186470475167432 0.06089338036931767 0.050226891160116284
0 0.05127588973966778 0.8202867618791859 0.09896511863026583 0.16834379508695518
0 0.78125 0.9771634615384616 0.07211538461538461 0.04567307692307692