0 0.08173076923076923 0.27524038461538464 0.16346153846153846 0.24278846153846154
0 0.2941513297328341 0.16110660787462577 0.15606693192222182 0.24832551554786342
0 0.453125 0.21394230769230768 0.05048076923076923 0.2403846153846154
0 0.5588942307692307 0.08774038461538461 0.12259615384615384 0.17548076923076922
0 0.6575064054960105 0.3878743986749461 0.10910257797450111 0.17766282470160263
0 0.8413461538461539 0.4050480769230769 0.17307692307692307 0.18990384615384615
0 0.9567307692307693 0.43990384615384615 0.08653846153846154 0.1201923076923077
0 0.14182692307692307 0.9603365384615384 0.09134615384615384 0.07932692307692307
0 0.25717557688732096 0.9456007110716877 0.0885805317190881 0.10761558539839747
0 0.5288461538461539 0.9747596153846154 0.04807692307692308 0.05048076923076923
0 0.6057692307692307 0.9663461538461539 0.04807692307692308 0.0673076923076923
0 0.6730769230769231 0.96875 0.04807692307692308 0.0625
0 0.75 0.96875 0.052884615384615384 0.0625
0 0.8305288461538461 0.9663461538461539 0.04567307692307692 0.0673076923076923