0 0.007211538461538462 0.3762019230769231 0.014423076923076924 0.0985576923076923
0 0.08453534132592254 0.3705395328222293 0.06543804551012304 0.0844982297478001
0 0.19751611055669172 0.3698822299349339 0.07041362613267939 0.08933389239112198
0 0.007211538461538462 0.05048076923076923 0.014423076923076924 0.038461538461538464
0 0.32970094414535633 0.40277388444287365 0.06868133323828993 0.10855067645407655
0 0.3946314951720763 0.3687354461741205 0.060462464887566424 0.07966256710447822
0 0.42788461538461536 0.3858173076923077 0.0625 0.0985576923076923
0 0.4375 0.2956730769230769 0.04326923076923077 0.07692307692307693
0 0.39753517673170463 0.27975817556227595 0.05034341532758956 0.06518354951014214
0 0.3657395397083961 0.2643149827438683 0.05772284210399192 0.07003319732127868
0 0.3137630428496915 0.25620220231342483 0.04005647745274825 0.04589683960811364
0 0.29082729302487864 0.2190684534391427 0.04271215607889026 0.053122363237466885
0 0.26139353007670035 0.2024093523759971 0.03276099483377729 0.043451037950823126
0 0.22126837567236224 0.18941895379878737 0.025381568057374928 0.038601390139686324
0 0.24123937511417815 0.17607892602620778 0.027785414211221084 0.03861537530750125
0 0.5685096153846154 0.01201923076923077 0.0889423076923077 0.02403846153846154
0 0.7379807692307693 0.057692307692307696 0.11538461538461539 0.11538461538461539
0 0.8557692307692307 0.025240384615384616 0.09615384615384616 0.05048076923076923
0 0.9567307692307693 0.057692307692307696 0.08653846153846154 0.11538461538461539
0 0.025240384615384616 0.8581730769230769 0.05048076923076923 0.28365384615384615
0 0.4338942307692308 0.7668269230769231 0.05048076923076923 0.2548076923076923
0 0.4639423076923077 0.9122596153846154 0.009615384615384616 0.05048076923076923
0 0.48001761384055214 0.9213295784552229 0.030189260365067236 0.03862936047531603
0 0.4999199363307781 0.9404484663434739 0.03276099483377756 0.043451037950823126
0 0.5162012223843926 0.9247255701687702 0.027785414211221084 0.03861537530750125
0 0.5670597403236062 0.9352491893369673 0.03010531620763515 0.03622551432146988
0 0.5877403846153846 0.9699519230769231 0.05048076923076923 0.06009615384615385
0 0.608051041175139 0.9386172107148849 0.040224365767612284 0.05070453191580594
0 0.6478365384615384 0.9663461538461539 0.055288461538461536 0.0673076923076923
0 0.7259615384615384 0.9771634615384616 0.052884615384615384 0.04567307692307692
0 0.7644002525384133 0.9749747827754459 0.035248785145055805 0.04586886927248406
0 0.7734700001304892 0.9592938421041868 0.03069292530965976 0.05305243739839295
0 0.8305288461538461 0.9867788461538461 0.04567307692307692 0.026442307692307692
0 0.8313721682163772 0.964967813461247 0.04545177886246503 0.06275173302066629
0 0.8942307692307693 0.9819711538461539 0.038461538461538464 0.036057692307692304
0 0.9663461538461539 0.9771634615384616 0.04326923076923077 0.04567307692307692
0 0.8951160633720163 0.9657991295910779 0.03508089683019163 0.04106117696479176
0 0.9879807692307693 0.9591346153846154 0.02403846153846154 0.052884615384615384