0 0.015625 0.265625 0.03125 0.15144230769230768
0 0.016826923076923076 0.4230769230769231 0.03365384615384615 0.0625
0 0.061314417494443635 0.4209067624241855 0.06259259101309954 0.0868216778008316
0 0.1021916563802733 0.4393801383867201 0.09283882580805115 0.11220367054740138
0 0.15504807692307693 0.4879807692307692 0.12740384615384615 0.13942307692307693
0 0.10555185065738779 0.38168783069441237 0.043945562702739485 0.05478795126276846
0 0.14932296402914275 0.3916357841844764 0.04648941695146537 0.05730375835062377
0 0.18616255512911886 0.3971119281688752 0.049173279295071134 0.0622234115923251
0 0.18748077776003155 0.35389867786664897 0.039137870395047174 0.05456402939475055
0 0.2228502838637701 0.3846152064664323 0.04182173273865294 0.05948368263645188
0 0.26322115384615385 0.41346153846153844 0.06971153846153846 0.10576923076923077
0 0.2614281218792982 0.3396665616870664 0.046209400761705904 0.05249606604293146
0 0.28846153846153844 0.36177884615384615 0.019230769230769232 0.07932692307692307
0 0.33413461538461536 0.23317307692307693 0.07211538461538461 0.12980769230769232
0 0.4857332717431696 0.2024893312988649 0.08224338452850811 0.09492890373444222
0 0.5984695875955144 0.26316499523019704 0.1345205504518242 0.16928350703000697
0 0.7037476684574356 0.14318998155121226 0.08576729544139229 0.11427163389922047
0 0.8400894457179272 0.066118668642255 0.06273259910797926 0.08922552395467775
0 0.9603365384615384 0.15264423076923078 0.07932692307692307 0.13221153846153846
0 0.12139423076923077 0.984375 0.040865384615384616 0.03125
0 0.1875 0.9783653846153846 0.04807692307692308 0.04326923076923077
0 0.27884615384615385 0.9903846153846154 0.038461538461538464 0.019230769230769232
1 0.3125 0.8557692307692307 0.028846153846153848 0.22596153846153846
1 0.36899038461538464 0.875 0.14182692307692307 0.25
1 0.4800725550205232 0.8808251043468639 0.12107753019290565 0.18543866450287608
1 0.6050025509730832 0.8762050588553184 0.14030829942367481 0.1863343519749481
1 0.908037907147793 0.7566086527359748 0.1748947851598993 0.28623557549074863
1 0.8387238060052342 0.8353527518003718 0.13449684191093397 0.2100369307113827