0 0.009615384615384616 0.21754807692307693 0.019230769230769232 0.08413461538461539
0 0.042161021822365294 0.24687226876559223 0.06652529775982881 0.10163284923860107
0 0.1460974016527072 0.2553005580105566 0.0846140765606836 0.11625172513832119
0 0.20398421793639648 0.18498847904321364 0.04957850938888875 0.0726188676981815
0 0.17709078032314854 0.14858114570580122 0.038701269049572565 0.05808390564559423
0 0.13664601428240783 0.14329794159768958 0.0314897305880341 0.057999991798461374
0 0.08861431320213721 0.1559736554374801 0.04873727223960108 0.06300348308279688
0 0.06984938454266426 0.16417733235810955 0.043929579931908776 0.06294754051804172
0 0.03066647422585511 0.144471051326921 0.033472958167236354 0.053220270773146686
0 0.006009615384615385 0.14302884615384615 0.01201923076923077 0.040865384615384616
0 0.002403846153846154 0.11177884615384616 0.004807692307692308 0.03125
0 0.02321411513069836 0.10588364209468332 0.023948017545156637 0.026694049233706132
0 0.014093992387322177 0.05885480004160648 0.026982791560968576 0.033933558977622215
0 0.061104658377279526 0.09910565850999777 0.019560943812108232 0.0314457989766432
0 0.0728683578625359 0.08841422158838928 0.022175099253276268 0.033877616412866976
0 0.06446960697443047 0.0606441200484593 0.019140325237464333 0.026638106668950962
0 0.07821653403888909 0.054788346716920774 0.022175099253276407 0.03387761641286701
0 0.10701746588839055 0.041888862618109396 0.024789254694444304 0.03630943384909075
0 0.12367930167464412 0.057723647235941464 0.02175448067863237 0.029069924105174703
0 0.1464106854925216 0.05919129749545181 0.021964789965954388 0.03147377025902086
0 0.17965862372207994 0.03671838570482225 0.022385408540598152 0.03628146256671316
0 0.30669034343468743 0.3449989323923737 0.09308747074615362 0.13075871590853097
0 0.4170673076923077 0.31009615384615385 0.04567307692307692 0.14423076923076922
0 0.4254807692307692 0.19831730769230768 0.028846153846153848 0.09375
0 0.3417847532079064 0.19140452008761835 0.05961451257891726 0.07753844513538428
0 0.2644410577101857 0.1953171313592272 0.05721066642507111 0.07751047385300666
0 0.28266441245541346 0.12454352623265373 0.04350896135726487 0.058139848210349405
0 0.249626783513177 0.14461259186943715 0.0378600319002849 0.04846852103020961
0 0.22663986841132513 0.13231364827643027 0.02542018255641009 0.04352097231062921
0 0.2048096543897439 0.10679355083726957 0.024999563981766323 0.0387132800029369
0 0.21986365917478662 0.09974984006999676 0.022175099253276268 0.033877616412866976
0 0.20572553483639625 0.05506890160601087 0.016736479083618177 0.026610135386573343
0 0.23687038019273524 0.05663445135384283 0.01977125309943025 0.03384964513048942
0 0.25746815979109705 0.041233221612863705 0.02175448067863237 0.029069924105174703
0 0.25514004698019976 0.09534773135677978 0.02740341013561248 0.03874125128531452
0 0.24139311991574106 0.10120350468831835 0.021964789965954388 0.031473770259020824
0 0.2811911573985757 0.04511870366740901 0.02542018255641009 0.04352097231062924
0 0.29938509084309134 0.02968950264405227 0.016526169796296293 0.024206289232727187
0 0.320178469078419 0.03955662880083534 0.024999563981766323 0.0387132800029369
0 0.3050645316463677 0.06103740213237389 0.021544171391310485 0.026666077951328547
0 0.32959934510242195 0.11065190367475133 0.04308834278262097 0.053332155902657094
0 0.35058832197471546 0.14578738572929664 0.04831665366495704 0.058195790775104644
0 0.39526978510819133 0.14390100829943625 0.04957850938888861 0.0726188676981815
0 0.3799297376928778 0.0992060841942615 0.038280650474928665 0.053276213337901925
0 0.3440066213295586 0.042240187778457575 0.02542018255641009 0.04352097231062924
0 0.3957492462842594 0.02840450778531041 0.02740341013561248 0.03874125128531452
0 0.43149038461538464 0.025240384615384616 0.016826923076923076 0.04567307692307692
0 0.40826482897108285 0.0778791529157998 0.033472958167236354 0.053220270773146686
0 0.4254807692307692 0.1045673076923077 0.028846153846153848 0.05048076923076923
0 0.4685756522868956 0.18554706262545173 0.039121887624216464 0.06289159795328654
0 0.4996006323492176 0.21598673750181518 0.056369429275783305 0.06789508923762219
0 0.48254759928903224 0.14961524108845864 0.030227874864102396 0.04357691487538445
0 0.5733385586161692 0.21203216930663987 0.050419746538176415 0.08223425231356611
0 0.5778454976432346 0.1880216790505559 0.044350198506552536 0.06775523282573395
0 0.5817307692307693 0.38822115384615385 0.17307692307692307 0.18028846153846154
0 0.6486990265346877 0.20328389444496112 0.043929579931908776 0.06294754051804165
0 0.6547233525696592 0.1756816205992967 0.02824464728490028 0.048356635900699135
0 0.707878209888605 0.1594560800934922 0.0310691120133902 0.05319229949076906
0 0.727289867105984 0.2126204083018837 0.03996312477350399 0.07250698256867102
0 0.7436057276149582 0.1911536206115339 0.03389357674188012 0.05802796308083899
0 0.7778452796341178 0.17109854061593932 0.02824464728490028 0.048356635900699135
0 0.8238643318344739 0.20893156728929563 0.033472958167236354 0.053220270773146686
0 0.8354776546794169 0.18620691395726757 0.030648493438746434 0.04838460718307676
0 0.861965184368377 0.19974973755076392 0.038280650474928665 0.053276213337901786
0 0.8932604063650296 0.2133485037090155 0.0310691120133902 0.05319229949076906
0 0.9591346153846154 0.27884615384615385 0.08173076923076923 0.125
0 0.9709195657937333 0.20583012320663746 0.043929579931908776 0.06294754051804165
0 0.9278846153846154 0.4266826923076923 0.13942307692307693 0.10336538461538461
0 0.49158653846153844 0.5709134615384616 0.10336538461538461 0.18509615384615385
0 0.6394230769230769 0.5516826923076923 0.10096153846153846 0.1466346153846154
0 0.7464269222066957 0.6511659631297879 0.06694591633447271 0.10644054154629337
0 0.8192783893277069 0.6435916400626545 0.06108667759017085 0.09436536821230736
0 0.9473153434346874 0.8303660708514647 0.06454207018062655 0.10641257026391561
0 0.9927884615384616 0.7956730769230769 0.014423076923076924 0.09134615384615384