0 0.4241184365679554 0.06317536566137133 0.048121144202759765 0.08599565065798992
0 0.3137019230769231 0.08413461538461539 0.15144230769230768 0.16826923076923078
0 0.19317434385017584 0.059781855454199666 0.03519263130107534 0.05425590453341765
0 0.17387362983998708 0.06140210780873026 0.040000323608767645 0.054451802983246506
0 0.1283533043025406 0.09564773945550524 0.06522784639736089 0.09629667984777567
0 0.025240384615384616 0.10697115384615384 0.05048076923076923 0.06490384615384616
0 0.8185096153846154 0.49158653846153844 0.04567307692307692 0.07451923076923077
0 0.8786238346840918 0.4606956142136589 0.040000323608767645 0.054451802983246506
0 0.9206211975969799 0.46481357180350796 0.04254405932145279 0.05935744451585324
0 0.8673611346616841 0.3928492011689371 0.027491479383600338 0.03713513378175129
0 0.935298329984152 0.3739571640819263 0.01773620520937673 0.03193564457440113
0 0.9819711538461539 0.453125 0.036057692307692304 0.055288461538461536
0 0.11057692307692307 0.7860576923076923 0.22115384615384615 0.42788461538461536
0 0.21995192307692307 0.7043269230769231 0.20432692307692307 0.35096153846153844
0 0.49759615384615385 0.5528846153846154 0.057692307692307696 0.04807692307692308
0 0.6466346153846154 0.5384615384615384 0.03365384615384615 0.019230769230769232
0 0.671875 0.5420673076923077 0.03125 0.026442307692307692