0 0.09372363237466927 0.20746841034125693 0.1193268299980891 0.26647908216702565
0 0.2824519230769231 0.203125 0.18028846153846154 0.40625
0 0.41323238590289313 0.1670320554483412 0.1312341794248016 0.2474581093897205
0 0.5336538461538461 0.14182692307692307 0.028846153846153848 0.09615384615384616
0 0.5984474136754728 0.22517647852272946 0.06071150123000491 0.10681821303655152
0 0.6425837248492209 0.37345967282872006 0.08006813697110729 0.12878850274670947
0 0.728373979909591 0.2433433691330089 0.06553317870551194 0.10930597777178332
0 0.6656152543050171 0.19996315684486865 0.050914309433027945 0.07540037587378023
0 0.6857402729207839 0.14672188748936424 0.03890906383161196 0.07759442557416221
0 0.785618762231825 0.16541326923330407 0.04374472647493377 0.08248603646324017
0 0.8958468574685277 0.3101387368913956 0.1094317420264085 0.2182343219273313
0 0.8831703238120014 0.19736776411409054 0.05094227976865758 0.08020806818147254
0 0.9659072237702866 0.16226632243134181 0.04131290998545804 0.0776363848648551
0 0.046875 0.7560096153846154 0.09375 0.15625
0 0.23317307692307693 0.7572115384615384 0.15384615384615385 0.15865384615384615
0 0.38100961538461536 0.8100961538461539 0.25240384615384615 0.2644230769230769
0 0.5745192307692307 0.96875 0.08653846153846154 0.0625
0 0.6885994383837605 0.7586895504513281 0.055833883083238604 0.09471506368593524
0 0.7091346153846154 0.7067307692307693 0.04326923076923077 0.057692307692307696
0 0.8367296653694095 0.8065898233044883 0.06061360505530134 0.08999128995962845
0 0.953125 0.6911057692307693 0.040865384615384616 0.026442307692307692
0 0.9735576923076923 0.8125 0.052884615384615384 0.09134615384615384
0 0.9627403846153846 0.90625 0.07451923076923077 0.10576923076923077