0 0.12289619029048483 0.36520448617978896 0.03840847370563905 0.05811187692797185
0 0.19712157338497224 0.3732831343950333 0.030511290669699462 0.04120104000391592
0 0.2541017041249291 0.3619212287616763 0.03311103527337454 0.046036703593985845
0 0.3030867026040319 0.3697061785119557 0.035808729101963976 0.053276213337901925
0 0.36139323802377604 0.38481455185328406 0.038310524480724695 0.0557080307741257
0 0.4162409280501225 0.39627519904027675 0.03320898449828897 0.048440549747832
0 0.453125 0.40384615384615385 0.01201923076923077 0.04326923076923077
0 0.7824519230769231 0.0889423076923077 0.12740384615384615 0.1778846153846154
0 0.8834134615384616 0.07211538461538461 0.0889423076923077 0.14423076923076922
0 0.9663461538461539 0.11057692307692307 0.0673076923076923 0.14423076923076922
0 0.2676574999713992 0.9264762759511165 0.0762292520617914 0.10180067693286678
0 0.33774038461538464 0.9290865384615384 0.13701923076923078 0.14182692307692307
0 0.42427884615384615 0.9242788461538461 0.06971153846153846 0.15144230769230768
0 0.5432692307692307 0.6778846153846154 0.1201923076923077 0.1201923076923077
0 0.7800480769230769 0.6935096153846154 0.11778846153846154 0.15144230769230768
0 0.6298076923076923 0.8677884615384616 0.22596153846153846 0.2644230769230769