0 0.008413461538461538 0.48677884615384615 0.016826923076923076 0.07932692307692307
0 0.019230769230769232 0.46153846153846156 0.038461538461538464 0.0673076923076923
0 0.15745192307692307 0.4723557692307692 0.2668269230769231 0.15144230769230768
0 0.2251003231650309 0.41642878172059494 0.06585486975468481 0.08551098779252306
0 0.20964230879398252 0.32832652259756584 0.0488321477011184 0.06770400805144156
0 0.0762157036796462 0.43833043744929445 0.058587388728391115 0.0802832712001914
0 0.3118205980389469 0.42701349030492336 0.04148075282769197 0.055264752997571304
0 0.36418774469957654 0.37946215837141456 0.04145278154531436 0.05286090684372528
0 0.38065188317090476 0.45066749037008064 0.10996323899524377 0.16014651811574346
0 0.4618092411129331 0.39662836899032244 0.0855052082211182 0.12268874485925338
0 0.5157279518802057 0.3790551099324508 0.05858738872839098 0.0802832712001914
0 0.5481658893159402 0.3759630775746508 0.04637235898251701 0.06275630764886951
0 0.6622596153846154 0.31009615384615385 0.11298076923076923 0.21634615384615385
1 0.8257211538461539 0.078125 0.12259615384615384 0.15625
1 0.35624642670027823 0.6922884700677238 0.15440726362433402 0.2636282022851177
1 0.17307692307692307 0.8112980769230769 0.28365384615384615 0.37740384615384615