0 0.11298076923076923 0.04807692307692308 0.11057692307692307 0.09615384615384616
0 0.2710824800430643 0.06468808510512858 0.09491747973461392 0.11259112812692305
0 0.36778846153846156 0.08774038461538461 0.02403846153846154 0.10817307692307693
0 0.39663461538461536 0.28365384615384615 0.03365384615384615 0.08653846153846154
0 0.4741522665089092 0.3156941826910794 0.07350087967006594 0.08329737315854703
0 0.4942744478035168 0.3679363764015495 0.09881440919489844 0.1006837976382479
0 0.5450477966720778 0.301691736759135 0.05834919246906267 0.07334628770149584
0 0.45913461538461536 0.41586538461538464 0.15865384615384615 0.04807692307692308
0 0.6216424312067773 0.339595783695994 0.058895650177507426 0.0805578261630343
0 0.7235576923076923 0.4110576923076923 0.125 0.057692307692307696
0 0.7295602106509247 0.3613722843094023 0.09713917331897849 0.11024323211335485
0 0.859375 0.3870192307692308 0.10817307692307693 0.10576923076923077
0 0.9627403846153846 0.41586538461538464 0.07451923076923077 0.04807692307692308
0 0.4219783300269272 0.6166734784891026 0.07590472582391203 0.08335332329882483
0 0.5078792575722033 0.6271011450775643 0.07036842323829344 0.07362603840288474
0 0.49912084167834797 0.5678991885368058 0.04968043345167153 0.053947668049893184
0 0.5695968531683984 0.5912123081297546 0.04800519757575172 0.063507102525
0 0.5924140408463674 0.6555576578198721 0.06887533993185514 0.08558931903183756
0 0.6378691024493771 0.6277186064987182 0.042468894990133066 0.05377981762905976
0 0.6409656961305639 0.5868532218833337 0.03951859112784229 0.04651232902724363
0 0.6573193064084902 0.5776015131797546 0.03452874625066826 0.04399658259284186
0 0.6955076160158064 0.5821024846549683 0.03766120268244076 0.053667917348504283
0 0.7110774024816512 0.6149740337839747 0.040065048836286914 0.05372386748878209
0 0.6947775863296035 0.6711846676979705 0.06647149377800907 0.0855333688915599
0 0.7802783459853306 0.6551140764538466 0.05816703989958109 0.07094244154764968
0 0.7693340992576965 0.6247582737592418 0.037296897543477585 0.04886022504081197
0 0.7415629294531392 0.5940108200826927 0.03176059495785894 0.03913294014487188
0 0.769846113623832 0.5067739867298081 0.026770750080685184 0.03661719371047011
0 0.7953583076851625 0.583222492399573 0.03452874625066826 0.04399658259284193
0 0.8100352626788924 0.6437662473679493 0.042468894990133066 0.053779817629059895
0 0.8076866300592014 0.6112024240104705 0.026770750080685184 0.03661719371047011
0 0.8305963134301877 0.5948790521960474 0.029174596234531336 0.03667314385074792
0 0.8468036338892181 0.6193371397865923 0.029721053942975955 0.04388468231228638
0 0.8178678231666001 0.5404008627525646 0.02640644494172201 0.0318095014027778
0 0.9762828838085329 0.6584720898095626 0.03248920523578528 0.04874832476025649
0 0.9879807692307693 0.6382211538461539 0.02403846153846154 0.026442307692307692