0 0.09859593674639724 0.255044606142588 0.0655219896675551 0.08726571488027937
0 0.16997109115073528 0.2674406071586024 0.06303419935627688 0.08483389744405546
0 0.1556586632579643 0.23634444921167924 0.045367834705032944 0.06059963692895073
0 0.33372643416328607 0.2739520214953866 0.048107457488607445 0.0702429928267131
0 0.375 0.028846153846153848 0.04326923076923077 0.057692307692307696
0 0.4043880632294513 0.2659153302037087 0.04595544380705755 0.0774265600058738
0 0.43811058633488736 0.23305782353231036 0.03541667345991998 0.050872367184055634
0 0.5144230769230769 0.34375 0.11538461538461539 0.09134615384615384
0 0.4891255549219335 0.3166330132693736 0.09596308250491849 0.13327444719188775
0 0.5769230769230769 0.30649038461538464 0.04326923076923077 0.11778846153846154
1 0.6225961538461539 0.036057692307692304 0.04807692307692308 0.07211538461538461
0 0.09822196662736367 0.6771705056186723 0.030273204522499323 0.04120104000391592
0 0.13183384070249377 0.6755769845884628 0.03309677146350591 0.0532482420555243
0 0.187946476609434 0.6641023517602813 0.025381568057374928 0.03874125128531452
0 0.21253057517120408 0.6794476389365052 0.04072803071220474 0.06535138667188793
0 0.2573794777258023 0.6897474779048273 0.03790446377119822 0.05330418462027954
0 0.28137596718554786 0.6882658420041281 0.03069292530965976 0.053220270773146686
0 0.3548611631927197 0.6922204101993034 0.043299765180915 0.07018705026195786
0 0.37445441392609113 0.6679441927606321 0.028121190840949432 0.04838460718307676
0 0.40314794666322296 0.6976705999363665 0.030608981152227537 0.05081642461930053
0 0.45084712103170166 0.6862938665965067 0.0228098335886646 0.03390558769524459
0 0.467967848659637 0.694511529158325 0.027953302526085258 0.04357691487538445
0 0.5214820452249931 0.7119250070998638 0.030525036994795585 0.048412578465454374
0 0.5473100389424024 0.7284582317118221 0.05333487058346019 0.08231816616069897
0 0.5877403846153846 0.6850961538461539 0.021634615384615384 0.052884615384615384
0 0.6141826923076923 0.8425480769230769 0.03125 0.08413461538461539
0 0.6081730769230769 0.7980769230769231 0.019230769230769232 0.07692307692307693
0 0.6021634615384616 0.7295673076923077 0.007211538461538462 0.05048076923076923
0 0.657356592201859 0.6205245948195828 0.050763136114749856 0.07748250257062904
0 0.696981911200415 0.7222684871223802 0.02546551221480688 0.04114509743916068
0 0.7605045082954421 0.7852571424986743 0.043299765180915134 0.07018705026195772
0 0.7613134154580786 0.7395560942932199 0.02770147005378886 0.03636537641384599
0 0.7772169528032488 0.712917987624269 0.027953302526085258 0.04357691487538445
0 0.8135837168677955 0.7557816347990243 0.02786935836865317 0.041173068721538295
0 0.8348291458769348 0.8132501722323112 0.05350275889832436 0.08712585846839115
0 0.8349512325742725 0.7134485999241295 0.025381568057374928 0.03874125128531452
0 0.8522818205957882 0.727675877870563 0.025381568057374928 0.03874125128531452
0 0.8909112473721906 0.7320360296602135 0.03541667345991984 0.05087236718405577
0 0.9260760883598145 0.7749136624761579 0.04785562501631118 0.06303145436517464
0 0.9520414359804034 0.7265150696518923 0.030273204522499188 0.04120104000391592
0 0.9807692307692307 0.7848557692307693 0.038461538461538464 0.06971153846153846
0 0.9891826923076923 0.7247596153846154 0.021634615384615384 0.05048076923076923