0 0.46274038461538464 0.47475961538461536 0.007211538461538462 0.026442307692307692
0 0.48784788818007496 0.47623963910753553 0.023146378248549208 0.028972020356487056
0 0.52529136311304 0.5024721692826213 0.04667069721308204 0.06515557917451258
0 0.5649038461538461 0.5096153846153846 0.04326923076923077 0.057692307692307696
0 0.5559165727293762 0.46742760028635233 0.025802184879717825 0.03379369783199401
0 0.5296053560853718 0.44714175224071534 0.018086725463534712 0.024136357713165177
0 0.5817238684187361 0.4780980637166046 0.023272358487210508 0.03137586651033321
0 0.6101920815489065 0.47071870324128867 0.02061655185604203 0.02655418903482598
0 0.6466346153846154 0.5072115384615384 0.057692307692307696 0.0625
0 0.6638325783654888 0.48483410647244 0.02605414535704015 0.038601390139686324
0 0.6749699474640914 0.467937257556443 0.01580885954834972 0.02652621869919641
0 0.6976124047579961 0.487042160276879 0.031617719096699165 0.05305243739839282
0 0.7369558048901628 0.5036453206687654 0.03655139164305264 0.05548425388786882
0 0.762710332079476 0.46742679893120287 0.03389558501188416 0.05066257641236159
0 0.7890896496524533 0.46607103900831703 0.028457991510886307 0.03861537530750125
0 0.8086353694798754 0.47196877305041407 0.029213872942853013 0.05303845223057817
0 0.8076923076923077 0.5120192307692307 0.04326923076923077 0.052884615384615384
0 0.8473557692307693 0.5120192307692307 0.05048076923076923 0.052884615384615384
0 0.8918269230769231 0.5180288461538461 0.08173076923076923 0.040865384615384616
0 0.881632615765888 0.48837614109289323 0.036173450927069424 0.04827271542633022
0 0.9441956058852186 0.48921444980663154 0.05641206206712796 0.06761536599961787
1 0.40024038461538464 0.6153846153846154 0.11778846153846154 0.15384615384615385
1 0.054086538461538464 0.6622596153846154 0.10817307692307693 0.19951923076923078
1 0.31971153846153844 0.6237980769230769 0.17307692307692307 0.17067307692307693
0 0.4699519230769231 0.5649038461538461 0.021634615384615384 0.052884615384615384
0 0.49038461538461536 0.5516826923076923 0.038461538461538464 0.026442307692307692
0 0.6660423433517011 0.6687920718519867 0.09093754827231794 0.13029717318121023
0 0.6713114097332759 0.5858034388730353 0.054512136867926185 0.07721676544718771
0 0.7379807692307693 0.5733173076923077 0.057692307692307696 0.06971153846153846
0 0.7788461538461539 0.5612980769230769 0.04807692307692308 0.04567307692307692
0 0.8712034704088479 0.6146977394513915 0.07968442055433819 0.0989912325099511
0 0.7204080567423978 0.8343917382788901 0.16543633580298034 0.22204889689399301
0 0.9002403846153846 0.8966346153846154 0.19951923076923078 0.20673076923076922
0 0.9651442307692307 0.6165865384615384 0.06971153846153846 0.12740384615384615