0 0.5769230769230769 0.13221153846153846 0.02403846153846154 0.052884615384615384
0 0.4670199908191585 0.1318123898120732 0.029517464623216447 0.05853164504534178
0 0.41225961538461536 0.03485576923076923 0.03125 0.06971153846153846
0 0.5721153846153846 0.20552884615384615 0.03365384615384615 0.11298076923076923
0 0.4883486062282483 0.31266040958589075 0.03941256206237712 0.08284988570148144
0 0.2612682164716056 0.20993175416661075 0.04410836924055902 0.07337439064493581
0 0.21857155492580171 0.15462118206523087 0.034688783601817604 0.08992153460418077
0 0.14675071084069602 0.28109363552370503 0.05173947693776157 0.10964191729088668
0 0.18629807692307693 0.53125 0.09375 0.15384615384615385
0 0.09020522572587023 0.3779726531253292 0.08357687386769132 0.16103196865410943
0 0.717704445172096 0.1356372421172278 0.01990208000783183 0.05825186592766366
0 0.7942778810654527 0.10782739813557524 0.01979019487832135 0.048636481312279184
0 0.7794797180262202 0.3849470430591596 0.02476571488027938 0.06319944779419509
0 0.8411003067619537 0.5177052779292628 0.02962934975272665 0.06814702966072653
0 0.894193864699087 0.43394249700466325 0.02476571488027938 0.06319944779419509
0 0.9659884216324433 0.5117270218436928 0.029461522058461205 0.05372395273764961
0 0.9152533846643334 0.17863232941424304 0.01995802257258707 0.06305955823535611
0 0.8957289169685994 0.15283238656350231 0.01973425231356611 0.04382878900458687
0 0.41466346153846156 0.9663461538461539 0.10817307692307693 0.0673076923076923
0 0.1466346153846154 0.9747596153846154 0.125 0.05048076923076923
0 0.26463707186747915 0.9123315827188327 0.08790905437496423 0.12030647359756394
0 0.14567465853447217 0.9112731622914132 0.07815381334769164 0.10800746371065519
0 0.10881978467901807 0.8417143752155052 0.051403821549230275 0.08079576344473284
0 0.06982679185230503 0.7949221818217163 0.04645627282964993 0.06863664311666294
0 0.062406310838248574 0.8800139135552864 0.0658828410370624 0.08602312442894212
0 0.04927884615384615 0.9483173076923077 0.08413461538461539 0.10336538461538461
0 0.15637923903195539 0.7986421169577416 0.04396851282867099 0.06135515987570491
0 0.22746052826468258 0.815128564873694 0.04405242667580371 0.06856669833724337
0 0.24525161851831903 0.795220458411648 0.03443704206041923 0.0682869192195654
0 0.28515283595699026 0.8168072395797623 0.04416431180531419 0.07818208295262799
0 0.3344176964696476 0.817039184480939 0.0391887918033563 0.06361911647071221
0 0.39593954365174544 0.8380535455869058 0.04422025437006943 0.0829897752603203
0 0.41388447595845873 0.8313665929710137 0.03446501334279672 0.07069076537341154
0 0.43862137749104646 0.7888317823856877 0.034325156930908755 0.05867153460418077
0 0.38988712927824953 0.7309425021819129 0.03924473436811154 0.06842680877840451
0 0.495894958013004 0.8577831770097386 0.058587388728391115 0.0786017516291451
0 0.5234273036527244 0.8489721573576783 0.04416431180531419 0.07818208295262813
0 0.5217778400577596 0.8104756465064301 0.034269214366153516 0.05386384229648847
0 0.513084665695522 0.7861923782400002 0.034325156930908755 0.05867153460418077
0 0.5442227805660115 0.7774862757570692 0.03913284923860106 0.058811424163019904
0 0.5769230769230769 0.7776442307692307 0.02403846153846154 0.05048076923076923
0 0.6454326923076923 0.9855769230769231 0.06490384615384616 0.028846153846153848
0 0.8233173076923077 0.9855769230769231 0.06009615384615385 0.028846153846153848