0 0.021634615384615384 0.32211538461538464 0.04326923076923077 0.16826923076923078
0 0.05019618943975813 0.21553387187307688 0.0668741541301079 0.10716798427617527
0 0.1123415163983293 0.20088598944983962 0.07454782897464324 0.11454737315854703
0 0.14766126441775154 0.2864732986035789 0.11741580458301429 0.14674852554326934
0 0.24128581716216502 0.17388217047665577 0.05331446875088757 0.08284977203632483
0 0.31757841313853985 0.23811361000811934 0.10012674512309434 0.13914533609978635
0 0.30872079913109995 0.37633476385427317 0.1403436648777584 0.20488843435779922
0 0.34247842381520194 0.16792649535421977 0.05091062259704142 0.08279382189604703
0 0.37175627343328405 0.1792463493699783 0.057566860436721226 0.11175187602275649
0 0.38822115384615385 0.2980769230769231 0.040865384615384616 0.16826923076923078
0 0.3762019230769231 0.43028846153846156 0.06490384615384616 0.1778846153846154
0 0.43028846153846156 0.1778846153846154 0.04326923076923077 0.08653846153846154
0 0.44711538461538464 0.2644230769230769 0.07692307692307693 0.14423076923076922
0 0.5088543693386705 0.20607930310518127 0.07843124851634187 0.10023619651602572
0 0.5508446543004786 0.2063020987272432 0.07331546528665155 0.0953166039277778
0 0.5735917133344675 0.35698907952580083 0.15415055995683957 0.19560875058408117
0 0.5883353378765924 0.20182910232216836 0.05316042328988857 0.08044592588247869
0 0.5433859061390793 0.17287205313450812 0.061851535139279434 0.06624664952051286
0 0.6464127592213976 0.19447668357088632 0.08354703174603191 0.10515578910427364
0 0.6980184287985904 0.194475678631837 0.07075757367180639 0.09285680763365398
0 0.6978016597097981 0.14167498845763835 0.061389398756282694 0.059035111058974396
0 0.7551249952579707 0.18354546571992467 0.05781407013658187 0.07815398000918815
0 0.7618762397421684 0.28419927840993525 0.09664458074225543 0.12226246288258562
0 0.8129266086975027 0.25540806976501007 0.07362355620864956 0.1001242962354701
0 0.8616035721100592 0.20747001709973226 0.07796911213334513 0.09302465805448726
0 0.6862980769230769 0.421875 0.18990384615384615 0.19471153846153846
0 0.8349338810375653 0.3989114871721682 0.14801733972229358 0.21226782324017096
0 0.9387019230769231 0.43149038461538464 0.12259615384615384 0.17548076923076922
0 0.8769993463242168 0.3043222350680015 0.09045047928557236 0.10051594721741462
0 0.9445989880455448 0.2607442735881937 0.08370107720703092 0.10755963525811979
0 0.12740384615384615 0.6814903846153846 0.2548076923076923 0.3245192307692308
0 0.43028846153846156 0.7992788461538461 0.04326923076923077 0.15144230769230768
0 0.42427884615384615 0.7079326923076923 0.03125 0.06009615384615385
0 0.4420429388363558 0.7047664846867517 0.04487056660135735 0.06345115238472232
0 0.4778695629525496 0.7075330018133544 0.036426664451827406 0.044052532733119806
0 0.5197505421671337 0.6345503900236641 0.029215125990288946 0.04388468231228625
0 0.49506730057926396 0.7575381948517624 0.0664120177471111 0.09995644581463682
0 0.541895718459833 0.7384462960326383 0.05781407013658201 0.07815398000918787
0 0.536212177911234 0.8645922689692838 0.13159167180623044 0.1806821223985044
0 0.5679386133969371 0.8002469192791662 0.08129723105318476 0.10750368511784213
0 0.5817132254592935 0.7351192725642088 0.045024612062356355 0.06585499853856848
0 0.6013291083425601 0.7286620560573713 0.03765902813981889 0.06328330196388904
0 0.6194206781241995 0.7834469663333329 0.0661039268251131 0.0951487535069445
0 0.6410391520004525 0.7457397498264952 0.045024612062356355 0.06585499853856848
0 0.6668186957293335 0.736738811815117 0.03975478337166731 0.0585315597964744
0 0.6901943933043684 0.7277938239440166 0.03975478337166731 0.0585315597964744
0 0.7381334124286547 0.7662823325366447 0.05510213306073771 0.07329033756121789
0 0.7614643702899146 0.8329465982311426 0.0961824443592587 0.11505092442104715
0 0.7896634615384616 0.921875 0.15625 0.15625
0 0.859375 0.9759615384615384 0.19471153846153846 0.04807692307692308
0 0.9411057692307693 0.8942307692307693 0.11778846153846154 0.12980769230769232
0 0.8893769349461886 0.840770573418589 0.09541221705426367 0.10303169365181639
0 0.8289565486696747 0.8097733539888883 0.04262076590851048 0.06579904839829052
0 0.8225456781241995 0.7787191794798604 0.04185053860351546 0.05377981762905976
0 0.7893539683533503 0.7722909429822109 0.05944768898543328 0.06619069938023504
0 0.8611308214356684 0.7946229252422001 0.044870566601357624 0.06345115238472232
0 0.8772483984297339 0.7678449167082259 0.04154244768151745 0.04897212532136745
0 0.9230450802027411 0.7835808120497322 0.04471652114035862 0.06104730623087617
0 0.9460822462447094 0.7986463106469545 0.05510213306073771 0.07329033756121817
0 0.9786720732742691 0.7582834723550206 0.026503188914445055 0.039021039864316265
0 0.902981360039184 0.7408431076131403 0.01913760499190759 0.036449343289636824
0 0.9207021152710321 0.7452311738687493 0.02107931476275673 0.029293754968376034
0 0.7586269859584843 0.7274011680230229 0.04471652114035862 0.06104730623087617