0 0.07932692307692307 0.14783653846153846 0.15865384615384615 0.2956730769230769
0 0.21514423076923078 0.06129807692307692 0.09375 0.12259615384615384
0 0.33533653846153844 0.07211538461538461 0.12259615384615384 0.14423076923076922
0 0.4110576923076923 0.17067307692307693 0.07692307692307693 0.2692307692307692
0 0.5444711538461539 0.15144230769230768 0.1658653846153846 0.30288461538461536
0 0.4651442307692308 0.07451923076923077 0.03125 0.14903846153846154
0 0.6706730769230769 0.052884615384615384 0.08173076923076923 0.10576923076923077
0 0.8389423076923077 0.06610576923076923 0.09134615384615384 0.13221153846153846
0 0.25521247660262003 0.7407059097632173 0.09899585845646322 0.18794120699653372
0 0.35216346153846156 0.65625 0.15625 0.1971153846153846
0 0.08994523570296568 0.8573164307483421 0.04076971618238217 0.08246651095715776
0 0.14718290232904663 0.86823204892799 0.05554251700255664 0.09566308718147659
0 0.6454326923076923 0.6466346153846154 0.12740384615384615 0.1778846153846154
0 0.7331730769230769 0.9483173076923077 0.1875 0.10336538461538461
0 0.9435096153846154 0.9338942307692307 0.11298076923076923 0.13221153846153846