0 0.025240384615384616 0.13942307692307693 0.05048076923076923 0.10096153846153846
0 0.08302181204817274 0.13733893821916937 0.08917285741502089 0.11504092541109046
0 0.07594525386312413 0.06311404381371069 0.04103663994374573 0.05842804941869636
0 0.1577320035608979 0.057644342645134974 0.03829691098787244 0.051020286714643086
0 0.20948061811763746 0.2102641941586136 0.13658464274258514 0.20751526946866206
0 0.28477694757023614 0.11725033261716795 0.04880798307532922 0.07103595291547102
0 0.3141005923496021 0.15105144613594154 0.06597078895427935 0.07962106107461221
0 0.30003641757103305 0.08222291676571913 0.03578110390001727 0.04842021631828239
0 0.3866638207010228 0.15478010347588608 0.061722901316632155 0.09124784335881363
0 0.3927557498224711 0.1301529692098805 0.05395155818504859 0.07863993986203884
0 0.38628521314138153 0.3538823081382525 0.20361574664260254 0.2584864009396351
0 0.46260889641519454 0.1534067321443663 0.05121182922917565 0.0712321771579857
0 0.4697907876795571 0.12627763960325725 0.03600502576803531 0.05322790862597456
0 0.5235414433390685 0.1146510556851387 0.038632793789899506 0.05823182517618154
0 0.539393679134434 0.17006220696669266 0.05177163389922047 0.08325140792721647
0 0.5565828182832125 0.1505616789939865 0.04366440796560985 0.0634319659689032
0 0.5919687449868507 0.1331952384331895 0.0361169867020446 0.055631754779820713
0 0.6349613873484068 0.175532503233517 0.043552447031601105 0.061028119815057055
0 0.6430288461538461 0.15264423076923078 0.03125 0.055288461538461536
0 0.7692307692307693 0.1502403846153846 0.22115384615384615 0.3004807692307692
0 0.9278846153846154 0.10336538461538461 0.14423076923076922 0.20673076923076922
0 0.02283653846153846 0.7644230769230769 0.04567307692307692 0.11057692307692307
0 0.09448123814735841 0.7944225937007325 0.06161094038262313 0.08884399720496748
0 0.05489677641838226 0.7216448034922986 0.0589831723607589 0.0838400806547605
0 0.021634615384615384 0.6646634615384616 0.04326923076923077 0.07451923076923077
0 0.014423076923076924 0.6310096153846154 0.028846153846153848 0.06009615384615385
0 0.004807692307692308 0.6081730769230769 0.009615384615384616 0.0625
0 0.06009615384615385 0.5721153846153846 0.028846153846153848 0.028846153846153848
0 0.09653594578978719 0.5794991647958514 0.030749489724307057 0.04322007552556066
0 0.12638974804202216 0.5987790892702907 0.0283456435704609 0.043023851283045984
0 0.1465162047448635 0.6164400645609427 0.03326529681216223 0.04582014592192142
0 0.1660268763106552 0.6208798860054406 0.023314029394750555 0.037823710490324396
0 0.18688107908455512 0.6541658612960924 0.033489218680180205 0.05062783822961373
0 0.2161190961997405 0.660224631924378 0.030861450658316077 0.04562392167940688
0 0.2781482331212236 0.722724830290461 0.043776368899618875 0.06583581212274936
0 0.3249112721872146 0.7164946114075786 0.04880798307532922 0.07103595291547102
0 0.3530033466924814 0.7238534172340446 0.04092467900973677 0.05602420326485007
0 0.4074554151532229 0.753190330052568 0.03645286950407139 0.06284329324135932
0 0.43359148724067964 0.7703607447369332 0.03852083285589048 0.05582797902233539
0 0.4623256801528245 0.7656022076729111 0.041372522745772716 0.06563958788023481
0 0.4266005567198116 0.7238781932219626 0.02823368263645188 0.04062000512919976
0 0.45075097919228213 0.7243197969506621 0.02605375835062363 0.04523147319437753
0 0.47660714894471634 0.7354805962504118 0.023314029394750555 0.037823710490324396
0 0.39526492905563104 0.6986867654841652 0.030637528790298036 0.04081622937171458
0 0.355515839852989 0.6741821225951691 0.030749489724307057 0.04322007552556073
0 0.333041517463306 0.657919294623955 0.0283456435704609 0.043023851283045915
0 0.3155988092493334 0.6460717104754038 0.027897799834424957 0.0334084666676613
0 0.2956995883418577 0.6850973440426512 0.02605375835062363 0.04523147319437753
0 0.2597538569681743 0.6904445538342174 0.03326529681216223 0.04582014592192142
0 0.26495009861755064 0.6465866503374426 0.025605914614587826 0.03561608857899291
0 0.24664135012868194 0.6420487167716874 0.023090107526732514 0.03301601818263195
0 0.6070076070469774 0.8153230542876225 0.046292175987474045 0.06843588251911019
0 0.6502403846153846 0.7956730769230769 0.016826923076923076 0.057692307692307696
0 0.6454326923076923 0.7908653846153846 0.026442307692307692 0.04807692307692308
0 0.11057692307692307 0.5637019230769231 0.019230769230769232 0.01201923076923077
0 0.16826923076923078 0.5697115384615384 0.019230769230769232 0.02403846153846154
0 0.15625 0.5637019230769231 0.019230769230769232 0.01201923076923077
0 0.21365595565154225 0.6073400165397627 0.023090107526732514 0.03301601818263195
0 0.2014951167511264 0.5793768717849248 0.015430725329158039 0.022811960839703375
0 0.24605189826146082 0.6034890661888915 0.017834571483004123 0.023008185082218118
0 0.25538738054182286 0.5966945538342174 0.020574300438877476 0.03041594778627119
0 0.2623190166683388 0.5900962657220581 0.015430725329158106 0.02281196083970344
0 0.24373036584444768 0.5795487167716873 0.01794653241701328 0.025412031236064274
0 0.22642926576166006 0.5966453985905473 0.020462339504868386 0.028012101632425034
0 0.21514423076923078 0.5612980769230769 0.021634615384615384 0.007211538461538462
0 0.508838464080969 0.7799027932189785 0.03611698670204433 0.05563175477982085
0 0.5539813835311769 0.790695721655534 0.03360117961418915 0.053031684383459884
0 0.5892290160309777 0.7962639316775328 0.02605375835062363 0.04523147319437753
0 0.6395121966635572 0.7619970335403905 0.028345643570460766 0.043023851283045915
0 0.6223790379817833 0.7826994845900198 0.025941797416614613 0.04282762704053138
0 0.6186876410868335 0.7552514780633037 0.025605914614587826 0.03561608857899291
0 0.5897295263066706 0.7552023228196335 0.025829836482605863 0.040423780886685225
0 0.5762844505924988 0.7514738638457719 0.023314029394750416 0.037823710490324396
0 0.5592895861145623 0.7492416643126053 0.028121721702442724 0.03821615897535361
0 0.5338252796311596 0.7464943265513171 0.025829836482605728 0.040423780886685225
0 0.5219739902629423 0.7510812169946597 0.02845760450446992 0.045427697436892074
0 0.5182825933679924 0.7236332104679436 0.025493953680578666 0.03321224242514676
0 0.5374573821317572 0.7208614934509031 0.020574300438877476 0.030415947786271255
0 0.5627537472141463 0.7200030619814222 0.01794653241701328 0.025412031236064135
0 0.5808385738349972 0.7197333032394853 0.020686261372886223 0.03281979394011741
0 0.5987851062520101 0.742398195080344 0.020686261372886223 0.03281979394011741
0 0.648007971938852 0.7371736750318703 0.020686261372886223 0.03281979394011741
0 0.6021373064175854 0.7107557465953148 0.017834571483003988 0.023008185082218118
0 0.6550480769230769 0.7115384615384616 0.007211538461538462 0.019230769230769232
0 0.650494131829531 0.7128408771296366 0.012914918241302932 0.020211890443342612
0 0.40686264935865424 0.6627517629195653 0.025829836482605728 0.040423780886685225
0 0.4131818142754682 0.694811237511459 0.020686261372886358 0.03281979394011741
0 0.43439823312122355 0.7099702545270075 0.0283456435704609 0.043023851283045915
0 0.45032946872607454 0.6893659155986355 0.025605914614587687 0.03561608857899291
0 0.44593997295724225 0.6728333288854843 0.025605914614587687 0.03561608857899291
0 0.4862488668299294 0.7093572025437112 0.023090107526732514 0.03301601818263195
0 0.4986862941380202 0.6914510461329575 0.018170454285031185 0.03021972354375658
0 0.5122433307862011 0.6975833512606653 0.01794653241701328 0.025412031236064135
0 0.5255204650993595 0.6977060410037577 0.015654647197176148 0.02761965314739575
0 0.5399995224894407 0.6977306186255927 0.01794653241701328 0.025412031236064135
0 0.54402348825907 0.6805112470636403 0.015318764395149086 0.02040811468585729
0 0.557020720237206 0.6746243214221173 0.01302687917531168 0.02261573659718863
0 0.5481034344957038 0.6644937985786109 0.010399111153447485 0.017611820046981783
0 0.5398019338912512 0.6675844295812584 0.010511072087456778 0.020015666200827936
0 0.5872927190283008 0.6769792106983762 0.010287150219438738 0.015207973893135628
0 0.6000956763355947 0.6928250125627259 0.012914918241302932 0.020211890443342612
0 0.5234788350173687 0.6797753069711688 0.015430725329158106 0.02281196083970344
0 0.5225831475452967 0.6605445377403996 0.013026879175311952 0.022615736597188765
0 0.5052260669955045 0.6764392964823365 0.012914918241302932 0.020211890443342477
0 0.4772196201544183 0.6968228335463588 0.023090107526732514 0.03301601818263195
0 0.473360281858455 0.6657690577888734 0.020350378570859435 0.025608255478578947
0 0.4821919399357765 0.6481572377418916 0.012914918241302932 0.020211890443342477
0 0.4709827689744373 0.640626785294746 0.010287150219438738 0.015207973893135628
0 0.4350107043309256 0.6713124918229543 0.01817045428503132 0.030219723543756443
0 0.4291953636171521 0.6500703249233682 0.015430725329158106 0.02281196083970344
0 0.44076675065034693 0.6394738190954102 0.010511072087456778 0.020015666200827936
0 0.450214193864718 0.6350831528945823 0.010399111153447759 0.017611820046981783
0 0.45792955652929695 0.645311787859346 0.010399111153447759 0.017611820046981783
0 0.426844184002963 0.599589555692599 0.012914918241302932 0.020211890443342612
0 0.4105507323262565 0.6383208528960744 0.012914918241302932 0.020211890443342477
0 0.41946801806775846 0.6484513757395807 0.012914918241302932 0.020211890443342612
0 0.38732233059568644 0.6317715216615022 0.013026879175311952 0.02261573659718863
0 0.39727359801309814 0.638198163152982 0.01794653241701328 0.025412031236064274
0 0.38654191798497095 0.6668235151347861 0.018170454285031185 0.030219723543756443
0 0.372118841061894 0.6680008605898742 0.020686261372886358 0.03281979394011741
0 0.3758069240294963 0.6435699505663833 0.015430725329158106 0.02281196083970344
0 0.36781165902989466 0.6273317002170041 0.012914918241302932 0.020211890443342612
0 0.3746873146894061 0.6195314890279218 0.012802957307293913 0.017808044289496457
0 0.3829328348268541 0.6152389349483511 0.010511072087456778 0.020015666200827936
0 0.34925265540317957 0.6433245710801985 0.020686261372886497 0.03281979394011741
0 0.34469521823333366 0.6231862151362783 0.015430725329158106 0.02281196083970344
0 0.3600962963653156 0.6171030652522405 0.017834571483004262 0.023008185082217983
0 0.3385439947175332 0.5947325097751537 0.012690996373284892 0.015404198135650304
0 0.32826015842544215 0.6329732463723423 0.018170454285031185 0.030219723543756443
0 0.32730849048636557 0.61254055406465 0.017946532417013144 0.025412031236064274
0 0.3096155271345464 0.6212237743450485 0.01772261054899524 0.020604338928371827
0 0.31970508875579556 0.6047157652537325 0.013026879175311952 0.022615736597188765
0 0.3237850349924293 0.5886983167687032 0.015430725329158106 0.02281196083970344
0 0.4914451084793057 0.6654992990469364 0.012914918241302932 0.020211890443342612
0 0.5078241878201927 0.6545103447339492 0.010399111153447759 0.017611820046981783
0 0.19515293249183158 0.6245348104798799 0.02823368263645188 0.0406200051291999
0 0.1800580899647006 0.611289079011891 0.023314029394750555 0.03782371049032426
0 0.1886098457069996 0.5876676435802939 0.018058493351022165 0.027815877389910357
0 0.19591346153846154 0.5649038461538461 0.01201923076923077 0.014423076923076924
0 0.1814903846153846 0.5612980769230769 0.016826923076923076 0.007211538461538462
0 0.6177063259505808 0.7082783659420463 0.015542686263167127 0.025215806993549597
0 0.6309274797967347 0.7071991326082157 0.015542686263167127 0.025215806993549597
0 0.7178018241372233 0.7940789037272075 0.07692970477777211 0.10925211189082464
0 0.8036158535319738 0.8232687475468864 0.06161094038262313 0.08884399720496748
0 0.7640313918029976 0.7504909573384525 0.0589831723607589 0.0838400806547605
0 0.7288364258428538 0.6942457538431697 0.0513237901631844 0.07363602331183185
0 0.6778846153846154 0.7259615384615384 0.038461538461538464 0.07211538461538461
0 0.7188555112282662 0.661278692538125 0.04103663994374573 0.05842804941869622
0 0.7008529983442483 0.6374118776203429 0.038856715657917595 0.06303951748387385
0 0.7415865384615384 0.5697115384615384 0.026442307692307692 0.02403846153846154
0 0.7701990068065837 0.5979694163123142 0.028121721702442863 0.03821615897535368
0 0.8056705611744026 0.6083453186420053 0.030749489724307057 0.04322007552556066
0 0.8355243634266375 0.6276252431164445 0.0283456435704609 0.043023851283045984
0 0.8556508201294789 0.6452862184070965 0.03326529681216223 0.04582014592192142
0 0.8751614916952707 0.6497260398515945 0.023314029394750555 0.037823710490324396
0 0.8960156944691705 0.6830120151422463 0.033489218680180205 0.05062783822961373
0 0.925253711584356 0.6890707857705318 0.030861450658316077 0.04562392167940688
0 0.9819711538461539 0.75 0.036057692307692304 0.0673076923076923
0 0.9951923076923077 0.7127403846153846 0.009615384615384616 0.04567307692307692
0 0.9688884723527896 0.7192907076803713 0.03326529681216223 0.04582014592192142
0 0.974084714002166 0.6754328041835964 0.025605914614587826 0.03561608857899291
0 0.9557759655132974 0.6708948706178413 0.023090107526732514 0.03301601818263195
0 0.7632211538461539 0.5685096153846154 0.026442307692307692 0.021634615384615384
0 0.7908259737851181 0.5745687827450667 0.023090107526732514 0.033016018182632084
0 0.82143385537824 0.5841352104828641 0.018170454285031185 0.030219723543756512
0 0.8112980769230769 0.5733173076923077 0.021634615384615384 0.03125
0 0.828125 0.5685096153846154 0.016826923076923076 0.021634615384615384
0 0.8546958382630547 0.5729746095491971 0.018170454285031185 0.03021972354375658
0 0.8787079665316877 0.5963508638606924 0.020574300438877337 0.030415947786271255
0 0.8662968724934255 0.5889185235348042 0.017834571483004123 0.023008185082218118
0 0.9227905710361577 0.6361861703859165 0.023090107526732514 0.03301601818263195
0 0.9106297321357418 0.6082230256310786 0.015430725329158039 0.022811960839703375
0 0.9551865136460762 0.6323352200350454 0.017834571483004123 0.023008185082218118
0 0.9645219959264383 0.6255407076803713 0.020574300438877476 0.03041594778627119
0 0.9714536320529542 0.6189424195682119 0.015430725329158106 0.02281196083970344
0 0.952864981229063 0.6083948706178411 0.01794653241701328 0.025412031236064274
0 0.9355638811462754 0.6254915524367012 0.020462339504868386 0.028012101632425034
0 0.9251911032626563 0.5841110295931948 0.02023841763685028 0.023204409324732726
0 0.904287547876447 0.6533809643260338 0.02823368263645188 0.0406200051291999
0 0.889192705349316 0.6401352328580449 0.023314029394750555 0.03782371049032426
0 0.8977444610916151 0.6165137974264477 0.018058493351022165 0.027815877389910357
0 0.9062402363669094 0.5916904389179275 0.013026879175311885 0.022615736597188765
0 0.891313335240792 0.5820504766807079 0.017946532417013213 0.025412031236064274