0 0.06971153846153846 0.08052884615384616 0.13942307692307693 0.16105769230769232
0 0.47836538461538464 0.18389423076923078 0.08173076923076923 0.17548076923076922
1 0.7548076923076923 0.14182692307692307 0.2692307692307692 0.28365384615384615
1 0.25841346153846156 0.5012019230769231 0.17548076923076922 0.18509615384615385
1 0.34375 0.5144230769230769 0.12980769230769232 0.21153846153846154
0 0.5264423076923077 0.7908653846153846 0.014423076923076924 0.07211538461538461
0 0.5660069291311882 0.8404875341071982 0.057759321024908224 0.07340959101624324
0 0.5763534635959728 0.8134316298807616 0.04747156321775902 0.06312183320909416
0 0.7728365384615384 0.9507211538461539 0.09375 0.0985576923076923
0 0.7467073872395376 0.8990197483227718 0.06547513938027003 0.08112540937160517
0 0.9136066016339041 0.9131060786835263 0.06307129322642388 0.0809573160736642
0 0.9451340115721509 0.9285964920518855 0.07710764357094828 0.11064393640952347
0 0.9636918476447158 0.7668411565610935 0.03718380541060995 0.052834075401945096