0 0.015625 0.41466346153846156 0.03125 0.05048076923076923
0 0.12860576923076922 0.4050480769230769 0.055288461538461536 0.06971153846153846
0 0.0948578451797873 0.3300778181782838 0.035542355198172886 0.06588307306571924
0 0.19151416661636145 0.3512835161502552 0.037946201352019045 0.0659530178451388
0 0.22317097346608708 0.2951207448690498 0.03285872992664875 0.05619774367091519
0 0.24995375631936542 0.3651948690544773 0.037946201352019045 0.0659530178451388
0 0.31971153846153844 0.39903846153846156 0.0625 0.08173076923076923
0 0.33022493391845187 0.3304347682567104 0.03073466289048058 0.06574318350688038
0 0.356317517713662 0.3416846064523265 0.03759647745492149 0.05393378707590803
0 0.3939139951685835 0.2877508193764185 0.030524828552222025 0.05853164504534192
0 0.43905887315534964 0.1807575549673463 0.03024504943454404 0.04891626042995716
0 0.4981223302276667 0.3795901997691734 0.05575235134081534 0.10009647745492149
0 0.5420673076923077 0.29086538461538464 0.01201923076923077 0.08173076923076923
0 0.11288105568817103 0.7528749621375289 0.07533284446868205 0.11267526645950837
0 0.16313912875389033 0.7177872480055828 0.05780647359756387 0.08814719146511016
0 0.20823978561481973 0.6948586542017066 0.05264905739277402 0.07598807113704052
0 0.2317757718705533 0.6701557172587596 0.047701475526242716 0.07104048927050909
0 0.9266826923076923 0.7788461538461539 0.1466346153846154 0.1778846153846154
0 0.8218593065964915 0.6078249435618459 0.06982570436679471 0.08849691536220784
0 0.6806269141446342 0.5915189932399046 0.09194993320734664 0.10595334145390659
0 0.5697115384615384 0.65625 0.04326923076923077 0.14423076923076922
0 0.5552884615384616 0.5829326923076923 0.014423076923076924 0.09375
0 0.5612980769230769 0.49278846153846156 0.026442307692307692 0.057692307692307696
0 0.5832104488705725 0.5138928554319683 0.047071972511467115 0.04940587388589371
0 0.578125 0.45072115384615385 0.03125 0.021634615384615384
0 0.6279485200076128 0.4621530801716478 0.032439061250131636 0.041774666747838266
0 0.6730769230769231 0.4543269230769231 0.02403846153846154 0.028846153846153848
0 0.685876385691762 0.5349236914553909 0.042614004100872356 0.061285215096285484
0 0.7520392378751592 0.48976595164183323 0.04501785025471851 0.06135515987570505
0 0.7728365384615384 0.46875 0.036057692307692304 0.057692307692307696
0 0.8149038461538461 0.4495192307692308 0.03365384615384615 0.019230769230769232
0 0.8342246481721554 0.47176282914157 0.03738664311666294 0.04672224861436957
0 0.8774038461538461 0.4639423076923077 0.03365384615384615 0.04807692307692308
0 0.9519230769230769 0.453125 0.028846153846153848 0.026442307692307692
0 0.9177997053214146 0.48854553109265636 0.04007026838818721 0.05640757800917361