0 0.01201923076923077 0.22355769230769232 0.02403846153846154 0.125
0 0.057692307692307696 0.18471612726808212 0.06971153846153846 0.0958134722151236
0 0.08052884615384616 0.10805455914757217 0.052884615384615384 0.08031207706505392
0 0.33653846153846156 0.09922001612857628 0.06490384615384616 0.1051207659085102
0 0.9771634615384616 0.49038461538461536 0.04567307692307692 0.10096153846153846
0 0.875 0.4698154213873999 0.07211538461538461 0.10317905613766107
0 0.7932692307692307 0.4489528757134354 0.07451923076923077 0.10814079390635224
0 0.71875 0.40451400488400624 0.06009615384615385 0.0927934442172817
0 0.6358173076923077 0.4280455903256961 0.06971153846153846 0.1054288568305082
0 0.5492788461538461 0.40625 0.040865384615384616 0.11057692307692307
0 0.5973557692307693 0.2777443244881743 0.06009615384615385 0.09519729037112772
0 0.6682692307692307 0.2810867425107204 0.0625 0.09535133583212672
0 0.7644230769230769 0.3028735609506787 0.0625 0.09775518198597287
0 0.8365384615384616 0.2990814632421858 0.0625 0.09294748967828056
0 0.8966346153846154 0.33538452284408277 0.0673076923076923 0.10287096521566305
0 0.9627403846153846 0.3588515422523233 0.0625 0.09054364352443428
0 0.8834134615384616 0.25160458050089624 0.06009615384615385 0.09519729037112772
0 0.9891826923076923 0.26322115384615385 0.021634615384615384 0.11778846153846154
0 0.7740384615384616 0.22897051202544375 0.07211538461538461 0.09115982536843023
0 0.7127403846153846 0.21783081430843187 0.06971153846153846 0.0958134722151236
0 0.6334134615384616 0.19712231409546638 0.06971153846153846 0.09821731836896976
0 0.5456730769230769 0.18509615384615385 0.03365384615384615 0.09615384615384616
0 0.07451923076923077 0.9759615384615384 0.0625 0.04807692307692308
0 0.14423076923076922 0.9656294381406718 0.04567307692307692 0.0630230176051341
0 0.7091346153846154 0.9375 0.125 0.125
0 0.8125 0.9350961538461539 0.08653846153846154 0.12980769230769232
0 0.9014423076923077 0.9663461538461539 0.08173076923076923 0.0673076923076923