0 0.19471153846153846 0.0889423076923077 0.16346153846153846 0.1778846153846154
0 0.33052884615384615 0.0829326923076923 0.13701923076923078 0.1658653846153846
0 0.4567307692307692 0.08774038461538461 0.16826923076923078 0.17548076923076922
0 0.5901442307692307 0.11538461538461539 0.0985576923076923 0.23076923076923078
0 0.6430288461538461 0.5432692307692307 0.007211538461538462 0.04807692307692308
0 0.6528162687900666 0.533110027319368 0.022054184620279544 0.03618355881802552
0 0.7083836010869902 0.4541117556860926 0.024486002056503316 0.038601390139686456
0 0.7536057692307693 0.5516826923076923 0.03125 0.036057692307692304
0 0.7331730769230769 0.5480769230769231 0.03365384615384615 0.04326923076923077
0 0.7848557692307693 0.5516826923076923 0.021634615384615384 0.036057692307692304
0 0.796875 0.5492788461538461 0.026442307692307692 0.040865384615384616
0 0.8461538461538461 0.5576923076923077 0.028846153846153848 0.02403846153846154
0 0.8185096153846154 0.5564903846153846 0.026442307692307692 0.026442307692307692
0 0.8774038461538461 0.5600961538461539 0.03365384615384615 0.019230769230769232
0 0.8942307692307693 0.5552884615384616 0.02403846153846154 0.028846153846153848
0 0.984375 0.5588942307692307 0.03125 0.021634615384615384
0 0.18990384615384615 0.6177884615384616 0.13942307692307693 0.09615384615384616
0 0.4567307692307692 0.6370192307692307 0.125 0.1346153846153846
0 0.5841346153846154 0.6838942307692307 0.11057692307692307 0.2283653846153846
0 0.890625 0.5805288461538461 0.036057692307692304 0.021634615384615384
0 0.9086538461538461 0.5769230769230769 0.03365384615384615 0.014423076923076924
0 0.9807692307692307 0.5949519230769231 0.038461538461538464 0.05048076923076923
0 0.9349473641849613 0.672827594121705 0.06093529231748217 0.07246501381075454