0 0.0337073482743448 0.2866361022762014 0.0445280094900157 0.07514106397832493
0 0.043478403468145944 0.4337749975546403 0.06645633990948091 0.09348082673671818
0 0.11871094217915482 0.4798512744061999 0.05932872002932809 0.09778423915058714
0 0.24614793456270226 0.3531110048027133 0.03963639860093775 0.0699971850747504
0 0.3675631449772794 0.3628016394256634 0.04697381493455474 0.07771300343011234
0 0.45552884615384615 0.10576923076923077 0.03125 0.20192307692307693
0 0.5055447096636311 0.13490814797068185 0.08234799200680694 0.17862400190898037
0 0.81660592719572 0.21188064494354922 0.09934275224650144 0.18941603960995293
0 0.921875 0.12740384615384615 0.15625 0.2548076923076923
0 0.6437746765707766 0.28262657315050954 0.04225004120824794 0.08218450914192228
0 0.6994407717254736 0.30812733438777096 0.05688291458478918 0.09521229969879987
0 0.8653846153846154 0.7199519230769231 0.12980769230769232 0.16105769230769232