0 0.18667727916437526 0.21954713878199536 0.22557155647302302 0.35265871063986043
0 0.3004807692307692 0.027644230769230768 0.08653846153846154 0.055288461538461536
0 0.4230769230769231 0.09134615384615384 0.23557692307692307 0.18269230769230768
0 0.5588942307692307 0.020432692307692308 0.08413461538461539 0.040865384615384616
0 0.7548076923076923 0.19110576923076922 0.03365384615384615 0.18028846153846154
0 0.8932961670526262 0.16128082049167364 0.07773421665633534 0.1416613098645012
0 0.8725961538461539 0.1141826923076923 0.2548076923076923 0.2283653846153846
0 0.021634615384615384 0.734375 0.04326923076923077 0.15625
0 0.07091346153846154 0.8581730769230769 0.14182692307692307 0.19230769230769232
0 0.08210917011691815 0.6802904840932593 0.08484785894317003 0.12504422112583669
0 0.10709782171163641 0.6377556735079335 0.06549122320206771 0.1028500475058652
0 0.20082684395991424 0.6368777506745252 0.06788108418809895 0.10051614613143861
0 0.27708642676693773 0.7316290881493166 0.10665029634156298 0.15451987798676606
0 0.42172276586433605 0.8055373133760256 0.1549509821035229 0.19438031203669473
0 0.36675516183046536 0.652521248146779 0.08483387377535524 0.12264037497199053
0 0.3074064131072538 0.5726826010510011 0.06297549570570314 0.08354933349567648
0 0.3880681183553404 0.5978622896230931 0.08477793310409582 0.11302499035660592
0 0.4396529144883292 0.5825391793036895 0.06061360505530134 0.09069092717779544
0 0.5085611071556664 0.6530422209017608 0.11632162162820674 0.16441504171982874
0 0.6009133917293361 0.6220812487555658 0.07765030564944635 0.12723823294142428
0 0.6268871962998481 0.5423217951753343 0.0678251435168398 0.09090076151605392
0 0.6223382295967295 0.586653059462649 0.06783912868465446 0.09330460766990015
0 0.7853328676467712 0.935212342306208 0.041187043475124835 0.05647752278859331