0 0.020432692307692308 0.07451923076923077 0.040865384615384616 0.08653846153846154
0 0.1061699262026179 0.23757939596286415 0.13506700549380363 0.22747198770992924
0 0.10714603884033148 0.12464058365566134 0.059650562602030006 0.08480592616167798
0 0.1931529740461542 0.10281101135971671 0.04992327770608977 0.0798863487244752
0 0.28279365355288494 0.08222531906426159 0.05221522357938058 0.07510662769916052
0 0.26275562704428457 0.2538206062404855 0.09939895428995736 0.14054192821818118
0 0.33872654664359014 0.16218159599468082 0.06222225917670944 0.09204543590559407
0 0.4544178828606841 0.1250766647284563 0.06484990589166682 0.1016887918033563
0 0.2753373740334408 0.4330050441903455 0.13473130465213692 0.21304891078685217
0 0.5180288461538461 0.3449519230769231 0.07932692307692307 0.19951923076923078
0 0.5264423076923077 0.1971153846153846 0.0625 0.11057692307692307
0 0.7018791860513893 0.3647709313029361 0.28819183715064145 0.5080243897811173
0 0.9119329589943914 0.20019306774223544 0.055794022679060015 0.12561536821230737
0 0.20950733574786362 0.8494980985285984 0.1365196992629276 0.18663457437692224
0 0.3713942307692308 0.8701923076923077 0.21394230769230768 0.25961538461538464
0 0.38461538461538464 0.7235576923076923 0.1346153846153846 0.16826923076923078