0 0.09765883780451243 0.118478987979476 0.060579631562230125 0.10482768431418449
0 0.12436332759342655 0.15732725301956704 0.07866635702576484 0.13004279893823395
0 0.16263078488733124 0.13549103767071027 0.052612211668724686 0.08990032749728415
0 0.2048768413183465 0.08343865210083547 0.06500938315393895 0.09795233244852825
0 0.23031641791100704 0.12357288686682015 0.07778449535513669 0.11321587586131088
0 0.24128014908054427 0.21142258812251047 0.08347404933345715 0.13037898553411617
0 0.28357897401160587 0.11266329585057679 0.07006903593895358 0.10309621135210278
0 0.3100996042521704 0.17786982193400497 0.07348072400208903 0.12249507388081327
0 0.35975128031235787 0.14445987905210542 0.07891831750308717 0.13485049124592627
0 0.41787429722069547 0.08650719473792094 0.06411729986402676 0.12663039299674098
0 0.44471153846153844 0.18269230769230768 0.08653846153846154 0.13942307692307693
0 0.46033653846153844 0.2439903846153846 0.055288461538461536 0.12740384615384615
0 0.4651442307692308 0.0673076923076923 0.04567307692307692 0.1201923076923077
0 0.06009615384615385 0.8413461538461539 0.1201923076923077 0.3173076923076923
0 0.08455689298375212 0.7093032686489965 0.0919453901816071 0.1549217269664012
0 0.18045366785063388 0.6846347372264756 0.08587789548730324 0.1305470788320573
0 0.34486005810213105 0.6551755468126326 0.07234690185413857 0.10086045849619787
0 0.4651442307692308 0.6430288461538461 0.04567307692307692 0.12259615384615384
1 0.49759615384615385 0.8317307692307693 0.019230769230769232 0.12980769230769232
1 0.6452455119520917 0.8312946226024261 0.0785403767871036 0.1276389527843878
1 0.6805371012085328 0.7976913164312502 0.04502273249120287 0.08218450914192228
1 0.7364605747499422 0.8045584316219414 0.050208365514878533 0.08973223419934297
1 0.8916925112213688 0.7673581528614014 0.050208365514878533 0.08973223419934297