0 0.03485576923076923 0.10336538461538461 0.06971153846153846 0.1778846153846154
0 0.11426041208582305 0.23008629079214205 0.07036884134883382 0.11541514979629976
0 0.18638978186902252 0.23500846166895079 0.06549122320206759 0.10322803071220481
0 0.3053599900878343 0.442246725383123 0.07036884134883409 0.11541514979629976
0 0.3701923076923077 0.41947115384615385 0.057692307692307696 0.0985576923076923
0 0.4699519230769231 0.4879807692307692 0.14182692307692307 0.16346153846153846
0 0.4362980769230769 0.375 0.07451923076923077 0.13942307692307693
0 0.4074519230769231 0.22115384615384615 0.016826923076923076 0.08653846153846154
0 0.5263530068118103 0.2639843103406635 0.0678251435168398 0.09129274410040612
0 0.5697620892591891 0.2895337667129026 0.0508863390973983 0.07147436576761229
0 0.5606012225977854 0.36732299008317426 0.09915905452372852 0.10680709507010004
0 0.6480479186890592 0.3199061825986762 0.06300346604133257 0.0887210096316958
0 0.6617725385765458 0.4069063370030142 0.11379190896402737 0.14336845232238488
0 0.7395688871328979 0.35314413750417234 0.07509262264963741 0.101159961188087
0 0.7816501799930206 0.35701700641308004 0.06785311385246938 0.09610043640809843
0 0.8112980769230769 0.49038461538461536 0.1466346153846154 0.15865384615384615
0 0.8200907407028368 0.3547543437012242 0.05094227976865758 0.0810897503829969
0 0.7730409261051517 0.3230693557082216 0.05808389239112198 0.0693223520860624
0 0.8777550780595149 0.3519613111719019 0.07992828529295928 0.10613554181064334
0 0.929451755535022 0.3561699567105379 0.06783912868465446 0.09369659025425228
0 0.9255383126123273 0.3031594250897744 0.05804193688767775 0.06211081362452393
0 0.9783653846153846 0.3473557692307692 0.04326923076923077 0.07932692307692307
0 0.9747596153846154 0.4483173076923077 0.05048076923076923 0.12740384615384615
0 0.7886511395821876 0.1145223494256308 0.03393354951014215 0.04925214128097229
0 0.9206730769230769 0.5264423076923077 0.15865384615384615 0.08653846153846154
0 0.4829788872839686 0.9254350185626424 0.05345800726502203 0.10040446377119822
0 0.46845092160228075 0.9069025074642038 0.055889823754497754 0.10529610023632248
0 0.5600961538461539 0.953125 0.08653846153846154 0.09375
0 0.6572787111895371 0.9351267392072379 0.05586185341886818 0.10048840792863031
0 0.7223557692307693 0.9747596153846154 0.07932692307692307 0.05048076923076923
0 0.7896634615384616 0.9507211538461539 0.06009615384615385 0.0985576923076923
0 0.9339299950439173 0.7741492124675668 0.04863632978951507 0.09783272930248789