0 0.15745192307692307 0.640625 0.14543269230769232 0.20793269230769232
0 0.03365384615384615 0.6213942307692307 0.06370192307692307 0.09615384615384616
0 0.051682692307692304 0.4831730769230769 0.03245192307692308 0.046875
0 0.06850961538461539 0.46875 0.027644230769230768 0.05048076923076923
0 0.02403846153846154 0.49038461538461536 0.027644230769230768 0.038461538461538464
0 0.03365384615384615 0.4651442307692308 0.02403846153846154 0.030048076923076924
0 0.09254807692307693 0.47475961538461536 0.026442307692307692 0.037259615384615384
0 0.11298076923076923 0.49278846153846156 0.030048076923076924 0.042067307692307696
0 0.12860576923076922 0.47716346153846156 0.02403846153846154 0.037259615384615384
0 0.17908653846153846 0.4855769230769231 0.027644230769230768 0.03485576923076923
0 0.20192307692307693 0.5240384615384616 0.04567307692307692 0.06129807692307692
0 0.22115384615384615 0.4879807692307692 0.036057692307692304 0.04807692307692308
0 0.2620192307692308 0.515625 0.051682692307692304 0.06490384615384616
0 0.3389423076923077 0.5372596153846154 0.04807692307692308 0.06971153846153846
0 0.3125 0.6237980769230769 0.0625 0.07692307692307693
0 0.4110576923076923 0.5853365384615384 0.06129807692307692 0.09615384615384616
0 0.37740384615384615 0.5204326923076923 0.03125 0.04447115384615385
0 0.3858173076923077 0.5036057692307693 0.027644230769230768 0.051682692307692304
0 0.44350961538461536 0.5564903846153846 0.039663461538461536 0.0733173076923077
0 0.44350961538461536 0.5084134615384616 0.040865384615384616 0.06009615384615385
0 0.5084134615384616 0.53125 0.03485576923076923 0.05048076923076923
0 0.5276442307692307 0.5997596153846154 0.06850961538461539 0.10216346153846154
0 0.5480769230769231 0.7319711538461539 0.11899038461538461 0.13341346153846154
0 0.6201923076923077 0.6370192307692307 0.09375 0.15144230769230768
0 0.5805288461538461 0.5288461538461539 0.039663461538461536 0.06610576923076923
0 0.5072115384615384 0.5072115384615384 0.03125 0.039663461538461536
0 0.6057692307692307 0.4987980769230769 0.030048076923076924 0.052884615384615384
0 0.6586538461538461 0.5420673076923077 0.0673076923076923 0.0985576923076923
0 0.7199519230769231 0.5769230769230769 0.07692307692307693 0.1346153846153846
0 0.6923076923076923 0.49759615384615385 0.03245192307692308 0.038461538461538464
0 0.7608173076923077 0.5084134615384616 0.028846153846153848 0.046875
0 0.7836538461538461 0.4375 0.027644230769230768 0.042067307692307696
0 0.8028846153846154 0.5396634615384616 0.03485576923076923 0.06370192307692307
0 0.8233173076923077 0.5168269230769231 0.027644230769230768 0.05048076923076923
0 0.8485576923076923 0.515625 0.027644230769230768 0.051682692307692304