0 0.02403846153846154 0.33774038461538464 0.04807692307692308 0.13701923076923078
0 0.15080673967117997 0.3803844718576894 0.07602740236249571 0.09936885949664287
0 0.14709166469318655 0.3069692646770601 0.0664120177471111 0.09925697436713253
0 0.17427884615384615 0.44471153846153844 0.13701923076923078 0.08653846153846154
0 0.23076923076923078 0.4326923076923077 0.08173076923076923 0.11057692307692307
0 0.2141074075872434 0.3498477395583184 0.08012574858733036 0.12583913847132833
0 0.2491172222790115 0.3478494769989476 0.05725876951472322 0.10635662769916052
0 0.3401442307692308 0.3545673076923077 0.055288461538461536 0.10817307692307693
0 0.397535817162165 0.1528285703006273 0.03960073791066831 0.0557080307741257
0 0.42165130143112606 0.15190636004748034 0.034639000141976996 0.0532482420555243
0 0.49450647274043685 0.1599710226215358 0.04773654913820052 0.07021502154433534
0 0.5164796196581187 0.13617031698328397 0.03192706306613297 0.048412578465454374
0 0.5421212594343631 0.1677419867306264 0.034484954680977994 0.05084439590167815
0 0.590814364355282 0.15868602776279397 0.02619509799244691 0.033933558977622215
0 0.6071791510492082 0.1660933652009757 0.029369171451287812 0.045980761029230606
0 0.6575524569384092 0.18712744007978654 0.034330909219979125 0.048440549747832
0 0.6817145233268013 0.2042480616216745 0.05571831490473373 0.08231816616069897
0 0.729929350356361 0.16511605444838745 0.027427461680438532 0.05316432820839158
0 0.7935542507027846 0.16705921650831712 0.03990882883266632 0.060515723081818004
0 0.8203512314365212 0.18060204010181352 0.03673475537382514 0.04846852103020948
0 0.8391968870147929 0.18683542574544973 0.047428458216202514 0.06540732923664304
0 0.8578884971320659 0.19547265754293217 0.031618972144134824 0.04360488615776207
0 0.9185399516000784 0.22504606473090377 0.06866181843995825 0.096881099495664
0 0.9574940670556823 0.199037311915449 0.048352730982196265 0.07983040615971995
0 0.9770795093278803 0.21249622166181253 0.032389199449129845 0.05562411692699284
0 0.013221153846153846 0.7824519230769231 0.026442307692307692 0.04567307692307692
0 0.028916247096571573 0.7876414380232833 0.034639000141976996 0.0532482420555243
0 0.08614641840588239 0.7955242872618844 0.04440843021836061 0.05576397333888094
0 0.14624257225203616 0.7962235693213244 0.03883051060567329 0.04368880000489493
0 0.14274242395717898 0.6819150062429329 0.03177301760513383 0.04600873231160822
0 0.2062331051622781 0.9111894575355899 0.09183688843456313 0.12117130257552397
0 0.32337494424567537 0.9414201898594352 0.06998734636681164 0.0800821477011184
0 0.28173748991963987 0.8591439806223027 0.05750597921458386 0.07273075282769198
0 0.30908792886957887 0.8077410011383864 0.047428458216202514 0.06540732923664304
0 0.33878133275122696 0.7948555026807639 0.04200458406451446 0.055736002056503184
0 0.4567307692307692 0.5228365384615384 0.08653846153846154 0.06971153846153846
0 0.5805288461538461 0.515625 0.0985576923076923 0.055288461538461536
0 0.7932692307692307 0.5685096153846154 0.14423076923076922 0.16105769230769232
0 0.9795673076923077 0.734375 0.040865384615384616 0.24759615384615385