0 0.008413461538461538 0.22355769230769232 0.016826923076923076 0.10096153846153846
0 0.1172251999407791 0.22523477647789397 0.07603335361196255 0.09825218953643144
0 0.2512528892066771 0.2147286072023096 0.0770128458611071 0.12229065107489298
0 0.3449519230769231 0.14182692307692307 0.09375 0.1875
0 0.47868366604193224 0.09893154932250617 0.13725183340119046 0.18646932578096115
0 0.7258349582325289 0.1541428399002192 0.1381333764254203 0.20810394116557654
0 0.8207031940321607 0.30216348904643336 0.18694082854575975 0.2863559688976241
0 0.8473557692307693 0.03245192307692308 0.1658653846153846 0.06490384615384616
0 0.21634615384615385 0.7848557692307693 0.16346153846153846 0.43028846153846156
0 0.53125 0.5901442307692307 0.14423076923076922 0.18028846153846154
0 0.9109311120786827 0.7237844335823381 0.16481646703657196 0.2737072351136178
0 0.7981503314411845 0.6664804352675022 0.19091186229823703 0.3248874521385821
0 0.35096153846153844 0.5348557692307693 0.10576923076923077 0.06971153846153846
0 0.3701923076923077 0.8233173076923077 0.14423076923076922 0.3293269230769231