0 0.06469246592632535 0.05425778731942277 0.048566403950440935 0.08553351097300557
0 0.09914965787437288 0.12378160200562102 0.060641575390930916 0.09549861948548774
0 0.15427029739905684 0.15423648577842355 0.06789506935591373 0.10291999228528462
0 0.18352901369574723 0.08416236159299616 0.04859437428607057 0.09034120328069789
0 0.27974579310476 0.0761428450774688 0.04368878580367463 0.07337439064493569
0 0.2524573827596571 0.22080614481154656 0.08495974028568845 0.1442749903566059
0 0.328125 0.0625 0.021634615384615384 0.07211538461538461
1 0.43509615384615385 0.026442307692307692 0.07692307692307693 0.052884615384615384
1 0.5241059833120872 0.2837700346139002 0.07027094517413032 0.09818224475701189
1 0.632258082483442 0.2905233189185474 0.06558911937677109 0.11967697058278841
1 0.7524038461538461 0.026442307692307692 0.04807692307692308 0.052884615384615384
1 0.7463219008647085 0.31427838824866644 0.07766429081726127 0.12964207909527056
1 0.548438934729809 0.027222971556847157 0.024304179726942612 0.04637252471727202
1 0.6168926094431652 0.03883178238568778 0.033947534677956796 0.05145999614264231
1 0.8306810802895102 0.07149917544633179 0.046162557796594846 0.08546356619358601
1 0.04326923076923077 0.625 0.08653846153846154 0.23557692307692307
1 0.14727633039379712 0.7160704198380716 0.12880236293532585 0.24409168869384942
0 0.39575974104104117 0.6459500519720097 0.046204513300039204 0.09267510465512448
0 0.48949575587322636 0.6510817445232167 0.05581989791542382 0.0929548837728026
0 0.5674669190272635 0.6797972575466584 0.053360111090318386 0.08326955437799842
0 0.6455080080203749 0.6964935398008694 0.0461765429644095 0.08786741234743217
0 0.7259249728317025 0.7180674591421922 0.05337409625813331 0.0856734005318447
0 0.795741400051852 0.7020670115915119 0.05101220560773138 0.09281499421396361
0 0.8716303759117834 0.6754241182970725 0.051054161111175875 0.10002653267550207
0 0.9639896530693607 0.7105689153816466 0.058293669908343906 0.10504405932145279