0 0.2536057692307692 0.3641826923076923 0.17067307692307693 0.15144230769230768
0 0.42103099463327526 0.2760013998920988 0.09679862620325444 0.12829583590311536
0 0.30455191951330485 0.2888858646108422 0.08262275898003829 0.09387176244427418
0 0.3434774367634963 0.20519724410086143 0.07346951074765055 0.1004671190618169
0 0.4699519230769231 0.21153846153846154 0.07932692307692307 0.1201923076923077
0 0.4296935082772537 0.14967587196524532 0.05673575190958925 0.06348515398813084
0 0.13537455748644273 0.22657403549422206 0.04185053860351546 0.05534934276059863
0 0.21479464480222757 0.19575388886049425 0.05975577990743129 0.07325458406451446
0 0.015625 0.23798076923076922 0.03125 0.0673076923076923
1 0.7734453506829099 0.3770971574949617 0.07152780097680114 0.10752461206235636
1 0.5168269230769231 0.38461538461538464 0.014423076923076924 0.09615384615384616
1 0.5565438962148973 0.3919251743902106 0.06114218905642178 0.09488919944912985
1 0.609375 0.4050480769230769 0.06009615384615385 0.06971153846153846
1 0.53125 0.39903846153846156 0.04326923076923077 0.08173076923076923
1 0.6875 0.4026442307692308 0.0625 0.07451923076923077
1 0.6514423076923077 0.41466346153846156 0.057692307692307696 0.05048076923076923
1 0.7427884615384616 0.40024038461538464 0.057692307692307696 0.07932692307692307
1 0.8317307692307693 0.39663461538461536 0.07211538461538461 0.08653846153846154
1 0.8307221041116516 0.35563088667405146 0.05750597921458414 0.07550438475736161
1 0.9143641425022015 0.3346571928472067 0.06850777297895924 0.09775518198597287
1 0.21033653846153846 0.5504807692307693 0.3004807692307692 0.22115384615384615
0 0.5577278353778019 0.5656883725615471 0.06456347221512357 0.07356267498651234
0 0.5874821204815871 0.619065564940228 0.07781506667234599 0.09356367152227645
0 0.6032468668398798 0.5662113901666811 0.04410033929636267 0.05309954206775148
0 0.6562693861771318 0.6091098063861208 0.1040101646647929 0.1287579722861121
0 0.6735907286537764 0.5431885232274191 0.06487156313712147 0.07837036729420464
0 0.7048245871454141 0.5822966841440219 0.05463999667774097 0.06813880083482414
0 0.7408356973336756 0.6025591894823529 0.06742945475196663 0.08092825890904994
0 0.7278008719652452 0.529904645753472 0.05192805960189695 0.06317706306613297
0 0.7647989785472937 0.5095328346679169 0.046658230911207764 0.05565743368259664
0 0.8199458513218064 0.6602962368884354 0.09106666112956838 0.11356466805804043
0 0.8494261709259745 0.5412897107646883 0.06277580790527318 0.08302401414089808
0 0.8708763002385224 0.5211185272595631 0.049832304370048666 0.06783070991282641
0 0.8779176517306996 0.5562823874123303 0.04169649314251645 0.052945496606752476
0 0.9038350994122172 0.6058227423687434 0.07991082190419427 0.08891002467558315
0 0.9266826923076923 0.8737980769230769 0.1466346153846154 0.23317307692307693
0 0.9687550870744257 0.5728763998920988 0.048908031604054915 0.05340763298974935
0 0.9433767985064043 0.5317495064741472 0.049062077065053916 0.05581147914359551