0 0.029904852249932726 0.19663790892113886 0.053723753855943635 0.07427026756350258
0 0.16957882864909407 0.2726386484944129 0.0782377271948245 0.1161151444280316
0 0.21444158044853445 0.23717274167964947 0.05875521642265669 0.09369693524410067
0 0.40676325839741556 0.22813488060957046 0.048999975395384116 0.08128590757521205
0 0.45913461538461536 0.14543269230769232 0.019230769230769232 0.12740384615384615
0 0.4807692307692308 0.9783653846153846 0.02403846153846154 0.04326923076923077
0 0.5392396819762273 0.9578245712785969 0.05621151385692258 0.08157975524995546
0 0.6033653846153846 0.9699519230769231 0.052884615384615384 0.06009615384615385
0 0.6526442307692307 0.984375 0.06009615384615385 0.03125
0 0.6850961538461539 0.9819711538461539 0.04807692307692308 0.036057692307692304
0 0.7524038461538461 0.984375 0.057692307692307696 0.03125
0 0.8429354645497932 0.8757714304778379 0.03421327180139828 0.04944821222572534
0 0.9495192307692307 0.9879807692307693 0.052884615384615384 0.02403846153846154