0 0.06129807692307692 0.11899038461538461 0.12259615384615384 0.23798076923076922
0 0.43509615384615385 0.265625 0.14903846153846154 0.28125
0 0.4062282208931284 0.09760541896066097 0.0727447171670504 0.10943185564386185
0 0.47495460637887305 0.059149963791299914 0.055889823754498025 0.10433044830131973
0 0.6201923076923077 0.4735576923076923 0.057692307692307696 0.09134615384615384
0 0.87387259128061 0.39668055195322033 0.06553317870551194 0.10930597777178332
0 0.052884615384615384 0.8581730769230769 0.10576923076923077 0.2403846153846154
0 0.03365384615384615 0.6490384615384616 0.0673076923076923 0.16346153846153846
0 0.15504807692307693 0.5552884615384616 0.04567307692307692 0.07211538461538461
0 0.223828800369782 0.5907140347169472 0.05813983306238119 0.07793009989970492
0 0.2765875492440642 0.6114255457063202 0.05577794241197939 0.0850996790705505
0 0.264771103408148 0.5767795729290153 0.038783197321278814 0.05595981018954683
0 0.32467845748880203 0.6081825137386174 0.04852444844699651 0.07776226273693364
0 0.34162425449215095 0.5874561063960754 0.03883913799253796 0.06557519480493144
0 0.3747466642690348 0.6782148301725297 0.06789506935591373 0.10213639860093775
0 0.40972130742622986 0.6571737281497912 0.0461066171253357 0.07531645729239446
0 0.42199926380003433 0.6124927778501732 0.05327620008342967 0.06823079670293453
0 0.4855769230769231 0.6598557692307693 0.04807692307692308 0.09375
0 0.49038461538461536 0.6213942307692307 0.038461538461538464 0.07451923076923077
0 0.5516826923076923 0.9807692307692307 0.08413461538461539 0.038461538461538464
0 0.5723305520062151 0.8277297402617813 0.06789506935591373 0.10213639860093775
0 0.6727676466746987 0.9161116808219132 0.0678670990202843 0.09732870629324544
0 0.8920980311390128 0.8125337699842502 0.06062759022311599 0.0923951361134746