0 0.23677884615384615 0.5024038461538461 0.07451923076923077 0.03365384615384615
0 0.4483173076923077 0.49278846153846156 0.10336538461538461 0.052884615384615384
0 0.5625 0.47475961538461536 0.08653846153846154 0.0889423076923077
0 0.7019230769230769 0.48677884615384615 0.09615384615384616 0.06490384615384616
0 0.7379807692307693 0.4855769230769231 0.07211538461538461 0.0673076923076923
0 0.009120567532916969 0.6992724497399608 0.018155873885893705 0.04694814490944802
0 0.022236804209941605 0.6966685196413404 0.023173400531844707 0.054523988509949516
0 0.07573806078254108 0.7630847998851942 0.04069977140296288 0.07983751803478228
0 0.07306729733780838 0.7125129543696841 0.025507301906271297 0.05230229492558509
0 0.044186171101944755 0.7091252004589822 0.02310345575242514 0.0521201423561035
0 0.10445718689664737 0.7196886300806369 0.030524828552222025 0.05987813852608671
0 0.11952262866129128 0.7016418525514978 0.02289362141416645 0.0449086038945649
0 0.17037523235207638 0.7594625186874088 0.045437518931235626 0.07779797701989931
0 0.22417837860527234 0.8774704149542141 0.13150486448601428 0.2330296259207342
0 0.3545673076923077 0.7439903846153846 0.026442307692307692 0.07451923076923077
0 0.3166729856663857 0.7177802863259102 0.04028010272644577 0.0654144411117051
0 0.28446586931743095 0.7237346881763705 0.02770131372185876 0.04527290903352821
0 0.25013468593230787 0.7391223220727338 0.040140213167606915 0.06060674880401278
0 0.215886309153396 0.7161394937922995 0.04014021316760664 0.06060674880401278
0 0.5432692307692307 0.5552884615384616 0.08173076923076923 0.07211538461538461
0 0.5548893128889962 0.8991201228975692 0.1229643752155052 0.18681009128921253
0 0.7199519230769231 0.8942307692307693 0.18990384615384615 0.21153846153846154
0 0.7177949062058431 0.7687508803226925 0.12240481698014924 0.16757932205844328
0 0.9747596153846154 0.9254807692307693 0.05048076923076923 0.14903846153846154