0 0.2512019230769231 0.2704326923076923 0.12980769230769232 0.22115384615384615
0 0.6262019230769231 0.4074519230769231 0.1502403846153846 0.265625
0 0.8329326923076923 0.49158653846153844 0.2091346153846154 0.30288461538461536
0 0.9326923076923077 0.6165865384615384 0.12860576923076922 0.4014423076923077
0 0.9038461538461539 0.23918269230769232 0.14182692307692307 0.24879807692307693
0 0.9254807692307693 0.078125 0.06850961538461539 0.125
0 0.8305288461538461 0.10216346153846154 0.0829326923076923 0.13822115384615385
0 0.7752403846153846 0.06850961538461539 0.05889423076923077 0.10817307692307693
0 0.7271634615384616 0.11538461538461539 0.07211538461538461 0.11778846153846154
0 0.6586538461538461 0.06850961538461539 0.05889423076923077 0.09375
0 0.6237980769230769 0.05889423076923077 0.055288461538461536 0.10817307692307693
0 0.46153846153846156 0.140625 0.06610576923076923 0.10817307692307693
0 0.5144230769230769 0.3557692307692308 0.171875 0.3173076923076923
0 0.3545673076923077 0.11057692307692307 0.06129807692307692 0.09375
0 0.4387019230769231 0.056490384615384616 0.05889423076923077 0.07091346153846154
0 0.29086538461538464 0.09134615384615384 0.051682692307692304 0.09375
0 0.22235576923076922 0.14783653846153846 0.08173076923076923 0.13581730769230768
0 0.06971153846153846 0.21634615384615385 0.10216346153846154 0.12259615384615384
0 0.07451923076923077 0.5336538461538461 0.140625 0.32211538461538464
0 0.20793269230769232 0.04567307692307692 0.05889423076923077 0.07692307692307693
0 0.15985576923076922 0.052884615384615384 0.046875 0.08653846153846154