0 0.051682692307692304 0.24879807692307693 0.10336538461538461 0.27163461538461536
0 0.22691188155798978 0.1381162881389426 0.13308495165110437 0.22149155687361122
0 0.4466199013629662 0.0950748776870197 0.08684058150160358 0.14361732756581203
0 0.5036315991885444 0.15779968318718002 0.12469676010397798 0.20449678337585478
0 0.5733173076923077 0.23557692307692307 0.11298076923076923 0.28365384615384615
0 0.7319711538461539 0.04807692307692308 0.17067307692307693 0.09615384615384616
0 0.36899038461538464 0.5588942307692307 0.11298076923076923 0.07932692307692307
0 0.5360576923076923 0.640625 0.15384615384615385 0.24278846153846154
0 0.7789824203771144 0.9265518614084406 0.013027790556877451 0.014702827624465824
0 0.9915865384615384 0.9603365384615384 0.016826923076923076 0.03125
0 0.9447115384615384 0.9951923076923077 0.02403846153846154 0.009615384615384616
0 0.875 0.9879807692307693 0.028846153846153848 0.02403846153846154
0 0.8461538461538461 0.9963942307692307 0.02403846153846154 0.007211538461538462
0 0.7295673076923077 0.9915865384615384 0.03125 0.016826923076923076
0 0.7487980769230769 0.9879807692307693 0.026442307692307692 0.02403846153846154
0 0.7788461538461539 0.9891826923076923 0.019230769230769232 0.021634615384615384
0 0.7908653846153846 0.9879807692307693 0.019230769230769232 0.02403846153846154
0 0.6694711538461539 0.9903846153846154 0.026442307692307692 0.019230769230769232
0 0.6869556566642311 0.9858077582113786 0.021079795508121616 0.02688990881452988
0 0.6358173076923077 0.9879807692307693 0.01201923076923077 0.02403846153846154