0 0.07622117888375592 0.4346420691084986 0.03600462755179297 0.05886752589635691
0 0.15093630810281555 0.42723210792041166 0.030413341444784966 0.0394688683507235
0 0.204702466511661 0.4037507210722904 0.030609239894613956 0.044276560658415814
0 0.25407926189042157 0.39962601969108646 0.0333069337232034 0.05157204327738636
0 0.30288461538461536 0.4050480769230769 0.04807692307692308 0.14182692307692307
0 0.3424237024290615 0.3230883505540748 0.06921361205008186 0.10803572301989725
0 0.41515331477188255 0.3349511306754731 0.06680976589623579 0.10795177886246503
0 0.46801548792199044 0.3631104640563282 0.08412643509773107 0.12055861873372027
0 0.5504807692307693 0.4110576923076923 0.21634615384615385 0.27403846153846156
0 0.6844595909930588 0.3531516437335942 0.14034132412943762 0.20413615942799568
0 0.7988116493726303 0.3155524221804401 0.10541413805170362 0.1717109412239462
0 0.8525512754035259 0.2632668535648809 0.08672617970140614 0.1254502551988448
0 0.8154793781818552 0.14213972247378864 0.058618735185552766 0.08366148485170723
0 0.9663461538461539 0.4098557692307692 0.0673076923076923 0.24759615384615385
0 0.23215079883106282 0.6815781073622276 0.051211298274185454 0.07860196007171866
0 0.18853465563118937 0.6326922771226678 0.04458745516213369 0.09277320452249918
0 0.11819462749459131 0.7683722309117957 0.06219797203837233 0.11259158285529317
0 0.1622596153846154 0.9651442307692307 0.10817307692307693 0.06971153846153846
0 0.06355101620495802 0.8722985197563311 0.09800670114033634 0.16665141644395776
0 0.3019072217616164 0.6245039431836287 0.04581591061700644 0.06401099483377756
0 0.37010463738042304 0.7181394646145123 0.09030541655422564 0.1543803532024306
0 0.38179939795351864 0.6373168139096539 0.06960540894973964 0.1176511076352816
0 0.4575960587900794 0.6622748316410578 0.05631283825662118 0.0859813868481213
0 0.4634056855814237 0.6080623769433713 0.04071437063457085 0.05663156805737493
0 0.5030956794978348 0.6354814801131797 0.07681694741127824 0.11790294010757799
0 0.6014799155902059 0.6068413571217955 0.048513604445595875 0.07130647745274811
0 0.6557664426450155 0.65895520788368 0.0666138674464068 0.10314408655477272
0 0.6591722232825136 0.6048266973434255 0.04110616753422856 0.06624695267275954
0 0.7153197856106975 0.611267471182233 0.05601899058187776 0.07876984838658284
0 0.7599378632942232 0.6061087350389702 0.043216166013331433 0.05911935836865317
0 0.8257211538461539 0.875 0.23317307692307693 0.25
0 0.9230157851429882 0.7276364901725703 0.1192495196252937 0.15779152924546194
0 0.9371143918699298 0.6467298953102798 0.08162463971897055 0.11807082842244217
0 0.9699519230769231 0.5853365384615384 0.055288461538461536 0.07451923076923077