0 0.025240384615384616 0.16947115384615385 0.05048076923076923 0.17548076923076922
0 0.31995728445849336 0.2275691816670946 0.09794626052083352 0.18247051700929495
0 0.4254807692307692 0.12860576923076922 0.14903846153846154 0.25721153846153844
0 0.14486615633157016 0.3100792331055561 0.040307893090705156 0.08022212532136745
0 0.19967904167767067 0.33179877863963725 0.055010720715170984 0.09257705693226506
0 0.5144230769230769 0.27884615384615385 0.028846153846153848 0.09134615384615384
0 0.5331992104582797 0.1875030148171475 0.054842870294337695 0.08536551847072661
0 0.5120192307692307 0.1346153846153846 0.02403846153846154 0.057692307692307696
0 0.5060096153846154 0.08774038461538461 0.01201923076923077 0.055288461538461536
0 0.5108173076923077 0.028846153846153848 0.021634615384615384 0.04326923076923077
0 0.5356060714292733 0.03242696282393176 0.024877713642628245 0.03661719371047011
0 0.5667721462188566 0.03676008387831215 0.027393460077029943 0.041480836158440226
0 0.5630254966983438 0.09439644143034204 0.03253685322638889 0.056015813362072626
0 0.6058471263453523 0.11463431318611132 0.03018895721282055 0.05836370937564111
0 0.6304161092774035 0.14406794350518182 0.03723264525352572 0.051320021334935934
0 0.6109325594763351 0.20614831745309845 0.05249497428076928 0.08771341448429482
0 0.6659682404444974 0.2699631457496263 0.05009112812692319 0.08765746434401714
0 0.6980844626797539 0.2851415495664532 0.06233415945726506 0.09755259966079066
0 0.7365739762114312 0.2848348287339747 0.06021006400480781 0.10951588028974363
0 0.8383747667771364 0.25112704231794913 0.05020302840747867 0.09246515665170946
0 0.9181762611073714 0.2842513720172547 0.057638367430128366 0.10224839168792735
0 0.9004561456641021 0.2188999247411863 0.052550924421047154 0.09011726063814098
0 0.7988242104582797 0.19368550531784218 0.055122620995726596 0.09738474923995738
0 0.7336685886731834 0.2029921592226499 0.0425998389639957 0.07547038315395309
0 0.7704526278654377 0.22429207870464773 0.04489178483728637 0.07071864098653845
0 0.69327878025016 0.18160831453023527 0.04992327770608977 0.08044592588247869
0 0.6616661092774035 0.14479529532879296 0.03499664952051285 0.05847560965619659
0 0.6636233592480767 0.11237134732200879 0.024877713642628245 0.03661719371047011
0 0.6958794568340275 0.12154013575422032 0.02493366378290605 0.039021039864316265
0 0.7258995586869654 0.12344143558461565 0.0225298176290599 0.038965089724038456
0 0.7183812993929485 0.08478407163210501 0.02247386748878209 0.0365612435701923
0 0.6855107552029912 0.05034692351436988 0.022417917348504283 0.03415739741634615
0 0.6923036725514956 0.016832952711218215 0.017498324760256496 0.029237804828098294
0 0.6536183335288459 0.025553135082158354 0.022361967208226474 0.0317535512625
0 0.6552109026486643 0.06046485445320536 0.019958121054380322 0.03169760112222226
0 0.654539500965331 0.0893110082993592 0.01766617518108978 0.036449343289636754
0 0.6289913905784186 0.10194468567259637 0.027449410217307683 0.04388468231228638
0 0.6199634824359506 0.07648050049610064 0.02493366378290605 0.039021039864316265
0 0.5995587651983972 0.07480300122681643 0.022417917348504283 0.03415739741634615
0 0.6112153249948716 0.03899708455037412 0.022417917348504283 0.03415739741634615
0 0.609375 0.009615384615384616 0.016826923076923076 0.019230769230769232
0 0.6315081419518693 0.04548227612735063 0.020070021334935937 0.03650529342991456
0 0.7263761398183758 0.051298075899092174 0.022361967208226474 0.0317535512625
0 0.7343430051736644 0.019014003243002415 0.015150428746688012 0.03158570084166671
0 0.7652852794021366 0.03296250891276742 0.017498324760256496 0.029237804828098294
0 0.7759347366736109 0.040425823005555875 0.020070021334935937 0.036505293429914494
0 0.7397921142164527 0.09490300750998962 0.017554274900534166 0.03164165098194452
0 0.7515036192141556 0.10840391205753236 0.02247386748878209 0.0365612435701923
0 0.7705945130942305 0.11486112856437 0.025101514203739475 0.04623257832585473
0 0.8108454511056087 0.09054392126356874 0.027561310497863298 0.04869237461997869
0 0.8075204375152776 0.026730097906090114 0.022417917348504283 0.03415739741634615
0 0.829515713994551 0.16674065130208368 0.039972192249038585 0.06579904839829052
0 0.8562377723882476 0.15533687207590852 0.027505360357585492 0.04628852846613253
0 0.8800804084357369 0.16430983501714785 0.03728859539380353 0.05372386748878209
0 0.8750219454358437 0.12330457505106879 0.024877713642628245 0.03661719371047011
0 0.8477134155082797 0.10823807151479742 0.02493366378290605 0.039021039864316265
0 0.844723097820566 0.08171183861207301 0.022361967208226474 0.0317535512625
0 0.8464005970898503 0.061307121374519616 0.022250066927670994 0.026945858954807687
0 0.854563287936111 0.020609587179968355 0.027337509936752206 0.039076990004594074
0 0.8929129261170938 0.026312481732105104 0.022417917348504283 0.03415739741634615
0 0.8857003827165062 0.07785529868910296 0.020070021334935937 0.036505293429914494
0 0.9047353264563032 0.08671636134978676 0.02493366378290605 0.039021039864316265
0 0.9034204981597753 0.14320674596517138 0.02247386748878209 0.0365612435701923
0 0.917367998890491 0.16397513911453032 0.029909206511431644 0.04634447860641034
0 0.9325733728384079 0.18236766118018208 0.037400495674359005 0.0585315597964744
0 0.957953632804487 0.17694552226848342 0.04768728197307691 0.08760151420373934
0 0.934782398440331 0.13912640548109023 0.020070021334935937 0.036505293429914494
0 0.9424425429631408 0.06835281929332314 0.017554274900534166 0.03164165098194452
0 0.9735576923076923 0.21754807692307693 0.052884615384615384 0.0889423076923077
0 0.9829991968679485 0.13423579290203044 0.02498961392318386 0.04142488601816242
0 0.9915865384615384 0.05048076923076923 0.016826923076923076 0.038461538461538464
0 0.9766838655899037 0.043895736641827415 0.019958121054380322 0.03169760112222226
0 0.9723557692307693 0.004807692307692308 0.021634615384615384 0.009615384615384616
0 0.12139423076923077 0.6237980769230769 0.11778846153846154 0.10817307692307693
0 0.20175020180699763 0.7303826044825322 0.14127144143034204 0.1858814656881411
0 0.5192307692307693 0.7524038461538461 0.038461538461538464 0.09134615384615384
0 0.5428145950736643 0.6610607071248398 0.054842870294337695 0.08536551847072661
0 0.5175752153973288 0.608762563274092 0.03499664952051285 0.05847560965619659
0 0.5709134615384616 0.5817307692307693 0.03125 0.02403846153846154
0 0.6141826923076923 0.5925480769230769 0.03125 0.04567307692307692
0 0.6400314938927882 0.6176256358128741 0.03723264525352572 0.051320021334935934
0 0.6205479440917198 0.6797060097607908 0.05249497428076928 0.08771341448429482
0 0.675583625059882 0.7435208380573186 0.05009112812692319 0.08765746434401714
0 0.7076998472951386 0.7586992418741455 0.06233415945726506 0.09755259966079066
0 0.7461893608268159 0.7583925210416671 0.06021006400480781 0.10951588028974363
0 0.847990151392521 0.7246847346256414 0.05020302840747867 0.09246515665170946
0 0.9277916457227561 0.757809064324947 0.057638367430128366 0.10224839168792735
0 0.9100715302794868 0.6924576170488786 0.052550924421047154 0.09011726063814098
0 0.8084395950736643 0.6672431976255345 0.055122620995726596 0.09738474923995738
0 0.743283973288568 0.6765498515303422 0.0425998389639957 0.07547038315395309
0 0.7800680124808222 0.69784977101234 0.04489178483728637 0.07071864098653845
0 0.7028941648655446 0.6551660068379276 0.04992327770608977 0.08044592588247869
0 0.6712814938927882 0.6183529876364852 0.03499664952051285 0.05847560965619659
0 0.671875 0.5865384615384616 0.026442307692307692 0.03365384615384615
0 0.7054948414494121 0.5950978280619126 0.02493366378290605 0.039021039864316265
0 0.7355149433023501 0.5969991278923079 0.0225298176290599 0.038965089724038456
0 0.6622596153846154 0.5745192307692307 0.016826923076923076 0.009615384615384616
0 0.6370192307692307 0.5829326923076923 0.028846153846153848 0.026442307692307692
0 0.7487980769230769 0.5769230769230769 0.016826923076923076 0.014423076923076924
0 0.7596153846153846 0.5841346153846154 0.02403846153846154 0.028846153846153848
0 0.7788461538461539 0.5901442307692307 0.02403846153846154 0.040865384615384616
0 0.8197115384615384 0.578125 0.028846153846153848 0.016826923076923076
0 0.8391310986099356 0.640298343609776 0.039972192249038585 0.06579904839829052
0 0.8658531570036322 0.6288945643836008 0.027505360357585492 0.04628852846613253
0 0.8896957930511215 0.6378675273248402 0.03728859539380353 0.05372386748878209
0 0.8846373300512282 0.5968622673587611 0.024877713642628245 0.03661719371047011
0 0.8557692307692307 0.5853365384615384 0.02403846153846154 0.03125
0 0.9134615384615384 0.5745192307692307 0.02403846153846154 0.009615384615384616
0 0.9130358827751599 0.6167644382728638 0.02247386748878209 0.0365612435701923
0 0.9269833835058757 0.6375328314222226 0.029909206511431644 0.04634447860641034
0 0.9421887574537925 0.6559253534878743 0.037400495674359005 0.0585315597964744
0 0.9675690174198716 0.6505032145761758 0.04768728197307691 0.08760151420373934
0 0.9443977830557155 0.6126840977887825 0.020070021334935937 0.036505293429914494
0 0.9783653846153846 0.6911057692307693 0.04326923076923077 0.0889423076923077
0 0.9891826923076923 0.6069711538461539 0.021634615384615384 0.040865384615384616