0 0.008413461538461538 0.515625 0.016826923076923076 0.13221153846153846
0 0.11716153305224394 0.4793471009262067 0.07753842430692792 0.11204840652970013
0 0.13971137557357907 0.42820412446847117 0.04366081546804505 0.07083972867295649
0 0.17829878054545076 0.4466991519728518 0.043590889628971126 0.05882049790372557
0 0.21186871569240812 0.4295289356545695 0.04118704347512497 0.058624273661210896
0 0.24058900302822878 0.4055396293597781 0.03151571818848114 0.04822399207576758
0 0.26872271467097736 0.4874176659554748 0.11138806281018122 0.14844939207875177
0 0.2791834005840078 0.4252365799410818 0.048384596768848646 0.056809100234908774
0 0.2741729233430009 0.3907732591953419 0.03147376268503685 0.041012453614229116
0 0.2921947769129397 0.38809965429955884 0.026624114873900047 0.0334084666676613
0 0.3233173076923077 0.421875 0.06971153846153846 0.12259615384615384
0 0.35096153846153844 0.3858173076923077 0.014423076923076924 0.05048076923076923
0 0.38221153846153844 0.11298076923076923 0.04807692307692308 0.22596153846153846
0 0.45913461538461536 0.1310096153846154 0.1346153846153846 0.2620192307692308
0 0.5625 0.140625 0.14903846153846154 0.28125
0 0.6754807692307693 0.0673076923076923 0.12980769230769232 0.1346153846153846
0 0.7764423076923077 0.04927884615384615 0.14903846153846154 0.0985576923076923
0 0.9086538461538461 0.04326923076923077 0.14423076923076922 0.08653846153846154
0 0.19591346153846154 0.9747596153846154 0.13701923076923078 0.05048076923076923
0 0.3088942307692308 0.9735576923076923 0.0985576923076923 0.052884615384615384
0 0.47836538461538464 0.8173076923076923 0.17307692307692307 0.2980769230769231