0 0.20673076923076922 0.6586538461538461 0.08774038461538461 0.17427884615384615
0 0.1201923076923077 0.5853365384615384 0.0673076923076923 0.1201923076923077
0 0.0829326923076923 0.5108173076923077 0.05048076923076923 0.08173076923076923
0 0.08653846153846154 0.43149038461538464 0.04567307692307692 0.08653846153846154
0 0.03245192307692308 0.43990384615384615 0.046875 0.0733173076923077
0 0.16947115384615385 0.41947115384615385 0.03245192307692308 0.06490384615384616
0 0.20192307692307693 0.42427884615384615 0.030048076923076924 0.06370192307692307
0 0.22596153846153846 0.44711538461538464 0.036057692307692304 0.07451923076923077
0 0.24278846153846154 0.39903846153846156 0.028846153846153848 0.04326923076923077
0 0.28365384615384615 0.4326923076923077 0.052884615384615384 0.09495192307692307
0 0.30649038461538464 0.41586538461538464 0.038461538461538464 0.06129807692307692
0 0.3317307692307692 0.5192307692307693 0.056490384615384616 0.10817307692307693
0 0.3894230769230769 0.5324519230769231 0.06009615384615385 0.1201923076923077
0 0.40384615384615385 0.47475961538461536 0.036057692307692304 0.07091346153846154
0 0.3701923076923077 0.44350961538461536 0.03245192307692308 0.06129807692307692
0 0.3798076923076923 0.4110576923076923 0.030048076923076924 0.052884615384615384
0 0.3581730769230769 0.3762019230769231 0.02403846153846154 0.046875
0 0.3473557692307692 0.3629807692307692 0.019230769230769232 0.052884615384615384
0 0.30528846153846156 0.3629807692307692 0.02403846153846154 0.040865384615384616
0 0.39903846153846156 0.3641826923076923 0.025240384615384616 0.04807692307692308
0 0.44471153846153844 0.36658653846153844 0.030048076923076924 0.052884615384615384
0 0.4567307692307692 0.4074519230769231 0.030048076923076924 0.06009615384615385
0 0.4675480769230769 0.45913461538461536 0.036057692307692304 0.08052884615384616
0 0.515625 0.49278846153846156 0.04567307692307692 0.11057692307692307
0 0.5420673076923077 0.45072115384615385 0.036057692307692304 0.07451923076923077
0 0.5180288461538461 0.40865384615384615 0.030048076923076924 0.06129807692307692
0 0.5552884615384616 0.36177884615384615 0.026442307692307692 0.054086538461538464
0 0.5769230769230769 0.3798076923076923 0.028846153846153848 0.057692307692307696
0 0.6105769230769231 0.41586538461538464 0.039663461538461536 0.06971153846153846
0 0.6262019230769231 0.3641826923076923 0.027644230769230768 0.06009615384615385
0 0.6502403846153846 0.3798076923076923 0.025240384615384616 0.06009615384615385
0 0.6875 0.359375 0.028846153846153848 0.06129807692307692
0 0.6923076923076923 0.8846153846153846 0.12740384615384615 0.22596153846153846
0 0.7572115384615384 0.6742788461538461 0.07932692307692307 0.18509615384615385
0 0.828125 0.5612980769230769 0.07211538461538461 0.13822115384615385
0 0.7992788461538461 0.47596153846153844 0.051682692307692304 0.09134615384615384
0 0.8173076923076923 0.42908653846153844 0.039663461538461536 0.08052884615384616
0 0.8485576923076923 0.4026442307692308 0.03125 0.06971153846153846
0 0.8641826923076923 0.37259615384615385 0.03365384615384615 0.06129807692307692
0 0.9795673076923077 0.5492788461538461 0.038461538461538464 0.13822115384615385
0 0.9651442307692307 0.515625 0.04567307692307692 0.1045673076923077
0 0.9663461538461539 0.43509615384615385 0.040865384615384616 0.08653846153846154
0 0.9819711538461539 0.4014423076923077 0.03125 0.06971153846153846
0 0.9735576923076923 0.3713942307692308 0.03365384615384615 0.06490384615384616