0 0.8786057692307693 0.47115384615384615 0.03485576923076923 0.057692307692307696
0 0.9483173076923077 0.44591346153846156 0.03245192307692308 0.06971153846153846
0 0.8677884615384616 0.3918269230769231 0.021634615384615384 0.04567307692307692
0 0.7824519230769231 0.44591346153846156 0.03125 0.06129807692307692
0 0.6971153846153846 0.4254807692307692 0.03485576923076923 0.057692307692307696
0 0.640625 0.3786057692307692 0.02403846153846154 0.057692307692307696
0 0.59375 0.36538461538461536 0.026442307692307692 0.054086538461538464
0 0.48197115384615385 0.36778846153846156 0.028846153846153848 0.057692307692307696
0 0.42908653846153844 0.27163461538461536 0.03125 0.0733173076923077
0 0.6045673076923077 0.43990384615384615 0.06610576923076923 0.11177884615384616
0 0.5012019230769231 0.5480769230769231 0.039663461538461536 0.08052884615384616
0 0.27524038461538464 0.4519230769230769 0.042067307692307696 0.0733173076923077
0 0.23317307692307693 0.39783653846153844 0.03485576923076923 0.0889423076923077
0 0.15985576923076922 0.5264423076923077 0.05048076923076923 0.10817307692307693
0 0.1971153846153846 0.7848557692307693 0.09014423076923077 0.16947115384615385
0 0.10216346153846154 0.625 0.08173076923076923 0.15745192307692307