0 0.1045673076923077 0.05048076923076923 0.18028846153846154 0.10096153846153846
0 0.3293269230769231 0.06971153846153846 0.1346153846153846 0.13942307692307693
0 0.41346153846153844 0.25961538461538464 0.19230769230769232 0.3125
0 0.5691853620800256 0.05802015778080602 0.07229949530006029 0.0893478775589369
0 0.609375 0.03365384615384615 0.05048076923076923 0.0673076923076923
0 0.6667509656490533 0.06466529694584516 0.0749831205715845 0.09897724734213617
0 0.7582020366643364 0.06773962979965212 0.08975592139175904 0.11108038911825566
0 0.7259615384615384 0.03245192307692308 0.052884615384615384 0.06490384615384616
0 0.6790865384615384 0.020432692307692308 0.055288461538461536 0.040865384615384616
0 0.7716346153846154 0.014423076923076924 0.04807692307692308 0.028846153846153848
0 0.8076923076923077 0.040865384615384616 0.0673076923076923 0.08173076923076923
0 0.8545673076923077 0.02283653846153846 0.055288461538461536 0.04567307692307692
0 0.9314903846153846 0.040865384615384616 0.08413461538461539 0.08173076923076923
0 0.9759615384615384 0.014423076923076924 0.04807692307692308 0.028846153846153848
0 0.021634615384615384 0.6766826923076923 0.04326923076923077 0.11778846153846154
0 0.5324519230769231 0.9807692307692307 0.04567307692307692 0.038461538461538464
0 0.5685096153846154 0.9771634615384616 0.07451923076923077 0.04567307692307692
0 0.5605749280300969 0.9528646716851275 0.04014021316760664 0.057916070377344406
0 0.59375 0.9639423076923077 0.04326923076923077 0.07211538461538461
0 0.6454326923076923 0.9819711538461539 0.12740384615384615 0.036057692307692304
0 0.9819711538461539 0.9735576923076923 0.036057692307692304 0.052884615384615384
0 0.9891826923076923 0.9579326923076923 0.021634615384615384 0.08413461538461539
0 0.9396132277641747 0.9242127074780819 0.040140213167606915 0.057916070377344406
0 0.9156447110051326 0.9267564053100761 0.040210157947026204 0.0603199165311907
0 0.9019210818762508 0.9508787778554263 0.045087795034138074 0.06275173302066642
0 0.8701923076923077 0.9615384615384616 0.057692307692307696 0.07692307692307693
0 0.8413461538461539 0.9759615384615384 0.0673076923076923 0.04807692307692308
0 0.7584134615384616 0.9819711538461539 0.0889423076923077 0.036057692307692304
0 0.7787653697947408 0.9323612521832116 0.03780631179318005 0.060305931363375774
0 0.7501989950662651 0.9421444588123739 0.04501785025471851 0.06034788686682013
0 0.6947115384615384 0.9675480769230769 0.04326923076923077 0.06490384615384616
0 0.7020870995996322 0.9412222390917468 0.03738664311666294 0.045882854440298854
0 0.6579306972608662 0.9522982723886282 0.03024504943454404 0.04824474509070065
0 0.6334134615384616 0.96875 0.040865384615384616 0.0625
0 0.6226202869638702 0.9368760573219427 0.032229226911873084 0.03383565333543851
0 0.7307969769776115 0.8124276700954778 0.0374565878960825 0.048286700594145006