0 0.36177884615384615 0.10817307692307693 0.25240384615384615 0.21634615384615385
0 0.140625 0.036057692307692304 0.15625 0.07211538461538461
0 0.9074519230769231 0.2536057692307692 0.1466346153846154 0.0889423076923077
0 0.9675480769230769 0.2403846153846154 0.06490384615384616 0.11538461538461539
0 0.30943105701980156 0.543586301110512 0.18676038881611462 0.2871345502294315
0 0.21895198357816512 0.3940164031950882 0.07756639464255763 0.11102444844699658
0 0.2704326923076923 0.34375 0.06009615384615385 0.09134615384615384
0 0.46153846153846156 0.4483173076923077 0.052884615384615384 0.12259615384615384
0 0.46634615384615385 0.36658653846153844 0.04326923076923077 0.09375
0 0.5324519230769231 0.45072115384615385 0.0889423076923077 0.30528846153846156
0 0.6767222437456885 0.6510243553681627 0.0825139386283978 0.13509088032108763
0 0.9014423076923077 0.4483173076923077 0.1971153846153846 0.3004807692307692