0 0.027644230769230768 0.030048076923076924 0.055288461538461536 0.06009615384615385
0 0.05048076923076923 0.11980069495102345 0.09134615384615384 0.14901801829989317
0 0.0733173076923077 0.04326923076923077 0.07451923076923077 0.08653846153846154
0 0.13221153846153846 0.04927884615384615 0.08653846153846154 0.0985576923076923
0 0.1814903846153846 0.036057692307692304 0.07451923076923077 0.07211538461538461
0 0.23076923076923078 0.038461538461538464 0.08173076923076923 0.07692307692307693
0 0.29927884615384615 0.056490384615384616 0.09375 0.11298076923076923
0 0.3401442307692308 0.04567307692307692 0.06490384615384616 0.09134615384615384
0 0.39903846153846156 0.046875 0.10576923076923077 0.09375
0 0.2620192307692308 0.23665618672243605 0.10336538461538461 0.17609022718550668
0 0.36177884615384615 0.2860576923076923 0.11778846153846154 0.14423076923076922
0 0.3870192307692308 0.16628408220973928 0.13942307692307693 0.20682608461157784
0 0.5360576923076923 0.09892541140439161 0.0673076923076923 0.09246975437482
0 0.609375 0.0871428086835569 0.04807692307692308 0.06501960477322313
0 0.640625 0.06233824409384425 0.040865384615384616 0.05502627944185516
0 0.8221153846153846 0.18002282903583847 0.09615384615384616 0.14205844031567702
0 0.8221153846153846 0.09588821365122308 0.057692307692307696 0.08475429495863715
0 0.8882211538461539 0.07050651636825109 0.0625 0.09702548620518997
0 0.9254807692307693 0.04567307692307692 0.052884615384615384 0.09134615384615384
0 0.9903846153846154 0.11298076923076923 0.019230769230769232 0.11057692307692307
0 0.8894230769230769 0.28846153846153844 0.1778846153846154 0.13942307692307693
1 0.036057692307692304 0.6550480769230769 0.07211538461538461 0.13221153846153846
1 0.14783653846153846 0.6249812171650573 0.057692307692307696 0.09196583342017547
1 0.23798076923076922 0.6116766299610045 0.04567307692307692 0.06248977838071595
1 0.2644230769230769 0.6166681818170463 0.038461538461538464 0.05970799151088631
1 0.4423076923076923 0.5839234117856642 0.040865384615384616 0.059833971749547334
0 0.5072115384615384 0.6778846153846154 0.014423076923076924 0.0625
0 0.5216346153846154 0.6706730769230769 0.04326923076923077 0.08173076923076923
0 0.5528846153846154 0.6679627117894711 0.04567307692307692 0.06729747068840812
0 0.5817307692307693 0.6610610131149434 0.04567307692307692 0.06970131684225428
0 0.5841346153846154 0.7056581471997584 0.04326923076923077 0.06476764429590094
0 0.6286057692307693 0.6563060893072975 0.05048076923076923 0.07716481578111506
0 0.6971153846153846 0.7055696030322173 0.04567307692307692 0.07691285530379274
0 0.7427884615384616 0.6887324583360102 0.04807692307692308 0.0770388355424539
0 0.8004807692307693 0.6737271379100316 0.05048076923076923 0.07476096962726891
0 0.8473557692307693 0.673779906410078 0.0673076923076923 0.09727744668251244
0 0.734375 0.8385319121160807 0.055288461538461536 0.08222446856612955
0 0.6658653846153846 0.8758068599296223 0.05048076923076923 0.07476096962726905
0 0.6298076923076923 0.8667056178881665 0.04326923076923077 0.0647676442959008
0 0.5600961538461539 0.8618502678900699 0.05048076923076923 0.07235712347342275
0 0.5240384615384616 0.8774038461538461 0.04807692307692308 0.08173076923076923