0 0.030048076923076924 0.453125 0.06009615384615385 0.10336538461538461
0 0.12699566493251674 0.4373539835420235 0.06577382213985125 0.0992180414703703
0 0.14643246501805576 0.3380002760816959 0.10848597821874179 0.15567791473945838
0 0.19052587015576528 0.3232922465739325 0.11894080440844726 0.18055761342720772
0 0.203125 0.057692307692307696 0.10336538461538461 0.11538461538461539
0 0.34465056134708927 0.28328498984936 0.17691547898473559 0.2623178039586892
0 0.41122946111076664 0.22200271362222354 0.08668347451926223 0.14897743884586873
0 0.47009698700712355 0.2506091368803433 0.0916590551418187 0.15420574972820505
0 0.54236499273153 0.21414662669394738 0.16422469495604838 0.24203548829131025
0 0.6237980769230769 0.17908653846153846 0.05048076923076923 0.25721153846153844
0 0.09183077299549339 0.8400739476542031 0.11952841351047201 0.19738453650413088
0 0.2764423076923077 0.8894230769230769 0.15384615384615385 0.22115384615384615
0 0.4723557692307692 0.8774038461538461 0.21394230769230768 0.24519230769230768
0 0.8882211538461539 0.7764423076923077 0.19471153846153846 0.2548076923076923