0 0.2428883589544649 0.32470243723933684 0.10395366061076289 0.12827382213985125
0 0.3606030876274214 0.28542055394813015 0.08751918601886917 0.13249390534551908
0 0.4891826923076923 0.2824519230769231 0.07932692307692307 0.10336538461538461
0 0.5144230769230769 0.2800480769230769 0.028846153846153848 0.11298076923076923
0 0.5970628214295775 0.14518856986241663 0.032378190211418016 0.044276560658415814
0 0.6295638997501707 0.17525191399133574 0.04778238834706819 0.056799456372239106
0 0.6503646612871402 0.21575481710411815 0.047978612589583 0.05920330252608526
0 0.6467590904224539 0.27469101995206496 0.07800211189082464 0.07463370933834722
0 0.7738196433349407 0.3128778506072437 0.09679127739289448 0.09925977997883323
0 0.8064903846153846 0.3858173076923077 0.12259615384615384 0.04567307692307692
0 0.8046522204959106 0.18618752979157033 0.03797077948916876 0.054059833588664605
0 0.7712681330840014 0.16694149335495892 0.03257441445393256 0.04668040681226197
0 0.7473032060449621 0.15043507970192208 0.026981825176181546 0.036897133882013176
0 0.8978135477683666 0.1966728903929601 0.05278630489727503 0.05937119084094943
0 0.8875111799380977 0.14568845621759835 0.03718588251911033 0.04444444897327999
0 0.9233972256251104 0.16381651373471878 0.024381754779820578 0.034409343570734933
0 0.9807692307692307 0.1778846153846154 0.038461538461538464 0.04807692307692308
0 0.027644230769230768 0.7163461538461539 0.055288461538461536 0.15384615384615385
0 0.15026654916588283 0.6789835485088533 0.07034896970058678 0.09833639424708042
0 0.19270152935530194 0.6021177108703347 0.04415204149446394 0.07105464498045186
0 0.298789277377974 0.49854629540018036 0.06313743123904832 0.09808456177478415
0 0.17771515079084763 0.8595391097254534 0.12190877389910384 0.17204671785367454
0 0.47868588552965485 0.6868361567675639 0.07034896970058678 0.09833639424708042
0 0.5 0.8149038461538461 0.057692307692307696 0.19230769230769232
0 0.7170101463678662 0.8266445905273064 0.049548406529700134 0.07843407175685449
0 0.7598131957865625 0.7895681306633975 0.04395581725194912 0.0686507988266057
0 0.8124772076729111 0.8384158183630515 0.06495260466535058 0.09095696747067777
0 0.8559916195622438 0.8073909459624738 0.04675211189082463 0.07354243529172996
0 0.9703705361124507 0.8089744472866518 0.044348265736978476 0.073458491134298
0 0.9783653846153846 0.8052884615384616 0.04326923076923077 0.09615384615384616