0 0.018028846153846152 0.2512019230769231 0.036057692307692304 0.1466346153846154
0 0.008413461538461538 0.1658653846153846 0.016826923076923076 0.08653846153846154
0 0.05617260945336495 0.1448121149137456 0.0646820554708334 0.0992180414703703
0 0.09524959945795895 0.12173475581858885 0.055010720715170984 0.09597295816723636
0 0.18994874196458286 0.19264712731146622 0.0865964215568377 0.11313005582549843
0 0.07091346153846154 0.4170673076923077 0.14182692307692307 0.25240384615384615
0 0.2512019230769231 0.453125 0.25240384615384615 0.2091346153846154
0 0.29957551759583284 0.1913988921923064 0.11130628477863251 0.14407930254487164
0 0.4326923076923077 0.2608173076923077 0.052884615384615384 0.2091346153846154
0 0.36658653846153844 0.018028846153846152 0.06009615384615385 0.036057692307692304
1 0.8548410287594014 0.2989263306030615 0.09710700841666682 0.15243283143632455
1 0.5996976356100425 0.29105662307001356 0.11192173632168813 0.1705216102371792
1 0.9227921476802883 0.2771707598788448 0.11376608107275661 0.1466934579860397
1 0.7315185280286857 0.26766270999828967 0.05473097001378208 0.08395372739800558
0 0.5752645082724889 0.6765562867401699 0.12410881751175232 0.17878469513532735
0 0.7632211538461539 0.6466346153846154 0.13221153846153846 0.1778846153846154
0 0.9050480769230769 0.6418269230769231 0.12740384615384615 0.16826923076923078