0 0.07211538461538461 0.6105769230769231 0.056490384615384616 0.07091346153846154
0 0.06129807692307692 0.5612980769230769 0.038461538461538464 0.055288461538461536
0 0.0673076923076923 0.5300480769230769 0.028846153846153848 0.046875
0 0.1141826923076923 0.5300480769230769 0.027644230769230768 0.046875
0 0.12860576923076922 0.5084134615384616 0.025240384615384616 0.036057692307692304
0 0.14783653846153846 0.4987980769230769 0.021634615384615384 0.03245192307692308
0 0.125 0.6574519230769231 0.0889423076923077 0.11538461538461539
0 0.19591346153846154 0.6334134615384616 0.11057692307692307 0.14302884615384615
0 0.19591346153846154 0.5228365384615384 0.027644230769230768 0.04326923076923077
0 0.22956730769230768 0.5252403846153846 0.039663461538461536 0.07451923076923077
0 0.30408653846153844 0.5036057692307693 0.018028846153846152 0.04326923076923077
0 0.32211538461538464 0.5084134615384616 0.028846153846153848 0.057692307692307696
0 0.3161057692307692 0.46875 0.028846153846153848 0.038461538461538464
0 0.39302884615384615 0.5264423076923077 0.06129807692307692 0.1045673076923077
0 0.4326923076923077 0.4567307692307692 0.021634615384615384 0.040865384615384616
0 0.5024038461538461 0.515625 0.0889423076923077 0.15865384615384615
0 0.5408653846153846 0.47115384615384615 0.04927884615384615 0.08173076923076923
0 0.6814903846153846 0.40024038461538464 0.0673076923076923 0.11538461538461539