0 0.009615384615384616 0.2608173076923077 0.019230769230769232 0.06971153846153846
0 0.046049073743777584 0.2903709652156631 0.033975505013586475 0.05744509799244691
0 0.0407658857303822 0.3717936435244344 0.03408738635610485 0.07667586722321615
0 0.0858104314569427 0.2760857922452227 0.029209768209338557 0.0643485455319875
0 0.11354556581696965 0.26223231504671074 0.029167812705894167 0.05713700707044904
0 0.11416011184567126 0.3632708762387487 0.029209768209338557 0.0643485455319875
0 0.15191620068771192 0.28032204242269404 0.029237738544968132 0.06915623783967981
0 0.18448699769106075 0.26196896383848767 0.019552428090509586 0.0565208252264533
0 0.19236203026865265 0.3550561998750609 0.034129341859549224 0.0838874056847546
0 0.2583419329890887 0.38092706543714755 0.03410137152391965 0.0790797133770623
0 0.24331829520512496 0.2765603853252697 0.029195783041523773 0.06194469937814135
0 0.31177896250238857 0.2893641425022015 0.024360120398201894 0.05682891614845103
0 0.33825623311423325 0.2850490271885746 0.024388090733831327 0.06163660845614334
0 0.3730071135863915 0.3053115325269057 0.026791936887677618 0.06179065391714234
0 0.3701767198141941 0.37847479475821433 0.034087386356104935 0.07667586722321627
0 0.41403332763164624 0.28028607459465715 0.029209768209338557 0.0643485455319875
0 0.4571766918905439 0.3046935082772537 0.029195783041523773 0.06194469937814135
0 0.481348012523246 0.2833974244257048 0.026805922055492405 0.0641945000709885
0 0.4830805706219819 0.39893608527131913 0.03161361436318471 0.06450259099298637
0 0.5349031146078222 0.37820960114433516 0.034087386356104935 0.07667586722321615
0 0.5233593795442946 0.2957086046085712 0.029209768209338557 0.0643485455319875
0 0.5606329800967247 0.29569246310020875 0.02198424457998531 0.06148256299514433
0 0.5858663721282019 0.2985118635176209 0.021956274244355603 0.05667487068745217
0 0.5876968264016414 0.3972236012863121 0.029153827538079415 0.05473316091660289
0 0.638184588216318 0.3992566328903671 0.03401746051703087 0.06465663645398537
0 0.6338943471177731 0.3100062342760615 0.029237738544968132 0.06915623783967981
0 0.6628733600581675 0.28901824134651055 0.02194228907654095 0.054271024533605876
0 0.6791408764224988 0.3862504057273494 0.03161361436318471 0.06450259099298651
0 0.7132422479464184 0.3114839652582579 0.02440207590164625 0.0640404546099895
0 0.7361417196631235 0.3021300894454402 0.024360120398201755 0.05682891614845103
0 0.7260858022615728 0.3772350614475983 0.03161361436318471 0.06450259099298651
1 0.8391994305865824 0.19241655791237378 0.10191252987294447 0.1699314478234946
0 0.04326923076923077 0.96875 0.08653846153846154 0.0625
0 0.02283653846153846 0.7908653846153846 0.04567307692307692 0.10096153846153846
0 0.10267231745340274 0.7444612928841193 0.060543679216227275 0.08077421344805079
0 0.18990384615384615 0.9459134615384616 0.0673076923076923 0.10817307692307693
0 0.32211538461538464 0.9735576923076923 0.07692307692307693 0.052884615384615384
0 0.26716096439417936 0.7850614838856248 0.04373074130711912 0.08209974137490433
0 0.5098934852613817 0.8102354600619038 0.053346125922503734 0.08271592321890008
1 0.8293269230769231 0.8365384615384616 0.15865384615384615 0.3125