0 0.014423076923076924 0.3125 0.028846153846153848 0.10096153846153846
0 0.10439403627962549 0.26996363773352533 0.06062998842792707 0.10533320012909624
0 0.08554796333566358 0.2552852633315189 0.0631037793611928 0.10791919885242397
0 0.1348432844069656 0.4240471576833158 0.16084063178810476 0.2520423798314363
0 0.1938038468649514 0.3020347437044691 0.095612785390744 0.15355641302491535
0 0.2718331784319491 0.2284456265662156 0.0629638898023538 0.10311150654473167
0 0.3592017285873178 0.2892718100985724 0.08798157825268842 0.13858687839339368
0 0.40368213116959856 0.2095267877568076 0.06798141644830452 0.1106873501452333
0 0.5271119867233242 0.25393846984397656 0.11752717989303736 0.16481117076563395
0 0.453125 0.23918269230769232 0.026442307692307692 0.11778846153846154
0 0.45913461538461536 0.08533653846153846 0.038461538461538464 0.07932692307692307
0 0.5153431983275241 0.0374280948036339 0.042614004100872356 0.06319274752734053
0 0.5578908707396414 0.10690368656981232 0.05271900217219351 0.08074828088218994
0 0.5890230917437207 0.07192097830371662 0.042614004100872356 0.06319274752734066
0 0.5685096153846154 0.02403846153846154 0.036057692307692304 0.04807692307692308
0 0.6493511904910514 0.027104870102169033 0.037526532675502065 0.05321305777299287
0 0.6751547464324565 0.13385800862825561 0.09484339281712934 0.12711410533260767
0 0.6820957545124439 0.06090500607491109 0.04742169640856467 0.0635570526663037
0 0.6706730769230769 0.013221153846153846 0.028846153846153848 0.026442307692307692
0 0.7502078117834606 0.03836104725116444 0.040000323608767645 0.055799056496320616
0 0.7463942307692307 0.014423076923076924 0.03125 0.028846153846153848
0 0.8148668512093385 0.05169262816562851 0.06728196865410943 0.08664888860677177
0 0.8625148568736176 0.1528736013555108 0.10226476561692621 0.13487210150259074
0 0.8533653846153846 0.028846153846153848 0.057692307692307696 0.057692307692307696
0 0.8317307692307693 0.009615384615384616 0.04326923076923077 0.019230769230769232
0 0.9759615384615384 0.037259615384615384 0.04807692307692308 0.07451923076923077
0 0.36767227307840744 0.931280885744977 0.04756158596740379 0.068364744973996
0 0.2477818550666961 0.8703994886784651 0.027491479383600338 0.038061370571989744
0 0.2352858726683202 0.9272721098081056 0.032439061250131775 0.04323336801864509
0 0.12714776813495302 0.9178733211045118 0.03986043404992866 0.050991364188628305
0 0.12844174655421392 0.873402167258358 0.025087633229754183 0.03787921800250803
0 0.019276580892472486 0.8579026868854077 0.02233406317881048 0.025677834663795807
0 0.4338942307692308 0.7680288461538461 0.01201923076923077 0.036057692307692304
0 0.41645789268565253 0.827770630718973 0.020000161804383892 0.027899528248160374
0 0.37827613334179205 0.8152408049918832 0.020070106583803458 0.03030337440200653
0 0.3430835020407167 0.8655752844037565 0.017526370871118174 0.025313529524832637
0 0.3170958354146359 0.8479466061394592 0.022613842296488464 0.03529321927918042
0 0.4889137524620078 0.8363964299443954 0.0777366906225282 0.11622365273085195
0 0.593328308768685 0.8081712981244108 0.09561278539074393 0.1535564130249152
0 0.6262698453015447 0.7938034347354891 0.060280264530829526 0.09331396935986547
0 0.6771574213820396 0.7422491008713998 0.05979065107489298 0.0764870462829424
0 0.7324808553102109 0.745236686892553 0.042823838439130915 0.07040428598887913
0 0.779403689526712 0.788543199820646 0.07278910875599684 0.11105165528419647
0 0.8417031039245804 0.7173758602115315 0.037736367013760486 0.060424596234531336
0 0.8871092635567707 0.7714086045471915 0.054982958767200676 0.07612274114397923
0 0.9331192025501538 0.7218938116979852 0.045507463710655185 0.08020182317374526
0 0.9744042558420555 0.7105673284560952 0.040210157947026204 0.06301059495785907
0 0.9567307692307693 0.8701923076923077 0.08653846153846154 0.13942307692307693