0 0.05450631019809853 0.1524705946494088 0.09638280329207906 0.15115256687106907
0 0.22856007970192194 0.5025062777047998 0.2138965570241807 0.28952142994439545
0 0.5120192307692307 0.5709134615384616 0.0673076923076923 0.19471153846153846
0 0.49399038461538464 0.4411057692307692 0.03125 0.040865384615384616
0 0.5136027830428084 0.48395973955171157 0.055151107635281735 0.06891120268244076
0 0.5352641033002976 0.4520363428079403 0.04262821192145844 0.05357736291195591
0 0.5748169158084532 0.48620078391964555 0.060126688257838214 0.07408320012909624
0 0.649183525468662 0.5218045142119105 0.0578907304188561 0.07870873986730696
0 0.6172238296692997 0.60209599426212 0.0726495839716615 0.08941703989958108
0 0.7184219333972923 0.5821932476958562 0.07564103922753226 0.10642611554598574
0 0.6895872172181702 0.5116799540469434 0.03773657545633405 0.05080921161914672
0 0.6986569648102462 0.49678356432486975 0.035584561774784154 0.05783859751120346
0 0.7523962889750245 0.5595940753379545 0.050763136114749856 0.08056612831270836
0 0.7567270212109983 0.5119725336847353 0.05034341532758942 0.06854689754347773
0 0.8190744001019763 0.5466655011295923 0.04271215607889053 0.0559812090658022
0 0.8329326923076923 0.6141826923076923 0.08413461538461539 0.10817307692307693
0 0.9230769230769231 0.6262019230769231 0.11538461538461539 0.08413461538461539
0 0.891357673032225 0.556937770521732 0.04810745748860731 0.07317243728168844
0 0.8194368816045785 0.5227181158758716 0.037568687141469874 0.046001519311454415
0 0.9192384690679098 0.53147937058628 0.037988407928630445 0.058020750080685184
0 0.9639423076923077 0.5829326923076923 0.07211538461538461 0.11298076923076923
0 0.9927884615384616 0.5456730769230769 0.014423076923076924 0.04326923076923077
0 0.047615281160446304 0.9201544864478612 0.05573871673730634 0.08573812575936383