0 0.7800480769230769 0.44711538461538464 0.05048076923076923 0.09014423076923077
0 0.6670673076923077 0.4483173076923077 0.06009615384615385 0.09134615384615384
0 0.5841346153846154 0.44471153846153844 0.06129807692307692 0.09615384615384616
0 0.5048076923076923 0.41586538461538464 0.04927884615384615 0.08173076923076923
0 0.4266826923076923 0.45552884615384615 0.057692307692307696 0.09375
0 0.31971153846153844 0.4567307692307692 0.07211538461538461 0.09615384615384616
0 0.20552884615384615 0.4567307692307692 0.06850961538461539 0.09975961538461539
0 0.11778846153846154 0.35216346153846156 0.05048076923076923 0.07572115384615384
0 0.19591346153846154 0.3125 0.056490384615384616 0.07572115384615384
0 0.2668269230769231 0.3161057692307692 0.05048076923076923 0.08173076923076923
0 0.36778846153846156 0.31490384615384615 0.04927884615384615 0.08413461538461539
0 0.4387019230769231 0.30408653846153844 0.05048076923076923 0.08533653846153846
0 0.5360576923076923 0.30528846153846156 0.05048076923076923 0.08774038461538461
0 0.6057692307692307 0.28725961538461536 0.05048076923076923 0.08173076923076923
0 0.6706730769230769 0.3112980769230769 0.055288461538461536 0.09134615384615384
0 0.7379807692307693 0.32091346153846156 0.051682692307692304 0.07932692307692307
0 0.8052884615384616 0.3317307692307692 0.04567307692307692 0.08173076923076923
0 0.8725961538461539 0.3293269230769231 0.055288461538461536 0.09375
0 0.6454326923076923 0.23076923076923078 0.04927884615384615 0.08413461538461539
0 0.7764423076923077 0.21754807692307693 0.056490384615384616 0.10576923076923077
0 0.5348557692307693 0.23076923076923078 0.06129807692307692 0.07932692307692307
0 0.4735576923076923 0.23197115384615385 0.057692307692307696 0.08533653846153846
0 0.39302884615384615 0.22716346153846154 0.057692307692307696 0.08774038461538461
0 0.29086538461538464 0.23677884615384615 0.051682692307692304 0.08413461538461539
0 0.21153846153846154 0.21754807692307693 0.056490384615384616 0.09375