0 0.130167950717345 0.4108481934372846 0.0708303897566427 0.10143627066881186
0 0.24759615384615385 0.5444711538461539 0.1346153846153846 0.17067307692307693
0 0.4951923076923077 0.546875 0.08653846153846154 0.1658653846153846
0 0.6016294809773449 0.10421293841128072 0.06582689847230719 0.0842450424529256
0 0.632081457364269 0.27854699809928196 0.15605588515398486 0.20156161060066707
0 0.9867788461538461 0.37259615384615385 0.026442307692307692 0.1778846153846154
0 0.6044635137467878 0.8053342601469834 0.09017304411692241 0.11250887584004915
0 0.758351624516508 0.8133862553630351 0.09028492924643289 0.1221242604554335
0 0.7511968706850389 0.7045756444467727 0.053723753855943704 0.07612274114397949
0 0.9009189445111236 0.8638877947856503 0.0878251405278315 0.11713441557825988
0 0.9819711538461539 0.8257211538461539 0.036057692307692304 0.10817307692307693