0 0.08653846153846154 0.49278846153846156 0.0889423076923077 0.15504807692307693
0 0.23197115384615385 0.3269230769230769 0.055288461538461536 0.10216346153846154
0 0.34134615384615385 0.3112980769230769 0.0673076923076923 0.13581730769230768
0 0.3762019230769231 0.3004807692307692 0.042067307692307696 0.08173076923076923
0 0.43509615384615385 0.25600961538461536 0.046875 0.06490384615384616
0 0.4891826923076923 0.265625 0.030048076923076924 0.06370192307692307
0 0.4831730769230769 0.6682692307692307 0.13822115384615385 0.32572115384615385
0 0.5288461538461539 0.3137019230769231 0.051682692307692304 0.09735576923076923
0 0.6021634615384616 0.25 0.025240384615384616 0.052884615384615384
0 0.6382211538461539 0.3088942307692308 0.042067307692307696 0.06610576923076923
0 0.6923076923076923 0.265625 0.03125 0.07211538461538461
0 0.7355769230769231 0.25961538461538464 0.027644230769230768 0.056490384615384616
0 0.8112980769230769 0.3870192307692308 0.06129807692307692 0.09134615384615384
0 0.6971153846153846 0.4170673076923077 0.0733173076923077 0.1201923076923077
0 0.8533653846153846 0.3293269230769231 0.051682692307692304 0.09375
0 0.8762019230769231 0.3389423076923077 0.025240384615384616 0.06490384615384616
0 0.8846153846153846 0.2704326923076923 0.037259615384615384 0.06610576923076923