0 0.6274038461538461 0.3076923076923077 0.18389423076923078 0.34375
0 0.4170673076923077 0.2800480769230769 0.13822115384615385 0.24519230769230768
0 0.234375 0.17548076923076922 0.10576923076923077 0.17067307692307693
0 0.09134615384615384 0.14182692307692307 0.07091346153846154 0.10817307692307693
0 0.03485576923076923 0.13942307692307693 0.06129807692307692 0.0985576923076923
0 0.359375 0.10336538461538461 0.04807692307692308 0.0889423076923077
0 0.41586538461538464 0.07451923076923077 0.03365384615384615 0.051682692307692304
0 0.40384615384615385 0.12860576923076922 0.04326923076923077 0.06009615384615385
0 0.49038461538461536 0.11778846153846154 0.039663461538461536 0.06610576923076923
0 0.5588942307692307 0.07211538461538461 0.04447115384615385 0.0673076923076923
0 0.7439903846153846 0.10336538461538461 0.037259615384615384 0.06850961538461539