0 0.04567307692307692 0.29927884615384615 0.09134615384615384 0.16105769230769232
0 0.049117871212765445 0.19859540833830477 0.07121971005480326 0.0989352918386918
0 0.13302141840588239 0.20171169669555616 0.06277580790527318 0.07966256710447822
0 0.18872727661356598 0.2698716828848016 0.14274751103160455 0.20267827598507593
0 0.26790015422949015 0.2718140185007595 0.09849312627424293 0.14955591274760904
0 0.27794539221114695 0.1900552789343606 0.06277580790527318 0.07966256710447822
0 0.2657559744725549 0.15528342071048024 0.05494808759973898 0.07000522698564911
0 0.324404837947581 0.21501596019344937 0.07331546528665155 0.09414158469881428
0 0.3286106475139837 0.1681339676095419 0.07300737436465354 0.08933389239112198
0 0.41696721397336406 0.15800812436891726 0.0633919897492692 0.08927795171986283
0 0.4655367140443526 0.13129310590422102 0.0632379442882702 0.08687410556601668
0 0.4556150809126262 0.22987177596363553 0.10912594789448321 0.12799122320206757
0 0.5685797086350332 0.1919688428595395 0.09408668912741056 0.11829192757979425
0 0.6272267297044031 0.15798634526204566 0.08175936743618177 0.11341430943302801
0 0.6437294203509659 0.12545051117823375 0.05781407013658187 0.0772307506150025
0 0.7007211538461539 0.07572115384615384 0.04567307692307692 0.11298076923076923
0 0.7860576923076923 0.051682692307692304 0.07692307692307693 0.10336538461538461
0 0.9038461538461539 0.018028846153846152 0.08653846153846154 0.036057692307692304
0 0.9807692307692307 0.028846153846153848 0.038461538461538464 0.057692307692307696
0 0.125 0.5757211538461539 0.21153846153846154 0.09375