0 0.4266826923076923 0.4326923076923077 0.05048076923076923 0.07211538461538461
0 0.4831730769230769 0.4230769230769231 0.03365384615384615 0.057692307692307696
0 0.42530945099519746 0.3964438550242326 0.03398228854222364 0.0376954354102873
0 0.45286260547968743 0.399094550845759 0.03398228854222364 0.03769543541028743
0 0.3982296093097043 0.4034715339374214 0.03157844238837749 0.03756945517162613
0 0.367908303532405 0.40550255018492626 0.03398228854222364 0.03769543541028743
0 0.49278846153846156 0.38341346153846156 0.014423076923076924 0.026442307692307692
0 0.22956730769230768 0.4519230769230769 0.055288461538461536 0.03365384615384615
0 0.24203340343558274 0.44234678878243794 0.037296897543477585 0.04984064641817936
0 0.19692613500452 0.3687877422320921 0.02899244366504975 0.03503962877911895
0 0.1622596153846154 0.46153846153846156 0.05048076923076923 0.014423076923076924
0 0.15864532970418654 0.4440100859332435 0.02935674880401292 0.03984732108681126
0 0.1756544053505912 0.4424881014500253 0.029538901373494506 0.04225116724065741
0 0.08653846153846154 0.4579326923076923 0.028846153846153848 0.021634615384615384
0 0.11658653846153846 0.45913461538461536 0.036057692307692304 0.019230769230769232
0 0.12620192307692307 0.45552884615384615 0.021634615384615384 0.026442307692307692
0 0.5432692307692307 0.18509615384615385 0.08653846153846154 0.19230769230769232
0 0.6610576923076923 0.054086538461538464 0.11538461538461539 0.10817307692307693
0 0.0610687063367968 0.8390188402381735 0.0902919399964032 0.11726409734524851
0 0.11273488667747292 0.7463975515764818 0.09415300670610204 0.1366208468146789
0 0.23197115384615385 0.49158653846153844 0.05048076923076923 0.04567307692307692
0 0.29447115384615385 0.49158653846153844 0.05048076923076923 0.04567307692307692
0 0.3376809128563997 0.5168472367167258 0.05354150016137037 0.07463498938860774
0 0.375 0.49038461538461536 0.057692307692307696 0.04326923076923077
0 0.39916114234895816 0.5176558866487393 0.05354150016137037 0.07463498938860774
0 0.5444711538461539 0.703125 0.0889423076923077 0.13701923076923078
0 0.5204326923076923 0.625 0.040865384615384616 0.057692307692307696
0 0.5812489399821128 0.6585295263188106 0.056491804023661205 0.08197250808880738
0 0.6189903846153846 0.9038461538461539 0.23798076923076922 0.19230769230769232
0 0.666239104679981 0.6834975072183045 0.08198748611797536 0.10246307970618809
0 0.7206913676887592 0.6018824966069123 0.03471089882014985 0.047310820025672044
0 0.7579330516980818 0.5881472001868295 0.031942747527340526 0.042377147479318436
0 0.7993448940219111 0.5830773257825308 0.03248920523578528 0.04958868594085704
0 0.8050067162345796 0.6835298324797825 0.11189069263043304 0.14952193925453783
0 0.8336542055442356 0.5921155777046561 0.032307052666303696 0.04718483978701075
0 0.8358400363780145 0.5632694238585022 0.03248920523578528 0.0495886859408569
0 0.9168407759225808 0.6568100102619421 0.10376839132148664 0.13712476776932356