0 0.32050314486789355 0.07436619527841747 0.118141121484274 0.10881639464255763
0 0.4293150883164347 0.10024989761328265 0.14229713633800636 0.14499995346058314
0 0.7608173076923077 0.2283653846153846 0.2764423076923077 0.1201923076923077
0 0.9483173076923077 0.0889423076923077 0.10336538461538461 0.09615384615384616
0 0.2324183369816616 0.8082517144048995 0.04540390365979515 0.06514159400669765
0 0.288572535001164 0.8133880581562395 0.08018386291655889 0.11580417041905924
0 0.3524678213673633 0.8281887346103161 0.03735189870855106 0.053080407734022526
0 0.4172876208722389 0.8297682572182385 0.061339820264342246 0.08686012039820189
0 0.5182826660000776 0.7954858798678759 0.14387698935207693 0.2363181369711072
0 0.6489308247974755 0.7842218481606443 0.09712833930875278 0.15194577373364027
0 0.8655285586241012 0.6099298181941327 0.1769760156294293 0.26294225184500736