0 0.07091346153846154 0.2127403846153846 0.04567307692307692 0.11057692307692307
0 0.19230769230769232 0.22956730769230768 0.054086538461538464 0.12620192307692307
0 0.33052884615384615 0.21995192307692307 0.0829326923076923 0.16466346153846154
0 0.5360576923076923 0.20192307692307693 0.10697115384615384 0.22716346153846154
0 0.6334134615384616 0.21033653846153846 0.051682692307692304 0.08653846153846154
0 0.7091346153846154 0.21033653846153846 0.036057692307692304 0.08052884615384616
0 0.7560096153846154 0.21033653846153846 0.028846153846153848 0.08173076923076923
0 0.8028846153846154 0.22355769230769232 0.0673076923076923 0.15144230769230768
0 0.8329326923076923 0.19471153846153846 0.028846153846153848 0.09014423076923077
0 0.8497596153846154 0.21514423076923078 0.02403846153846154 0.06850961538461539
0 0.9146634615384616 0.19110576923076922 0.042067307692307696 0.07932692307692307