0 0.042067307692307696 0.038461538461538464 0.05048076923076923 0.07692307692307693
0 0.06807437637713437 0.10990731349181021 0.05168353437300633 0.10778187964914518
0 0.061938048156505734 0.2245106243741464 0.05394752411496452 0.09597295816723636
0 0.09508841122755494 0.2648355251208701 0.07340206360475457 0.11688620169658105
0 0.07492060403713593 0.34704684557329174 0.08827268104587314 0.15660959588205123
0 0.21394230769230768 0.4987980769230769 0.10576923076923077 0.18028846153846154
0 0.38822115384615385 0.4519230769230769 0.10336538461538461 0.1778846153846154
0 0.281805215320982 0.3157390930174516 0.07119401642755162 0.13350281548618226
0 0.23312775173825445 0.26836774109985895 0.06862234257943975 0.11886942927578331
0 0.1930036061058763 0.20824107590740876 0.06115906257650312 0.09660388602920214
0 0.14903846153846154 0.025240384615384616 0.04326923076923077 0.05048076923076923
0 0.3026311897125889 0.07377715797792178 0.051571649243495714 0.09816649503376063
0 0.34686374559321903 0.19357935844188198 0.058978986681677656 0.11562434597264949
0 0.3858978532781843 0.2441957936626085 0.07102618873328591 0.11907973856310533
0 0.41947115384615385 0.08533653846153846 0.040865384615384616 0.0985576923076923
0 0.38461538461538464 0.02403846153846154 0.052884615384615384 0.04807692307692308
1 0.6505035856020297 0.16548181766054254 0.08125694156097787 0.17280559109700838
1 0.90625 0.07692307692307693 0.08653846153846154 0.15384615384615385
1 0.6033653846153846 0.7043269230769231 0.25 0.23076923076923078
1 0.4519230769230769 0.7295673076923077 0.02403846153846154 0.11298076923076923