0 0.018028846153846152 0.4362980769230769 0.036057692307692304 0.1466346153846154
0 0.16346153846153846 0.4651442307692308 0.1346153846153846 0.0889423076923077
0 0.1713660289740576 0.39703465974279273 0.1031853808682585 0.13269501617761476
0 0.328125 0.46634615384615385 0.21394230769230768 0.08653846153846154
0 0.34340886613682897 0.3964268621916808 0.10803503246664356 0.13535082280878322
0 0.4495192307692308 0.4254807692307692 0.10096153846153846 0.11538461538461539
0 0.4855769230769231 0.2127403846153846 0.028846153846153848 0.11298076923076923
0 0.5252403846153846 0.4423076923076923 0.05048076923076923 0.1346153846153846
0 0.5036057692307693 0.10817307692307693 0.007211538461538462 0.038461538461538464
0 0.5312925830452419 0.09598186862840621 0.02943358391585349 0.03516560901778011
0 0.5434647546240748 0.1567709137871964 0.061354932566938775 0.07526489058191356
0 0.5480769230769231 0.24879807692307693 0.09615384615384616 0.13701923076923078
0 0.5854691233803433 0.1625813371945359 0.04672205919039767 0.06248977838071595
0 0.6264394062224601 0.15871338586716016 0.04410841658308735 0.05034456737282388
0 0.6464464223310465 0.11525007393029557 0.031921348651085285 0.04009928156413345
0 0.6153013205577788 0.10760271544308513 0.024667850898854003 0.03731749469430394
0 0.5898721191342763 0.11709723062945074 0.0318793893603924 0.03769543541028743
0 0.6978414828960665 0.20335817764237948 0.06143885114832442 0.08007258288960586
0 0.6987226280006159 0.15287740841161027 0.04419233516447299 0.05515225968051619
0 0.6911063929853183 0.10676340065321933 0.027029737762007337 0.03503962877911895
0 0.7330897820962401 0.11377574713748186 0.031921348651085285 0.04009928156413359
0 0.7502104202080131 0.09783068573118679 0.02222204545431503 0.03478766830179662
0 0.7811937681106872 0.18366603433772788 0.061564729020402956 0.08728412135114419
0 0.8268939079712878 0.25343034129931274 0.1106486750739539 0.14749603381667514
0 0.8179437887148111 0.14589227637918364 0.041956326173398124 0.06464166405723965
0 0.7820329539245438 0.1355891112608048 0.03938464285678068 0.054900299203193996
0 0.7982873432849362 0.10035029050441 0.029559461787932024 0.042377147479318436
0 0.9281850374661915 0.17091813658836613 0.04663814060901203 0.057682086073023504
0 0.9627403846153846 0.19471153846153846 0.07451923076923077 0.09134615384615384
0 0.9819711538461539 0.09735576923076923 0.036057692307692304 0.04567307692307692
0 0.9569411894387823 0.10866498625604629 0.027155615634085868 0.04225116724065741
0 0.9378362980800916 0.10044560588521866 0.02711365634339298 0.03984732108681126
0 0.9088013274258201 0.1097511507135924 0.029475543206546242 0.03756945517162627
0 0.8598371759521701 0.08913970966719252 0.031921348651085285 0.04009928156413359
0 0.8764752822209754 0.10083887903012836 0.027029737762007337 0.03503962877911895
0 0.8949447009270964 0.0765433462047024 0.03200526723247093 0.04490697387182575
0 0.1622596153846154 0.5360576923076923 0.08413461538461539 0.052884615384615384
0 0.213829220159133 0.6859966687529593 0.11136198301573207 0.18836141843205978
0 0.3605769230769231 0.5637019230769231 0.09134615384615384 0.10817307692307693