0 0.38341346153846156 0.44350961538461536 0.15144230769230768 0.0889423076923077
0 0.2692307692307692 0.43149038461538464 0.1201923076923077 0.11298076923076923
0 0.25861903582972345 0.3443935732186066 0.10965555488909008 0.13307295689359824
0 0.2306539773784642 0.2701841822363865 0.09758038155510408 0.12763536339260012
0 0.16868543174363873 0.22778659151849973 0.07563808206433507 0.10005923355234195
0 0.13185937123587624 0.19247966983313225 0.05129193641971986 0.07235712347342275
0 0.10065132815944268 0.19051164370495807 0.048860118983496084 0.06982729708091544
0 0.051554295341050944 0.1774692385975118 0.05363984000881077 0.06767541140439161
0 0.0780394020222391 0.06917529224541578 0.041368867698181565 0.04541089482647041
0 0.11823347586056114 0.12472593588048383 0.04388459898153813 0.05515225968051619
0 0.1321818830485328 0.06153304456784744 0.029237751799440385 0.03516560901777998
0 0.1701958809920295 0.09797889921080742 0.026889848210349402 0.03984732108681112
0 0.19213818048279857 0.07040276937054933 0.036645089237622046 0.05237047281068655
0 0.22575006971307834 0.07224481526006234 0.03907690667384582 0.054900299203193864
0 0.25417665432356806 0.10679074470382076 0.05131990770209741 0.07476096962726891
0 0.2950000820153863 0.10825484987735035 0.03924473436811154 0.06932337612627079
0 0.31663469740000166 0.10712102772939994 0.03924473436811154 0.06932337612627079
0 0.34433487073398766 0.10086456267710432 0.05383563898545391 0.0845023344813147
0 0.37545899996328835 0.11004412726681696 0.05137585026685265 0.07956866193496122
0 0.421160048168743 0.10524665657840884 0.06353493744797152 0.0922177938974978
0 0.4338942307692308 0.12980769230769232 0.05048076923076923 0.10576923076923077
0 0.45072115384615385 0.004807692307692308 0.016826923076923076 0.009615384615384616
0 0.4387019230769231 0.004807692307692308 0.016826923076923076 0.009615384615384616
0 0.2439903846153846 0.002403846153846154 0.016826923076923076 0.004807692307692308
0 0.021634615384615384 0.6526442307692307 0.04326923076923077 0.11298076923076923
0 0.0918043117441282 0.6945039148673694 0.0857010071977614 0.13902469296852507
0 0.12854730047007193 0.6337199805182212 0.07340206360475457 0.11435633023675784
0 0.24845989533860355 0.651459430123625 0.07625345027664238 0.15294384893695734
0 0.3206863230181845 0.7413670328444598 0.12508559797776103 0.22036729986402662
0 0.3943401281643375 0.6053760872230866 0.07359786258139778 0.13118325331368078
0 0.35156039483671486 0.5655764238266797 0.05405940924447487 0.10373310371208391
0 0.5526434912231496 0.8634132684491901 0.06800697436713239 0.06362360052866628
0 0.5062300173823802 0.8262064215646211 0.04368880000489493 0.038325336603593115
0 0.6560648184032895 0.8531884258790681 0.05579194462125842 0.04616677625843739
0 0.6077081825025903 0.8797464921907528 0.051012223595943734 0.04831866193496122
0 0.47716346153846156 0.9038461538461539 0.036057692307692304 0.0625
0 0.6013497681535688 0.8068071252144287 0.038853136414824865 0.03566952997242463
0 0.9771634615384616 0.9483173076923077 0.04567307692307692 0.09375
0 0.8378900163418912 0.918133158510051 0.10931989950055893 0.10422680304744439
0 0.7312125609607023 0.8984988945150878 0.08256990770209754 0.0763987127298639
0 0.8201836820007016 0.7881313850347248 0.053360127185034786 0.04363694986593007
0 0.9232833394334989 0.8055507732338335 0.05349998359692275 0.05565618063516084
0 0.8661216440410519 0.8662036165346785 0.055875858468391146 0.05337831471997585
0 0.908077066603849 0.8736143469734928 0.0801660615482514 0.07627273249120273
0 0.9689004737918208 0.8079648410069639 0.034073415389510316 0.03782141564894846