0 0.04246698816174817 0.27335795149750636 0.05552106064644081 0.09095495657222202
0 0.12337068466891427 0.439898395925925 0.1405646070725443 0.23710793068960095
0 0.1323549112821095 0.32712793598247775 0.06018874485925338 0.08897172899301992
0 0.22029345376936874 0.3106606087876057 0.05029334405410916 0.0833227995360398
0 0.31056583836303425 0.2956055139569788 0.05241717401819584 0.07872541651566951
0 0.28012256727143847 0.4656928850147424 0.1017304614081467 0.14522129297478623
0 0.3625059598948263 0.3786727822090442 0.06541646145158517 0.09660388602920214
0 0.48027071289239776 0.34790224338511233 0.06838033998495027 0.10642957993190877
0 0.2800480769230769 0.6057692307692307 0.13701923076923078 0.14423076923076922
0 0.5084134615384616 0.5721153846153846 0.040865384615384616 0.20673076923076922
0 0.6310096153846154 0.03365384615384615 0.0985576923076923 0.0673076923076923
0 0.5444711538461539 0.265625 0.03125 0.11778846153846154
0 0.5745192307692307 0.3545673076923077 0.09134615384615384 0.15144230769230768
0 0.6542813971269295 0.25223548872642393 0.05283719830283518 0.08593695497720798
0 0.7323019518433849 0.3230879275722928 0.0969227691004544 0.1448006744001422
0 0.7266553325416443 0.46151939070576853 0.13676067996990054 0.21285915986381754
0 0.7556629598731072 0.2538569403324067 0.05043335214898903 0.08572664568988596
0 0.7850109963217853 0.26850503719316166 0.05678113350035884 0.11258957195683741
0 0.9495214739196917 0.1403482177921642 0.08207966789273814 0.13632728021467225
0 0.839238664453434 0.39526215478910165 0.1058144047005501 0.17427775610826196
0 0.8521634615384616 0.5564903846153846 0.17067307692307693 0.24278846153846154
0 0.9627403846153846 0.4170673076923077 0.07451923076923077 0.19951923076923078
0 0.09014423076923077 0.9867788461538461 0.040865384615384616 0.026442307692307692
0 0.22115384615384615 0.9927884615384616 0.03365384615384615 0.014423076923076924
0 0.7331730769230769 0.9603365384615384 0.0625 0.07932692307692307