0 0.38100961538461536 0.02283653846153846 0.036057692307692304 0.04567307692307692
0 0.3112980769230769 0.026442307692307692 0.05048076923076923 0.052884615384615384
0 0.25600961538461536 0.03125 0.05048076923076923 0.0625
0 0.6105769230769231 0.44591346153846156 0.0673076923076923 0.026442307692307692
0 0.6106291429589132 0.3830267426968563 0.05004350266954635 0.06382895080897064
0 0.46153846153846156 0.4495192307692308 0.057692307692307696 0.019230769230769232
0 0.7536057692307693 0.43990384615384615 0.040865384615384616 0.038461538461538464
0 0.8473557692307693 0.4375 0.0889423076923077 0.04326923076923077
0 0.9026442307692307 0.4411057692307692 0.06009615384615385 0.036057692307692304
0 0.9350961538461539 0.44591346153846156 0.04807692307692308 0.026442307692307692
1 0.7223557692307693 0.9050480769230769 0.20432692307692307 0.18990384615384615