0 0.09615384615384616 0.5276442307692307 0.07572115384615384 0.12259615384615384
0 0.15384615384615385 0.4254807692307692 0.046875 0.0829326923076923
0 0.23076923076923078 0.45072115384615385 0.04447115384615385 0.08653846153846154
0 0.25 0.4074519230769231 0.037259615384615384 0.07932692307692307
0 0.3088942307692308 0.4254807692307692 0.036057692307692304 0.051682692307692304
0 0.3233173076923077 0.3954326923076923 0.03365384615384615 0.055288461538461536
0 0.33052884615384615 0.5300480769230769 0.06850961538461539 0.12620192307692307
0 0.375 0.40865384615384615 0.026442307692307692 0.051682692307692304
0 0.36658653846153844 0.38341346153846156 0.021634615384615384 0.046875
0 0.4338942307692308 0.30408653846153844 0.03125 0.055288461538461536
0 0.43509615384615385 0.3798076923076923 0.036057692307692304 0.055288461538461536
0 0.47475961538461536 0.4074519230769231 0.037259615384615384 0.07091346153846154
0 0.49278846153846156 0.3858173076923077 0.037259615384615384 0.0673076923076923
0 0.6598557692307693 0.37740384615384615 0.026442307692307692 0.05889423076923077
0 0.6778846153846154 0.4026442307692308 0.036057692307692304 0.07091346153846154
0 0.7115384615384616 0.4387019230769231 0.039663461538461536 0.07932692307692307
0 0.7391826923076923 0.38100961538461536 0.03365384615384615 0.05889423076923077
0 0.7716346153846154 0.39903846153846156 0.036057692307692304 0.06370192307692307
0 0.8161057692307693 0.38341346153846156 0.03125 0.055288461538461536
0 0.8401442307692307 0.46274038461538464 0.052884615384615384 0.09495192307692307
0 0.8894230769230769 0.3798076923076923 0.042067307692307696 0.07091346153846154
0 0.9543269230769231 0.5853365384615384 0.078125 0.1346153846153846
0 0.9663461538461539 0.4639423076923077 0.052884615384615384 0.09134615384615384
0 0.9783653846153846 0.4014423076923077 0.039663461538461536 0.07451923076923077