0 0.008413461538461538 0.19831730769230768 0.016826923076923076 0.07451923076923077
0 0.07187306568676824 0.16581523754129998 0.029811217532088954 0.05764315244863765
0 0.08707238948766254 0.1225214291502342 0.02972729895070331 0.052835460140945346
0 0.09328907155692782 0.31801786458183134 0.06927977897025542 0.11847504802117989
0 0.10762214660644169 0.25539517483873897 0.05426927197747885 0.08364385641224582
0 0.15038786588735853 0.2877733650501568 0.05473082417509982 0.1100861641045535
0 0.18416758991328308 0.2833089659838237 0.06649829920017379 0.09664420839404997
0 0.22153210352463062 0.28034082635818575 0.05194934440501834 0.08825532447742344
0 0.10742724650614655 0.19760475502517386 0.029769258241396066 0.0552393062947915
0 0.12433808816445527 0.19417063241508428 0.02972729895070331 0.052835460140945346
0 0.28192197240563427 0.2684195093441294 0.049335701797708006 0.076039869465678
0 0.24851988199594507 0.2512492930258471 0.034660869130474156 0.060439447087513025
0 0.33120081855948047 0.27244210631568017 0.0420402447547839 0.07064350443044166
0 0.36665010115212665 0.3102412391841694 0.054311231268171604 0.08604770256609197
0 0.33577165147618476 0.21744798114099062 0.022305964035700673 0.04022755664417041
0 0.35112391608668136 0.23434843871733596 0.029769258241396066 0.0552393062947915
0 0.38450502685102406 0.2527205781125413 0.029559461787932024 0.04322007552556073
0 0.40628649975306447 0.24607313475671183 0.03208918581385671 0.05062783822961373
0 0.44348317620164057 0.25272037974645845 0.03453499125839562 0.0532279086259747
0 0.37553392794920093 0.14606833825199453 0.032131145104549466 0.053031684383459884
0 0.014423076923076924 0.4831730769230769 0.028846153846153848 0.0673076923076923
0 0.10216346153846154 0.4639423076923077 0.036057692307692304 0.028846153846153848
0 0.13717552510219624 0.5019854314844014 0.04933570179770787 0.076039869465678
0 0.23317307692307693 0.4579326923076923 0.03365384615384615 0.016826923076923076
0 0.3798076923076923 0.46634615384615385 0.03365384615384615 0.03365384615384615
0 0.40384615384615385 0.4807692307692308 0.028846153846153848 0.0625
0 0.44807498876369134 0.5502330093515897 0.06198432192733131 0.11307868298594369
0 0.5222105026245092 0.5093428487482871 0.044611928071401345 0.08045511328834096
0 0.5523424981289717 0.5069879594720281 0.029853176822781845 0.06004699860248381
0 0.5144230769230769 0.71875 0.11057692307692307 0.23076923076923078
0 0.5889423076923077 0.59375 0.038461538461538464 0.10096153846153846
0 0.6265801804477076 0.5956856811424827 0.05920284215724955 0.09124784335881363
0 0.6166649975052957 0.5431199797434744 0.05140387362601145 0.05700532447742345
0 0.6809394542987495 0.5844757265990628 0.046931855643861715 0.07584364522316332
0 0.7020556618418817 0.6848975492106444 0.08129900973948605 0.1194561692337534
0 0.7494761326208886 0.6574739219396805 0.061690606892481216 0.09625175990902061
0 0.7912646216315155 0.6079251186778145 0.06641438061878802 0.09183651608635766
0 0.6545844187111906 0.853142400724123 0.1555543181802052 0.24793905035534727
0 0.7939384734060508 0.7995214485148703 0.11646339035827406 0.20874177016742015
0 0.9243396790756203 0.8450714389626891 0.13299659840034758 0.19328841678809994
0 0.8208572296491486 0.7054279569074282 0.07855948926009731 0.10002917576046937
0 0.8817925693091591 0.6622566398933719 0.06902802322609822 0.10405197109810296