0 0.038461538461538464 0.6334134615384616 0.05048076923076923 0.06610576923076923
0 0.039663461538461536 0.5793269230769231 0.02403846153846154 0.042067307692307696
0 0.07091346153846154 0.5709134615384616 0.026442307692307692 0.04807692307692308
0 0.08052884615384616 0.7776442307692307 0.08653846153846154 0.13822115384615385
0 0.15384615384615385 0.6370192307692307 0.04447115384615385 0.06610576923076923
0 0.21875 0.5925480769230769 0.04567307692307692 0.07451923076923077
0 0.24879807692307693 0.6646634615384616 0.054086538461538464 0.08052884615384616
0 0.28846153846153844 0.6129807692307693 0.042067307692307696 0.078125
0 0.3425480769230769 0.6394230769230769 0.04807692307692308 0.08413461538461539
0 0.37259615384615385 0.6225961538461539 0.036057692307692304 0.06850961538461539
0 0.4411057692307692 0.6286057692307693 0.04567307692307692 0.08052884615384616
0 0.46875 0.6850961538461539 0.057692307692307696 0.10817307692307693
0 0.5096153846153846 0.48197115384615385 0.027644230769230768 0.04447115384615385
0 0.5384615384615384 0.640625 0.051682692307692304 0.09254807692307693
0 0.609375 0.9230769230769231 0.10576923076923077 0.12860576923076922
0 0.671875 0.7127403846153846 0.06370192307692307 0.11057692307692307
0 0.6670673076923077 0.640625 0.05048076923076923 0.07451923076923077
0 0.6370192307692307 0.6069711538461539 0.042067307692307696 0.06610576923076923
0 0.7175480769230769 0.6394230769230769 0.04807692307692308 0.07211538461538461
0 0.7127403846153846 0.5961538461538461 0.042067307692307696 0.0625
0 0.859375 0.6454326923076923 0.042067307692307696 0.078125
0 0.9014423076923077 0.7463942307692307 0.07451923076923077 0.11057692307692307