0 0.018028846153846152 0.17427884615384615 0.036057692307692304 0.0889423076923077
0 0.03365384615384615 0.20410532774824175 0.04807692307692308 0.09527063869644724
0 0.08052884615384616 0.16947016201573933 0.05048076923076923 0.0906591706312696
0 0.07932692307692307 0.11528551143294354 0.040865384615384616 0.06583581212274936
0 0.11899038461538461 0.11732128835751254 0.038461538461538464 0.07765881864946546
0 0.1502403846153846 0.16073758812558786 0.0625 0.11087106107461214
0 0.16706730769230768 0.12605346551549823 0.03365384615384615 0.060439447087513025
0 0.1045673076923077 0.3793650967485783 0.14182692307692307 0.2663849226160578
0 0.3858173076923077 0.3879002561997178 0.18990384615384615 0.3592517151586589
0 0.26322115384615385 0.09014423076923077 0.12740384615384615 0.18028846153846154
0 0.3605769230769231 0.1478591324225445 0.052884615384615384 0.10768231795070736
0 0.37259615384615385 0.06831140748127175 0.04567307692307692 0.07343979906931718
0 0.5516826923076923 0.5 0.13221153846153846 0.4182692307692308
0 0.6310096153846154 0.41346153846153844 0.026442307692307692 0.125
0 0.65625 0.3759311725045717 0.04807692307692308 0.07844371561952429
0 0.6274038461538461 0.3581730769230769 0.019230769230769232 0.057692307692307696
0 0.7043269230769231 0.3690383496625573 0.02403846153846154 0.05003916550206956
0 0.7151442307692307 0.3542963587538734 0.021634615384615384 0.03782371049032426
0 0.7475961538461539 0.2655992321816676 0.026442307692307692 0.043023851283045915
0 0.7764423076923077 0.4662712307841513 0.12980769230769232 0.23415380140348455
0 0.8221153846153846 0.37023987600731456 0.03365384615384615 0.07486252401059008
0 0.8004807692307693 0.3648680885939134 0.036057692307692304 0.06544336363772
0 0.8497596153846154 0.35446760864238713 0.021634615384615384 0.049842941259555025
0 0.8617788461538461 0.34943911447034515 0.028846153846153848 0.05764315244863765
0 0.9230769230769231 0.40492360188523857 0.04807692307692308 0.08325140792721661
0 0.9134615384615384 0.35485985876133364 0.03125 0.055435530537306175
0 0.8846153846153846 0.3573128601588499 0.028846153846153848 0.0552393062947915
0 0.9447115384615384 0.35620885083710124 0.036057692307692304 0.06303951748387385
0 0.9567307692307693 0.33555535666505926 0.026442307692307692 0.047831543590738226
0 0.5661057692307693 0.8545673076923077 0.10336538461538461 0.29086538461538464
0 0.9603365384615384 0.8786057692307693 0.07932692307692307 0.11778846153846154