0 0.3762019230769231 0.34375 0.06490384615384616 0.21634615384615385
0 0.328125 0.007211538461538462 0.036057692307692304 0.014423076923076924
0 0.27291903034732373 0.04462255853425991 0.051211829229175374 0.06982729708091544
0 0.2644230769230769 0.015625 0.03365384615384615 0.03125
0 0.13221171661049075 0.061228185991713216 0.05177163389922047 0.0818465278501462
0 0.0739925653726616 0.12412145913662292 0.06686647642635152 0.09702548620518997
0 0.015625 0.010817307692307692 0.026442307692307692 0.021634615384615384
0 0.0889423076923077 0.008413461538461538 0.028846153846153848 0.016826923076923076
0 0.1198269558420569 0.02700742876389183 0.038408871921881464 0.05237047281068668
1 0.5300480769230769 0.10336538461538461 0.15144230769230768 0.20673076923076922
0 0.34975961538461536 0.9903846153846154 0.040865384615384616 0.019230769230769232
0 0.3004807692307692 0.984375 0.04326923076923077 0.03125
1 0.5618120210571125 0.9150005157773082 0.05898317236075894 0.08222446856612983