0 0.02202630050469468 0.3856494703268432 0.03393706241621622 0.058783581738924826
0 0.043101111219264965 0.39842419851296274 0.04618021505346503 0.06401099483377756
0 0.07996886333484884 0.4081387944916216 0.051435751097193415 0.07379426776402635
0 0.1264783333356457 0.4434715237941095 0.06149897944861411 0.08374542900913931
0 0.19006498155121226 0.49986652658503034 0.08229720175550935 0.11807082842244217
0 0.296875 0.5649038461538461 0.11298076923076923 0.12980769230769232
0 0.051801102947444215 0.2891751147491109 0.028569565438478807 0.046596462654829744
0 0.16894081822433263 0.38476044854558505 0.038968676591926564 0.0637591623614813
0 0.14839616498263128 0.3864507693612585 0.03097341159232496 0.04668040681226197
0 0.12897112108102002 0.36410262863847037 0.030861450658316077 0.044276560658415814
0 0.20443870586197982 0.39803884167629716 0.0412605618117637 0.061439260365067236
0 0.21578948495450412 0.36111500292141013 0.030749489724307057 0.041872714504569655
0 0.2404997120970197 0.347531367572654 0.03589306483402643 0.04925214128097229
0 0.24234043965347324 0.4114011789644412 0.04903190494334726 0.07371032360659427
0 0.2816153518502508 0.3694330826354078 0.038632793789899506 0.05654762389994284
0 0.32873729306074967 0.44331129455686624 0.06138701851460509 0.08134158285529317
0 0.35409295253749096 0.3900222255909326 0.038408871921881464 0.0517399315922504
0 0.3436411748443862 0.35594865864992603 0.028345643570460766 0.04178877034713757
0 0.3206926754488387 0.35755503530816735 0.03360117961418915 0.05157204327738636
0 0.42813469237350954 0.4287241588577356 0.07279377807413404 0.12013889794655998
0 0.3886984666304137 0.3707647514872895 0.04148448367978174 0.06624695267275954
0 0.4391529025913544 0.3472452220992626 0.03337725774617111 0.04676435096969405
0 0.4868642956690745 0.3826199234804666 0.06194682318464992 0.09336081362452393
0 0.5493939428662505 0.35831819180267704 0.046516097855492086 0.07122253329531603
0 0.5741601504757706 0.3435326333769979 0.046516097855492086 0.07122253329531603
0 0.5112123067397346 0.35096546989914823 0.036228947636053346 0.05646367974251076
0 0.6021634615384616 0.5120192307692307 0.07451923076923077 0.17307692307692307
0 0.22235576923076922 0.9555288461538461 0.0985576923076923 0.0889423076923077
0 0.3137019230769231 0.9519230769230769 0.12259615384615384 0.09615384615384616
0 0.7468155630864861 0.8791018260471405 0.1071193898320341 0.13573719307368612
0 0.9080708439923679 0.8546360355932973 0.09168866450287606 0.11359891274447821