0 0.15504807692307693 0.016826923076923076 0.10336538461538461 0.03365384615384615
0 0.24278846153846154 0.014423076923076924 0.04807692307692308 0.028846153846153848
0 0.3233173076923077 0.07572115384615384 0.18028846153846154 0.15144230769230768
0 0.4170673076923077 0.03365384615384615 0.06490384615384616 0.0673076923076923
0 0.44881137708428465 0.04430070775900141 0.050900324265213084 0.07505555460785975
0 0.5240384615384616 0.07091346153846154 0.0673076923076923 0.14182692307692307
0 0.5997596153846154 0.11658653846153846 0.08413461538461539 0.23317307692307693
0 0.6393445557897967 0.17726194692717975 0.13088455022943166 0.1926565909696612
0 0.8722099590209482 0.24372734751513264 0.12848070407558565 0.19251658287478163
0 0.7091346153846154 0.33052884615384615 0.23557692307692307 0.13701923076923078
0 0.7263445278661464 0.10297531526592839 0.0847359776006516 0.10826566793617659
0 0.7277492358763842 0.06818955008259896 0.06781115834902487 0.09045868819509496
0 0.6887019230769231 0.03125 0.055288461538461536 0.0625
0 0.6730769230769231 0.009615384615384616 0.03365384615384615 0.019230769230769232
0 0.625 0.028846153846153848 0.057692307692307696 0.057692307692307696
0 0.6362981932716193 0.080898088631014 0.06547723803425279 0.10233791086944599
0 0.12115568156122979 0.5623555056041986 0.13801217768408128 0.17865353833122372
0 0.11177884615384616 0.8653846153846154 0.22355769230769232 0.2692307692307692
0 0.25600961538461536 0.8737980769230769 0.18990384615384615 0.25240384615384615
0 0.32169502822579127 0.6052961815266591 0.11383386446747187 0.15321499584396447
0 0.5012019230769231 0.890625 0.11298076923076923 0.21875
0 0.9507211538461539 0.9855769230769231 0.026442307692307692 0.028846153846153848