0 0.06117771674191603 0.24543583655273687 0.05556426944373472 0.08197250808880738
0 0.11227466781668113 0.25240563615623723 0.0852415318170204 0.13383905994484926
0 0.16312625159724148 0.19909031155559198 0.06625797228611209 0.09930335212037497
0 0.38118304702274625 0.17680880214511896 0.07602740236249571 0.10221111922886578
0 0.1045673076923077 0.3858173076923077 0.15625 0.1658653846153846
0 0.5084134615384616 0.33533653846153844 0.040865384615384616 0.0889423076923077
0 0.5105913265752349 0.28260345736379466 0.04410033929636267 0.05262243328800901
0 0.5625659682965628 0.3220881701635486 0.09904842689610159 0.12497955676143163
0 0.5835701027344761 0.2546596084268373 0.06231367152227631 0.07513891034325226
0 0.6125541605332666 0.2929372873400261 0.05223615052389489 0.06742345092706928
0 0.6474403703751044 0.31040433322953914 0.06487156313712147 0.07766873673575972
0 0.6380113142374433 0.23854090909147685 0.049524213448050795 0.062489778380715816
0 0.6762883666269144 0.2148276197689524 0.04425438475736161 0.05502627944185516
0 0.7243777464008876 0.36305232056575854 0.08610492336087706 0.10992657864504889
0 0.7600217268506699 0.24179429165447305 0.05781407013658187 0.07969464217362238
0 0.7827508019706404 0.22010179696016918 0.047274412755203506 0.0647676442959008
0 0.7873883073089714 0.25483158595227723 0.03913860152767143 0.049966626656840527
0 0.8109789315671423 0.3030396000775035 0.07735293028934911 0.08551017639060386
0 0.878610856305195 0.26693425007940697 0.04650418545020876 0.052748413526670174
0 0.8555593911605203 0.22713969749264218 0.049062077065053916 0.05527823991917735
0 0.968925274043787 0.22722824166018316 0.048908031604054915 0.0528743937653312
0 0.9578464575489123 0.20489562415328935 0.036426664451827406 0.04503295411048692
0 0.9747596153846154 0.36538461538461536 0.05048076923076923 0.15865384615384615
0 0.019230769230769232 0.5444711538461539 0.038461538461538464 0.10817307692307693
0 0.08726535139279495 0.7756013324988162 0.1552288781838322 0.21656744946562376
0 0.14573157120140962 0.5964671363468735 0.0892789968197181 0.12207178965294083
0 0.3473912969162634 0.6570502183151201 0.1302052626572398 0.1625490119330579
0 0.04447115384615385 0.4891826923076923 0.055288461538461536 0.040865384615384616
0 0.15504807692307693 0.49158653846153844 0.055288461538461536 0.04567307692307692
0 0.2704326923076923 0.5024038461538461 0.06490384615384616 0.0673076923076923
0 0.4375 0.5144230769230769 0.08173076923076923 0.09134615384615384
0 0.40024038461538464 0.4879807692307692 0.06009615384615385 0.038461538461538464