0 0.03245192307692308 0.296875 0.06490384615384616 0.10336538461538461
0 0.037045249348934314 0.24350596415945758 0.06779717318121023 0.0880548420412488
0 0.045067126188581434 0.17570824351968597 0.04605067645407628 0.06756399995656182
0 0.11134071743312837 0.2007041747566463 0.05331815558687389 0.07759940885658564
0 0.09303216792298621 0.15367731239132143 0.031459777517221926 0.037877797541129285
0 0.2122672929751298 0.18881421938708062 0.07995625562858887 0.11279334405410929
0 0.15599367846087459 0.22936402500137062 0.058181788565825614 0.08749480966172986
0 0.17946654205798615 0.33740894810001276 0.12585309523670235 0.15391503631836329
0 0.30590541163261137 0.16412313445600046 0.053304170419059244 0.07519556270273949
0 0.35216346153846156 0.18629807692307693 0.055288461538461536 0.06971153846153846
0 0.30079703821690096 0.11272045833806771 0.03389159400669765 0.04282549794370146
0 0.3393564728531429 0.12730725189691447 0.04839858193666329 0.0580886234360568
0 0.34757414204219744 0.09316337741098916 0.0363373956639883 0.05017704450011952
0 0.036073280185805925 0.07643865646714981 0.03147376268503685 0.04028164369497544
1 0.6081730769230769 0.18990384615384615 0.4567307692307692 0.3798076923076923
0 0.8027261900201934 0.7097584054172814 0.15731287275392455 0.19179283385949256
0 0.9579326923076923 0.6225961538461539 0.08413461538461539 0.0673076923076923
0 0.41586538461538464 0.6454326923076923 0.07211538461538461 0.11298076923076923