0 0.1264732687475232 0.3495438543358978 0.07932652634475733 0.11941101560651728
0 0.23211980977366162 0.3387565315918274 0.05175602844103175 0.07558228343450857
0 0.32645848250120557 0.3337270486011223 0.051167355713487725 0.0683707449729701
0 0.4365938018494292 0.31220634337516084 0.046359663405795275 0.06825884469241462
0 0.5290437666512489 0.31556234685277845 0.04317092028189069 0.058587509936752206
0 0.5420197393773007 0.3483779458415071 0.0567599449912386 0.07809802986891033
0 0.6477643925246964 0.33638870002051363 0.06014491235765827 0.09017321077841892
0 0.7848557692307693 0.26322115384615385 0.21394230769230768 0.31009615384615385
0 0.7560096153846154 0.1045673076923077 0.15625 0.2091346153846154
0 0.8846153846153846 0.14543269230769232 0.18269230769230768 0.29086538461538464
0 0.04816363903463593 0.8445902570432159 0.09632727806927185 0.13696529050705145
0 0.02283653846153846 0.9182692307692307 0.04567307692307692 0.16346153846153846
0 0.037604495554637796 0.7012257100477031 0.049155958044670864 0.0731224871403846
0 0.0846017885655644 0.5975536045998399 0.0335555356665059 0.05836370937564111
0 0.08021151909690229 0.7250973261043805 0.05175602844103168 0.07558228343450857
0 0.19593962608895976 0.7530792675933763 0.09213065408404673 0.12930615092329065
0 0.1842880678168404 0.674534641541293 0.04037462564301505 0.05372386748878209
0 0.24153897014653153 0.7107891642790066 0.049548406529700204 0.07793017944807691
0 0.2403846153846154 0.9362980769230769 0.22115384615384615 0.12740384615384615
0 0.3232207824997136 0.7427954961118058 0.07255659161191826 0.09526065378750012
0 0.38488653191990185 0.6659573493381947 0.032378190211418016 0.04394063245256419
0 0.424427303715271 0.6536313977364855 0.0273742736612109 0.04142488601816242
0 0.46548891257317027 0.6521787039673617 0.02776672214624025 0.04623257832585473
0 0.4608532636183234 0.7532241676393168 0.1003233137581585 0.14149323211335485
0 0.49946167271262354 0.663807288693697 0.02757049790372571 0.04382873217200857
0 0.5042202097766457 0.635017084987821 0.02776672214624025 0.04623257832585473
0 0.5743981279548016 0.7341912337776181 0.09453450023789281 0.12936210106356846
0 0.6454326923076923 0.5096153846153846 0.06490384615384616 0.11057692307692307
0 0.8251338696811902 0.5699484032302891 0.1250975170230086 0.18045832183739316
0 0.7512019230769231 0.7848557692307693 0.1466346153846154 0.27163461538461536