0 0.015625 0.25600961538461536 0.03125 0.07451923076923077
0 0.10280540179638731 0.2623315376438883 0.04640413692148307 0.06907077835615229
0 0.21475218935124693 0.25417112945459724 0.04148448367978174 0.06647103375247727
0 0.30411269358241466 0.26732495659722844 0.03874475472390852 0.05916154606602438
0 0.3133065677315917 0.3017399543158827 0.051659672965211456 0.07888206142136589
0 0.41770593402288586 0.3010849322628734 0.054623323789102715 0.09099924141551122
0 0.546875 0.23076923076923078 0.09375 0.15384615384615385
0 0.5192307692307693 0.056490384615384616 0.038461538461538464 0.07451923076923077
0 0.5889423076923077 0.02283653846153846 0.038461538461538464 0.04567307692307692
0 0.6131255131403497 0.09225223773103686 0.04674001972351013 0.07628231681769088
0 0.6529305828099962 0.061838896286251895 0.038632793789899506 0.05675769991217823
0 0.6478365384615384 0.018028846153846152 0.03125 0.036057692307692304
0 0.7241535938806563 0.02654644568680979 0.033489218680180136 0.04935026300081091
0 0.7191153518502508 0.1347195226098867 0.08458908697534663 0.11621309365294603
0 0.7463447000079692 0.06523041497612685 0.041148600877754675 0.05925949529093881
0 0.7487980769230769 0.014423076923076924 0.026442307692307692 0.028846153846153848
0 0.8189079283593899 0.05267655361330878 0.03360117961418929 0.051754109154657064
0 0.8237452678642582 0.02608732208362938 0.028009760768433978 0.03473128762790513
0 0.8790863959423767 0.07421730991645187 0.06116309664658705 0.07687001216717758
0 0.8980866154504326 0.18141089459038431 0.09213650823891215 0.12371847978922791
0 0.9257111408045302 0.051923582335385014 0.05098790736115733 0.06445898449828896
0 0.9110576923076923 0.021634615384615384 0.038461538461538464 0.04326923076923077
0 0.05545291086317515 0.8891762123434941 0.061722901316632155 0.08888924293640835
0 0.02331385124579828 0.8065108353325954 0.04344048609759188 0.056953598362007224
0 0.03592253388225016 0.767608525358942 0.038408871921881534 0.05195000760448592
0 0.09696704174013303 0.7963118455111663 0.04103663994374566 0.05685564913709266
0 0.1415238232504674 0.7669045286934755 0.03337725774617125 0.04694641684696476
0 0.16100484761908318 0.786504652589395 0.03360117961418915 0.051754109154657064
0 0.20030609308568914 0.7669086188369177 0.025829836482605728 0.039441030710683014
0 0.30250251574867437 0.6847677006154254 0.03908063752593559 0.06637308452756284
0 0.30104039575186203 0.819187186780981 0.046292175987474045 0.06666693220230627
0 0.20980620283971724 0.8205054111738839 0.05327979258099447 0.062153087569357376
0 0.13240563498342814 0.8596485040663813 0.056243443404885726 0.07427026756350244
0 0.039663461538461536 0.9627403846153846 0.07932692307692307 0.07451923076923077
0 0.21634615384615385 0.9699519230769231 0.09615384615384616 0.06009615384615385
0 0.21474887542389942 0.894681819655914 0.06697843736036055 0.09870052600162182
0 0.25908173506621573 0.8700821951459154 0.049815631481410404 0.09080334296568224
0 0.269372199213002 0.8036825782404029 0.03634090857006237 0.059063596841109955
0 0.3755826458635737 0.8929269138943383 0.05395155818504859 0.07657616449243417
0 0.3076923076923077 0.9471153846153846 0.07211538461538461 0.10576923076923077
0 0.4651442307692308 0.953125 0.06971153846153846 0.09375
0 0.41158767163160914 0.8410748555147668 0.03852083285589076 0.05435385375833208
0 0.39185639212514684 0.8010910139236121 0.03371314054819845 0.05415795530850322
0 0.4460812247905228 0.8216747202121184 0.03852083285589048 0.05435385375833208
0 0.47171347267493885 0.8122327918120551 0.03337725774617111 0.04694641684696476
0 0.4831730769230769 0.6490384615384616 0.03365384615384615 0.052884615384615384