0 0.046875 0.14903846153846154 0.09375 0.25961538461538464
0 0.34975961538461536 0.14423076923076922 0.1658653846153846 0.28846153846153844
0 0.5288461538461539 0.17908653846153846 0.10096153846153846 0.3004807692307692
0 0.5949519230769231 0.11658653846153846 0.03125 0.11778846153846154
0 0.6098420117352495 0.06387535499234882 0.04225004120824794 0.08266273519967243
0 0.6670937468752824 0.03392558855661211 0.03221506368593511 0.057839376691152196
0 0.6784984846372898 0.06669642561914223 0.037358430319170126 0.07746259440695077
0 0.6478365384615384 0.008413461538461538 0.026442307692307692 0.016826923076923076
0 0.7055288461538461 0.006009615384615385 0.021634615384615384 0.01201923076923077
0 0.7199519230769231 0.019230769230769232 0.03125 0.038461538461538464
0 0.747092018603291 0.06591172701516647 0.04225004120824794 0.08266273519967243
0 0.7772808697516154 0.14048011302806734 0.06215215909010233 0.12269406760132831
0 0.7239286188772014 0.18696246617695506 0.07707874750149338 0.1527175669025702
0 0.7584818600121292 0.028872913494900843 0.03453499125839562 0.0532279086259747
0 0.7560096153846154 0.007211538461538462 0.026442307692307692 0.014423076923076924
0 0.7944711538461539 0.019230769230769232 0.026442307692307692 0.038461538461538464
0 0.8149038461538461 0.013221153846153846 0.02403846153846154 0.026442307692307692
0 0.8689897608608356 0.08484855661432943 0.04477976523417263 0.0900704979037257
0 0.8375929033434107 0.07898601022855868 0.03229898226732075 0.06264706899884451
0 0.9232739291914834 0.22966819693872564 0.07686895104802935 0.14069833613333943
0 0.9555640983978126 0.14879605754352024 0.07185146228687299 0.1282866568790793
0 0.9302884615384616 0.040865384615384616 0.04326923076923077 0.08173076923076923
0 0.9495192307692307 0.02403846153846154 0.038461538461538464 0.04807692307692308
0 0.9891826923076923 0.0673076923076923 0.021634615384615384 0.09134615384615384
0 0.018028846153846152 0.5420673076923077 0.036057692307692304 0.07451923076923077
0 0.026279930067164815 0.5148658708482737 0.032257022976628 0.06024322284499835
0 0.09270039397813025 0.5274985503329664 0.03478674700255255 0.06765098554905162
0 0.1357178690032041 0.5095434370446255 0.027533249250321197 0.0646584666676613
0 0.1717336020202035 0.5041962272530593 0.03474478771185966 0.06524713939520546
0 0.21898623563643896 0.5220044699086386 0.04237591908032648 0.0898742736612109
0 0.2543515996476996 0.47939764473245705 0.032382900848706535 0.06745476130653681
0 0.31992679445263106 0.5125611286460994 0.04456996878070859 0.07805126713449494
0 0.4621462474989587 0.5924281643051451 0.06936369755164079 0.12328274032887233
0 0.5528846153846154 0.6466346153846154 0.052884615384615384 0.1971153846153846
0 0.4415518013206724 0.5158729582452625 0.05941263861071387 0.10326707412804427
0 0.42850456792946723 0.45795984868860506 0.032257022976628 0.06024322284499835
0 0.5261750318404327 0.4680416130206071 0.03229898226732075 0.06264706899884451
0 0.5528846153846154 0.4831730769230769 0.052884615384615384 0.08653846153846154
0 0.5865384615384616 0.7956730769230769 0.014423076923076924 0.04807692307692308
0 0.6514207042924123 0.7411712976494201 0.022180086163622274 0.03301601818263195
0 0.637333301694878 0.7615794123352775 0.03436715409562433 0.043612524010589945
0 0.9627403846153846 0.6430288461538461 0.07451923076923077 0.10336538461538461