0 0.07932692307692307 0.390625 0.15865384615384615 0.25721153846153844
0 0.03365384615384615 0.10336538461538461 0.0673076923076923 0.20673076923076922
0 0.09314824319360518 0.19514811407444282 0.046136966725430724 0.0998166983372435
0 0.11855424102141167 0.11902940211469024 0.040419992285284624 0.06842680877840444
0 0.1622596153846154 0.025240384615384616 0.036057692307692304 0.05048076923076923
0 0.43509615384615385 0.4651442307692308 0.11057692307692307 0.10817307692307693
0 0.4350945633102873 0.32877661357769394 0.06261416590525617 0.08828708102394928
0 0.4951686065935228 0.28849289776058373 0.04996543212124985 0.06630274174223635
0 0.5607369281518543 0.3132179452664489 0.05010532168008887 0.07111043404992866
0 0.5500337863648028 0.39937171051810316 0.08028042633521335 0.11762284832603967
0 0.702970658078503 0.37259817640095183 0.05780647359756394 0.08814719146511016
0 0.604088965527296 0.2760503852241714 0.03766642223434106 0.056337633229754186
0 0.6632629754142048 0.287379416935334 0.04007026838818721 0.056407578009173745
0 0.6729611666358003 0.2492326299811833 0.037526532675502065 0.051529940922061875
0 0.7351335533016212 0.28106429877945777 0.03766642223434106 0.056337633229754186
0 0.7775634467178177 0.25347715096285506 0.030175104655124477 0.04651241427611101
0 0.799792592727499 0.27453934628532295 0.03271884036780976 0.05139005136322288
0 0.8376945729536813 0.25642769352526584 0.025087633229754183 0.0367571401018874
0 0.9315402413866838 0.17989856162512316 0.037946201352019045 0.0659530178451388
0 0.9426686874957148 0.31472378057876627 0.0451577398135575 0.06616285218339722
0 0.8512875612598511 0.31086395588390187 0.049755597782991254 0.059091203280697883
0 0.7778874469613324 0.34715720618343554 0.052579112613354524 0.07358422498319438
0 0.6875 0.4639423076923077 0.09134615384615384 0.11057692307692307
0 0.8762019230769231 0.47596153846153844 0.0889423076923077 0.08653846153846154
0 0.8631062064269502 0.3868648888477338 0.06289394502293423 0.0979024656393339
0 0.9056410170122761 0.36288351026190035 0.0458571876077526 0.09020131372185876
0 0.9097621233525649 0.298154526056603 0.03533252085991433 0.05867153460418077
0 0.9621756227534974 0.44859188318345466 0.0680513612277241 0.11006158596740366
0 0.47475961538461536 0.5564903846153846 0.12740384615384615 0.07451923076923077
0 0.7524038461538461 0.5757211538461539 0.1201923076923077 0.11298076923076923
0 0.8677884615384616 0.6394230769230769 0.19230769230769232 0.2403846153846154