0 0.007211538461538462 0.23677884615384615 0.014423076923076924 0.09375
0 0.03730652107345046 0.1954423455547788 0.052327123859935994 0.08079576344473284
0 0.014423076923076924 0.203125 0.028846153846153848 0.05048076923076923
0 0.06578899900779873 0.2119066829078129 0.03505259966079066 0.061075380758026925
0 0.12272698474540561 0.1943196159934022 0.052271173719658184 0.07839191729088668
0 0.10511776464364281 0.17576618399390972 0.03488474923995731 0.05386384229648847
0 0.15766667918659152 0.19172804606421584 0.04237603840288467 0.06609290740397779
0 0.1690155132115381 0.16920625911006512 0.027561310497863298 0.048846315650537736
0 0.10817307692307693 0.32091346153846156 0.1346153846153846 0.11778846153846154
0 0.22885888648739275 0.23348985098526265 0.07222929477403858 0.11020147552624265
0 0.22016667918659147 0.19354661032912307 0.04472393441645309 0.0637590060295512
0 0.24208104527259577 0.1821568825746679 0.03516449994134628 0.06588307306571924
0 0.23987503448782022 0.07023814686198275 0.027729160918696587 0.0560578541120762
0 0.29281359013461505 0.17280841525016982 0.039972192249038585 0.06602296262455837
0 0.3348519178177346 0.22695203666433642 0.06708590162467956 0.09563850904432687
0 0.35316051467296966 0.21545739174075196 0.05215927343910264 0.07358422498319438
0 0.40719009805518114 0.2711526601289392 0.08726782324017097 0.13706345189506747
0 0.41996566065721114 0.18733279625171156 0.04500368511784185 0.07577823679878183
0 0.4674271321910787 0.21517399953240945 0.04735158113141033 0.07344433542435524
0 0.4963942307692308 0.234375 0.026442307692307692 0.0985576923076923
0 0.48179526391292704 0.16627984966537063 0.039692441547649684 0.05400373185532759
0 0.5048076923076923 0.1814903846153846 0.009615384615384616 0.06009615384615385
0 0.46875 0.32572115384615385 0.08173076923076923 0.10817307692307693
0 0.6954018707635681 0.34064150242542773 0.0373445455340812 0.056337633229754186
0 0.006009615384615385 0.8377403846153846 0.01201923076923077 0.040865384615384616
0 0.029507506138995263 0.8270742377728408 0.03197735182361109 0.032159282132453657
0 0.018028846153846152 0.8870192307692307 0.036057692307692304 0.0625
0 0.05975040361399527 0.8712527506745252 0.03236900280555561 0.04898620520937659
0 0.13183881809829023 0.8228353524366315 0.02482176350235057 0.03435329394804125
0 0.11696814005299097 0.8416464529908837 0.037008844692414625 0.04191455630667726
0 0.44503919979081163 0.7501624321406888 0.08402472498215811 0.10093581480795558
0 0.6117788461538461 0.4026442307692308 0.06971153846153846 0.04567307692307692
0 0.8822115384615384 0.3954326923076923 0.0673076923076923 0.03125