0 0.1658653846153846 0.4639423076923077 0.20192307692307693 0.09134615384615384
0 0.06009615384615385 0.3918269230769231 0.1201923076923077 0.16826923076923078
0 0.1295010036488078 0.3195464310675813 0.08835472405372435 0.10479200049894097
0 0.06771034973166544 0.2920551411079529 0.06262176244427425 0.07793009989970492
0 0.02658345631371383 0.2685262743499827 0.052082105062895914 0.06333918581385671
0 0.006009615384615385 0.2764423076923077 0.01201923076923077 0.0625
0 0.004807692307692308 0.234375 0.009615384615384616 0.055288461538461536
0 0.049513159014114086 0.23290915459456515 0.04379224837436473 0.0463863848648551
0 0.0875125610926557 0.226368964784112 0.04200458406451446 0.05595981018954669
0 0.11185911355311515 0.23159624999873252 0.036272618990828405 0.04145281468508426
0 0.17103099463327526 0.21822215534297648 0.03704284629582315 0.053472045454315026
0 0.19755032505608244 0.21988563061752067 0.03960073791066831 0.055917850898853934
0 0.2479845121674208 0.23877464223056977 0.04231267498651233 0.060767502497238994
0 0.2812998267882004 0.2153445904071544 0.03765902813981903 0.06308743006969965
0 0.3320886869409676 0.2210334278193961 0.05781407013658187 0.07784618131831927
0 0.3546457326859206 0.3294792401319764 0.10662893750177514 0.1651399100892516
0 0.5444711538461539 0.40024038461538464 0.18990384615384615 0.21875
0 0.443466277933954 0.2541925755459199 0.0709116191328054 0.09488290084870653
0 0.4213856676747041 0.20938574737422344 0.05479404213873998 0.06818883741224177
0 0.3565284036402888 0.1902449800170172 0.04277481136950921 0.06797904095877759
0 0.3053078477155934 0.19655439372865982 0.031927063066132834 0.04858043456523708
0 0.2193855680211277 0.2046592438791026 0.0317730176051341 0.046176588411390926
0 0.4009548177726679 0.11538399163006638 0.031773017605133964 0.04617658841139079
0 0.4494329960104507 0.08501513673461585 0.031773017605133964 0.046176588411390926
0 0.5274629893659328 0.2160396484724002 0.05494808759973898 0.07059268356608793
0 0.5036717375273321 0.18200816870231865 0.03750498267881989 0.06068358391585349
0 0.5848006240168117 0.23024684564983552 0.06354603521026793 0.09235317682278157
0 0.6388405803589193 0.24919879619892404 0.08447130451202593 0.1191311588406321
0 0.5995174927591803 0.17887884802233955 0.044870566601357624 0.06321330794177818
0 0.5716117531873824 0.15558075736317997 0.037196891756822156 0.055875891608161185
0 0.6193805853423077 0.15161225086934424 0.03704284629582315 0.053472045454315026
0 0.6605540608796902 0.15713325111881465 0.04200458406451446 0.05595981018954683
0 0.6722794998296293 0.20896280094393196 0.058584297441576894 0.08986541208754992
0 0.765625 0.23677884615384615 0.04567307692307692 0.11298076923076923
0 0.7596153846153846 0.18028846153846154 0.057692307692307696 0.07211538461538461
0 0.7112658983019577 0.16162016545413335 0.049216122526052924 0.05608568806162536
0 0.7632211538461539 0.13581730769230768 0.05048076923076923 0.06971153846153846
0 0.8713942307692307 0.39783653846153844 0.1658653846153846 0.22355769230769232
0 0.8401442307692307 0.22355769230769232 0.10336538461538461 0.18269230769230768
0 0.9447115384615384 0.09735576923076923 0.11057692307692307 0.17067307692307693
0 0.9699519230769231 0.25841346153846156 0.06009615384615385 0.24759615384615385
0 0.9615384615384616 0.04326923076923077 0.07692307692307693 0.08653846153846154
0 0.11779354861288717 0.6875027297688141 0.08641301428287508 0.11196157966978654
0 0.16826923076923078 0.6009615384615384 0.14423076923076922 0.18269230769230768
0 0.2509293598404193 0.7042335676799969 0.08252959474117652 0.12630073801147781
0 0.3389423076923077 0.5901442307692307 0.125 0.16105769230769232
0 0.4230769230769231 0.5504807692307693 0.16346153846153846 0.08173076923076923
0 0.7956730769230769 0.8076923076923077 0.014423076923076924 0.08173076923076923
0 0.8204582546355466 0.797689852645147 0.05060253167504355 0.0777203034462406
0 0.8309370307947876 0.7738611875601495 0.0426207659085102 0.06557519480493144
0 0.8890591918533676 0.8565150611861612 0.0712197100548034 0.09969059315639871
0 0.9173357459749565 0.8293953215505907 0.04804464006019839 0.0752744980017017
0 0.9156108052928994 0.7837432242728603 0.05479404213873998 0.06818883741224177
0 0.9831730769230769 0.8161057692307693 0.03365384615384615 0.09375
0 0.9831730769230769 0.7776442307692307 0.03365384615384615 0.07451923076923077