0 0.11538461538461539 0.7427884615384616 0.20793269230769232 0.2620192307692308
0 0.234375 0.5060096153846154 0.13581730769230768 0.16346153846153846
0 0.1310096153846154 0.36658653846153844 0.0829326923076923 0.1141826923076923
0 0.06009615384615385 0.3233173076923077 0.06490384615384616 0.07932692307692307
0 0.08052884615384616 0.25240384615384615 0.05889423076923077 0.07451923076923077
0 0.14423076923076922 0.2512019230769231 0.04567307692307692 0.06370192307692307
0 0.20552884615384615 0.3137019230769231 0.0625 0.08413461538461539
0 0.21995192307692307 0.2512019230769231 0.046875 0.06370192307692307
0 0.2920673076923077 0.21995192307692307 0.046875 0.056490384615384616
0 0.30649038461538464 0.25600961538461536 0.04567307692307692 0.039663461538461536
0 0.3161057692307692 0.29927884615384615 0.06490384615384616 0.06610576923076923
0 0.33774038461538464 0.359375 0.08774038461538461 0.1141826923076923
0 0.4387019230769231 0.24158653846153846 0.04567307692307692 0.07932692307692307
0 0.4891826923076923 0.2512019230769231 0.052884615384615384 0.07692307692307693
0 0.5504807692307693 0.25240384615384615 0.04567307692307692 0.07451923076923077
0 0.6177884615384616 0.2860576923076923 0.07451923076923077 0.0985576923076923
0 0.5504807692307693 0.35336538461538464 0.0829326923076923 0.10336538461538461
0 0.5516826923076923 0.45913461538461536 0.11177884615384616 0.15504807692307693
0 0.6838942307692307 0.5685096153846154 0.16826923076923078 0.2127403846153846
0 0.7355769230769231 0.36899038461538464 0.10216346153846154 0.14302884615384615
0 0.7367788461538461 0.1971153846153846 0.046875 0.07451923076923077
0 0.8293269230769231 0.28966346153846156 0.06610576923076923 0.10096153846153846
0 0.9122596153846154 0.2764423076923077 0.06850961538461539 0.0985576923076923
0 0.8858173076923077 0.5985576923076923 0.22596153846153846 0.27403846153846156