0 0.040865384615384616 0.19230769230769232 0.08173076923076923 0.13942307692307693
0 0.056490384615384616 0.33533653846153844 0.11298076923076923 0.2860576923076923
0 0.021634615384615384 0.1310096153846154 0.04326923076923077 0.10336538461538461
0 0.01201923076923077 0.06971153846153846 0.02403846153846154 0.09134615384615384
0 0.09059717322622005 0.16521644422311418 0.11180606060568211 0.16526950897901352
0 0.10703082315823338 0.10445708803706676 0.09018166684035092 0.11881283825662117
0 0.06141562554484495 0.07850861661277346 0.07500270848530705 0.10380206598405742
0 0.1537066311809575 0.06420184100567639 0.05994973036892431 0.09119513986534009
0 0.1965400419245163 0.09726390166659364 0.07715459416183088 0.09909232290127967
0 0.24356146540174575 0.18831211769456202 0.11901759906722062 0.16556335665375682
0 0.21854748721547307 0.06804839315528956 0.05716794349909467 0.08388565217888719
0 0.24278846153846154 0.03365384615384615 0.052884615384615384 0.0673076923076923
0 0.265625 0.038461538461538464 0.06009615384615385 0.07692307692307693
0 0.30604102216317747 0.0993167452463549 0.08284414814015133 0.1161151444280316
0 0.29927884615384615 0.027644230769230768 0.055288461538461536 0.055288461538461536
0 0.34975961538461536 0.04927884615384615 0.06490384615384616 0.0985576923076923
0 0.37259615384615385 0.025240384615384616 0.03365384615384615 0.05048076923076923
0 0.3557692307692308 0.020432692307692308 0.04326923076923077 0.040865384615384616
0 0.36538461538461536 0.19230769230769232 0.04807692307692308 0.1875
0 0.28846153846153844 0.3641826923076923 0.20192307692307693 0.24759615384615385
0 0.3954326923076923 0.05889423076923077 0.01201923076923077 0.08413461538461539
0 0.5341356634662969 0.14932612044361726 0.08094422294094983 0.12563257981850173
0 0.5629715956931667 0.10473048499459926 0.05653804230578885 0.07186642140965632
0 0.5773265716872709 0.08363459034701334 0.054512136867926185 0.07898001064628032
0 0.7115384615384616 0.09495192307692307 0.17307692307692307 0.18990384615384615
0 0.8330212364752333 0.10007579818501748 0.1027048185642261 0.12891796899657793
0 0.8161057692307693 0.02403846153846154 0.06971153846153846 0.04807692307692308
0 0.8954326923076923 0.21033653846153846 0.2091346153846154 0.31490384615384615
0 0.9230769230769231 0.03365384615384615 0.07211538461538461 0.0673076923076923
0 0.9639423076923077 0.057692307692307696 0.07211538461538461 0.10096153846153846
0 0.47475961538461536 0.8641826923076923 0.17067307692307693 0.27163461538461536
0 0.45157925147096256 0.7045472552785562 0.12003566259579397 0.13921899818636368
0 0.560135379919665 0.7246289450121636 0.10941243607112018 0.1195964320559366
0 0.6213942307692307 0.5264423076923077 0.10817307692307693 0.07692307692307693
0 0.7650922041898939 0.7209353983606609 0.11940576140248829 0.12719976741713304
0 0.7445760785243026 0.6297627007298285 0.0896777458857063 0.10919745364123656
0 0.8362371829671094 0.6274751558919621 0.07728057440049205 0.10149616905512569
0 0.9206730769230769 0.7860576923076923 0.15865384615384615 0.1971153846153846
0 0.9339760037235043 0.6471160741134546 0.08626605782257112 0.08986873518555277
0 0.9123941568389353 0.59926158186431 0.08373623143006352 0.0873669398067922