0 0.021634615384615384 0.17548076923076922 0.04326923076923077 0.1778846153846154
0 0.057692307692307696 0.054086538461538464 0.08173076923076923 0.10817307692307693
0 0.18870192307692307 0.11658653846153846 0.15144230769230768 0.23317307692307693
0 0.5288461538461539 0.10697115384615384 0.038461538461538464 0.11298076923076923
0 0.5666702818809085 0.2279720072502844 0.033868772836982246 0.04359940535056977
0 0.6124974042649843 0.229564037555555 0.031156835761138153 0.038581403755555445
0 0.6554889847232859 0.2188213731606119 0.028598944146293066 0.035967248314387405
0 0.6912994673311174 0.18811185702927277 0.026349143453445915 0.03816078518091168
0 0.818672872873895 0.21859417313176538 0.023791251838600758 0.035546629739743506
0 0.8739613344123565 0.22343128674016993 0.02634914345344578 0.03816078518091168
0 0.3631763097367735 0.75580638642856 0.3297494068205707 0.4830194301460109
0 0.10576923076923077 0.5985576923076923 0.21153846153846154 0.3125
0 0.5661057692307693 0.5793269230769231 0.036057692307692304 0.038461538461538464
0 0.6024018993525845 0.5458043827306973 0.035502391685833655 0.03179048386866102
0 0.6258869026748434 0.6131267856887457 0.05867746168043853 0.05772172899301991
0 0.6684772279722851 0.5709238120064807 0.04046412945452497 0.03461494859715094
0 0.7855886264446137 0.6295161994495004 0.06860093721782115 0.06337065844999988
0 0.7490060741261313 0.5779691731317654 0.04317606653036886 0.03963295019216527
0 0.8855488694096589 0.6539741895170216 0.05550338822159763 0.04549218893646712
0 0.8329419043359729 0.6638756167626769 0.053253587528750486 0.047685725802991255
0 0.6928560634494693 0.6431590619158823 0.05883150714143754 0.06012557514686607
0 0.8448518293579794 0.591189236932335 0.038060283300678815 0.03440463930982892
0 0.6744600875571442 0.7793370555358253 0.12247070659056739 0.1206717688683759
0 0.953125 0.9182692307692307 0.09375 0.1346153846153846
0 0.9464475335775322 0.7221525402747138 0.08139039529204667 0.07644143565584034