0 0.14543269230769232 0.03245192307692308 0.0889423076923077 0.06490384615384616
1 0.9264415681462264 0.3881815877909866 0.09254891898839081 0.10868569222081567
1 0.7214293486510521 0.45897650662499767 0.07085836103902032 0.1026179270592056
1 0.6623672901875556 0.47682978187262887 0.058643331293146354 0.08509096350788371
0 0.021634615384615384 0.7151442307692307 0.04326923076923077 0.20432692307692307
0 0.14150188506832442 0.6769649516479126 0.058783187705034386 0.09711019427711448
0 0.17272391378594681 0.6775486925683218 0.0317814543651745 0.047493182156513894
0 0.20552884615384615 0.6310096153846154 0.026442307692307692 0.07932692307692307
0 0.265625 0.7860576923076923 0.09375 0.14903846153846154
0 0.3029783045463668 0.9468257573056409 0.03675697436713253 0.062196275269350294
0 0.3498533045463668 0.9440955994554854 0.0562394851393002 0.08495095541300383
0 0.3894230769230769 0.953125 0.08653846153846154 0.09375
0 0.44471153846153844 0.9723557692307693 0.11538461538461539 0.055288461538461536
0 0.3935421045512617 0.9055177614399572 0.039048935391468205 0.05272089874884555
0 0.4366574932674156 0.9162187695782753 0.04150872411006946 0.057668599151417595
0 0.4738052235225206 0.9236640287230234 0.04394054154629337 0.06021245340014348
0 0.4743087066053175 0.8803947979537927 0.034241243083775894 0.05244088255908608
0 0.5099748009597233 0.9119485226844424 0.03913284923860106 0.05993243721038401
0 0.5576601260833599 0.9428022069406932 0.07329017847524409 0.1051617813079315
0 0.5489398225040587 0.8664391623971354 0.04145278154531436 0.05286090684372528
0 0.5978969989105624 0.8912132272213309 0.053779696420698804 0.08000325501043179
0 0.6682692307692307 0.9591346153846154 0.1201923076923077 0.08173076923076923
0 0.6320263568648278 0.8483877292776294 0.03661711795524443 0.05017704450011952
0 0.7085158789110519 0.8811670856260924 0.06359088001272649 0.09739021046687395
0 0.6993899917372753 0.8396598103133037 0.036589146672866946 0.04777319834627337
0 0.6825490830191635 0.8418417900543851 0.03667306051999967 0.05498473680781183
0 0.7573480266121704 0.8134630775746508 0.046344387700139524 0.06035246149502335
0 0.7786469866082544 0.8410491585668868 0.0488321477011184 0.06770400805144156
0 0.8180866778876952 0.8579697942321397 0.06342305231846104 0.08296713354379702
0 0.8209134615384616 0.9375 0.12259615384615384 0.125
0 0.886848034813709 0.8323449481434511 0.061047177446992645 0.08523097160276344
0 0.8790219702051771 0.782354207244761 0.03415732923664304 0.045229344097547614
0 0.9350927855848977 0.8151217093227786 0.051263965137342035 0.07024786230016744
0 0.9783653846153846 0.8257211538461539 0.04326923076923077 0.12259615384615384