0 0.3798076923076923 0.051682692307692304 0.07692307692307693 0.10336538461538461
0 0.30528846153846156 0.07091346153846154 0.19230769230769232 0.14182692307692307
0 0.2247596153846154 0.08173076923076923 0.11298076923076923 0.16346153846153846
0 0.17427884615384615 0.06370192307692307 0.13701923076923078 0.12740384615384615
0 0.09134615384615384 0.03485576923076923 0.17307692307692307 0.06971153846153846
0 0.054086538461538464 0.12860576923076922 0.10817307692307693 0.25721153846153844
0 0.5933570350351131 0.09711040760977589 0.09861876113106104 0.14652702713285834
0 0.6632097569386418 0.14076329430153928 0.11097376853002015 0.15705317459565088
0 0.853663069654607 0.273870503051746 0.18627903112782407 0.2538639055262519
0 0.8351534338902318 0.12142635622728958 0.09596308250491849 0.13913333610183842
0 0.9519230769230769 0.12139423076923077 0.09615384615384616 0.14182692307692307
0 0.4375 0.2127403846153846 0.038461538461538464 0.1466346153846154
1 0.1958715404091452 0.7658557899945566 0.09976344492342602 0.11065148739464761
1 0.8898848207383531 0.877321286318765 0.08103634063724904 0.123617343761872
1 0.7328678856544326 0.9121742167329809 0.07564103922753226 0.10642611554598574
1 0.8501946543270177 0.9078785387914243 0.06328603182857315 0.0958999680831932
1 0.7624275648387593 0.9347927398744523 0.05839439536344875 0.09313181679038388