0 0.11057692307692307 0.08533653846153846 0.18269230769230768 0.17067307692307693
0 0.32211538461538464 0.125 0.17307692307692307 0.25
0 0.43149038461538464 0.4338942307692308 0.04567307692307692 0.13221153846153846
0 0.6336767601124242 0.3178349363462966 0.11843547702083732 0.3138146502717476
0 0.8285141764460413 0.3227808009352489 0.06606653970889062 0.2050541764187409
0 0.8025875468264024 0.21488743683594805 0.06269762986910948 0.14973774359790176
0 0.7610778764974563 0.10957973222594782 0.05801581543349544 0.15689333949468495
0 0.7524038461538461 0.04447115384615385 0.04807692307692308 0.0889423076923077
0 0.7211538461538461 0.030048076923076924 0.04326923076923077 0.06009615384615385
0 0.8760577953283124 0.1539241732360884 0.05809973401488122 0.1617010318023773
0 0.8305288461538461 0.0673076923076923 0.055288461538461536 0.1346153846153846
0 0.8774038461538461 0.02403846153846154 0.038461538461538464 0.04807692307692308
0 0.9723557692307693 0.1201923076923077 0.055288461538461536 0.15384615384615385
0 0.9927884615384616 0.15384615384615385 0.014423076923076924 0.14423076923076922
0 0.967622558688922 0.3031296204035015 0.06075533591288444 0.17615208000783183
0 0.9783653846153846 0.04567307692307692 0.038461538461538464 0.09134615384615384
0 0.013221153846153846 0.8389423076923077 0.026442307692307692 0.10096153846153846
0 0.08638489697431027 0.8228384276306322 0.05241089660263945 0.11116432000685282
0 0.17385254620019144 0.8061924758238496 0.047393407841482965 0.09908914667286695
0 0.2705789260705682 0.7690019465798641 0.04996509115810054 0.10873250257062904
0 0.36196703920741496 0.7703428840033613 0.05945459790140662 0.10163284923860107
0 0.39783653846153844 0.5841346153846154 0.021634615384615384 0.09134615384615384
0 0.34237080294476496 0.6118848368261584 0.049587457541864936 0.08709788718601366
0 0.26133236201042737 0.6524993219654586 0.05730250749171754 0.11602795487930023
0 0.1626278121853103 0.6452326830044789 0.042459837661712255 0.09182166564657325
0 0.09974409527689741 0.6928489219874854 0.0524528558933322 0.11356816616069897
0 0.02283653846153846 0.6658653846153846 0.04567307692307692 0.09134615384615384
0 0.02403846153846154 0.5240384615384616 0.04807692307692308 0.04807692307692308
0 0.09014423076923077 0.5228365384615384 0.04567307692307692 0.04567307692307692
0 0.15504807692307693 0.5168269230769231 0.05048076923076923 0.03365384615384615
0 0.22596153846153846 0.5228365384615384 0.04807692307692308 0.04567307692307692
0 0.2956730769230769 0.5228365384615384 0.04807692307692308 0.04567307692307692
0 0.4774687194031172 0.7942440153258767 0.04199828546409101 0.06537935795426555
0 0.609375 0.9747596153846154 0.0889423076923077 0.05048076923076923
0 0.5902485052414138 0.9191592594134299 0.07463294205695448 0.1450699077020974
0 0.6263691364851454 0.9223454594085351 0.05215914085848238 0.09674124308377603
0 0.6972825980236069 0.9215203065783957 0.05962243506417791 0.11124823385398568
0 0.7304539123344855 0.8934844778558784 0.03997207292648032 0.08698600205650318
0 0.7603131724494449 0.8823175291338506 0.049461579669786405 0.0798863487244752
0 0.7872596153846154 0.9399038461538461 0.06490384615384616 0.1201923076923077
0 0.8694513130584567 0.9363472829653199 0.0642203309184059 0.09928494564951015
0 0.8442589710259424 0.8705212265583266 0.059035004994478266 0.07759438770013952
0 0.9139285501967881 0.8673062132155299 0.061690606892481216 0.09204543590559393
0 0.9783653846153846 0.9338942307692307 0.04326923076923077 0.13221153846153846
0 0.9855769230769231 0.8413461538461539 0.028846153846153848 0.08173076923076923