0 0.013221153846153846 0.28966346153846156 0.026442307692307692 0.0889423076923077
0 0.03421858260462473 0.30340832315174143 0.06441603960995292 0.09884090857006236
0 0.07301630766204542 0.30039200578819336 0.06525650609965862 0.11086013933929315
0 0.17227987982780252 0.26039928930239997 0.05206062224483992 0.0934734115923251
0 0.2547335622330066 0.2883563835311769 0.05977644060020172 0.10102083285589049
0 0.23386360336409132 0.22468079372408228 0.05429637510074496 0.09118152637248783
0 0.13142273188738296 0.20664531971554098 0.05720450114841446 0.09850502576803531
0 0.06551032594589004 0.21804545142037457 0.04607627685155968 0.07642256664738398
0 0.10391308774979303 0.2379216529853694 0.048143936409523476 0.07172683527370069
0 0.025240384615384616 0.19951923076923078 0.05048076923076923 0.08173076923076923
0 0.004807692307692308 0.16466346153846154 0.009615384615384616 0.06009615384615385
0 0.025132187907958715 0.14019703982804954 0.02672795430551963 0.03958114780162866
0 0.055264311480006226 0.14039462842623907 0.024324108151673476 0.039469186867619646
0 0.04593457347783355 0.10137328529465554 0.024156014853732363 0.037065340713773424
0 0.010817307692307692 0.06850961538461539 0.021634615384615384 0.036057692307692304
0 0.01673519971942735 0.03610390914160632 0.01644019649837049 0.0295179194502079
0 0.053095571956701657 0.06794336100882743 0.02141598210400398 0.032145687472072096
0 0.05897060070967619 0.03565937933291785 0.016608289796311536 0.031921765604054055
0 0.09075015059483468 0.0467862365574241 0.01644019649837056 0.029517919450207968
0 0.10106317839331903 0.05450159922200312 0.021752168699886207 0.0369533797797644
0 0.06818278539657804 0.11085037570620274 0.019012135950157827 0.03203372653806314
0 0.07936154967610318 0.12342941114547848 0.024156014853732363 0.037065340713773494
0 0.10065997846483626 0.12924475185925197 0.027232234199343106 0.04679268626316713
0 0.1388188369967927 0.10087608894631019 0.029804173651130236 0.049308493351022234
0 0.13348983147890697 0.03913016828719721 0.02398792155579125 0.03466149455992727
0 0.14543269230769232 0.006009615384615385 0.016826923076923076 0.01201923076923077
0 0.1612521755298484 0.17668287045664458 0.040428118054161806 0.06417941401013517
0 0.18629919685595675 0.16337940287365774 0.029636080353189122 0.046904647197176144
0 0.21111934822648853 0.17056460806536775 0.0395876515644561 0.0521601832409044
0 0.20427750302713263 0.1304533027908702 0.02655986100757838 0.03717730164778251
0 0.17627181567068442 0.11709054081353133 0.02672795430551963 0.03958114780162866
0 0.17202717991445085 0.09157025386312413 0.02381982825785 0.03225764840608111
0 0.17345597294695053 0.07113756155543181 0.021079795508121616 0.027337995164379788
0 0.18000337489168952 0.029238195264137658 0.02896370716142467 0.037289262581791466
0 0.21838086670425744 0.03223149328520492 0.021584075401945093 0.03454953362591825
0 0.21356493772160007 0.08385820512589272 0.02175216869988607 0.0369533797797644
0 0.23229142705854589 0.09196543105950328 0.02672795430551963 0.039581147801628594
0 0.2331489268646216 0.1486797375429059 0.024156014853732363 0.037065340713773494
0 0.24863110355801565 0.16869423331173822 0.03203992650703542 0.04701660813118503
0 0.2642813735493508 0.18630488292672437 0.03751999200649218 0.05685591461458769
0 0.29011008470752936 0.17906701119535745 0.05172443564895756 0.0886657192846328
0 0.264903206758445 0.14292369122348456 0.02175216869988607 0.03695337977976447
0 0.2698619590477084 0.07201022968502306 0.016608289796311675 0.031921765604054055
0 0.3090552073250867 0.21853619806297703 0.05429637510074496 0.09118152637248783
0 0.3137365496761031 0.13434560221135713 0.026896047603460878 0.04198499395547482
0 0.3196198151040427 0.05021098682674176 0.01951641584398117 0.039245264999601605
0 0.3031290786230019 0.04461956798098635 0.02141598210400398 0.032145687472072096
0 0.2980769230769231 0.004807692307692308 0.02403846153846154 0.009615384615384616
0 0.36364546571400863 0.04140897594659627 0.021584075401945093 0.03454953362591825
0 0.3554341641062283 0.17608034102898543 0.03288039299674098 0.059035838900415936
0 0.34654992934024365 0.14793228605671407 0.024156014853732363 0.037065340713773494
0 0.3779509893218147 0.07825039479235164 0.024324108151673476 0.03946918686761958
0 0.3643942088462185 0.2548771066330394 0.05703640785047334 0.09610117961418915
0 0.3749764099079847 0.32772023731948263 0.0700641984073508 0.11108406120731118
0 0.4052343234702681 0.23989753896726504 0.04999296268687586 0.09816914296600825
0 0.4345259805526098 0.2521143583346853 0.0577087810422378 0.10571656422957378
0 0.481728930473527 0.3013405379488746 0.08035195621450014 0.12114728955873187
0 0.5070956650455873 0.3869306454756071 0.09304356017549509 0.1313224788441616
0 0.5637019230769231 0.1814903846153846 0.06971153846153846 0.10336538461538461
0 0.48976390210840104 0.2209236527290375 0.061507913562283426 0.09151740917451488
0 0.46098476159484775 0.1496446611913729 0.056364034658708616 0.08648579499880454
0 0.4117311854323367 0.1642323655881157 0.028963707161424806 0.037289262581791535
0 0.4060912633099039 0.12417704078062265 0.028963707161424806 0.037289262581791396
0 0.41616038783644144 0.08364753896726507 0.024156014853732498 0.037065340713773424
0 0.4190179739014408 0.04278215435188045 0.016608289796311536 0.031921765604054055
0 0.45072115384615385 0.013221153846153846 0.021634615384615384 0.026442307692307692
0 0.47917290440522997 0.027496351081255057 0.021584075401945093 0.03454953362591825
0 0.4909652652188842 0.048544828525996946 0.021584075401945093 0.03454953362591825
0 0.5141550235926751 0.11353430234402365 0.027064140901401856 0.044388840109320836
0 0.5226607684550721 0.06087360882742631 0.027064140901401856 0.044388840109320836
0 0.5483213863153096 0.0560395832499055 0.027400327497284084 0.04919653241701315
0 0.6814903846153846 0.19591346153846154 0.1658653846153846 0.3918269230769231
0 0.02283653846153846 0.9831730769230769 0.036057692307692304 0.03365384615384615
0 0.0829326923076923 0.9759615384615384 0.09375 0.04807692307692308
0 0.13581730769230768 0.9867788461538461 0.05048076923076923 0.026442307692307692
0 0.25841346153846156 0.9471153846153846 0.15625 0.10576923076923077
0 0.3239237874843516 0.956385300944604 0.040596211352102785 0.06658326016398132
0 0.35096153846153844 0.9783653846153846 0.057692307692307696 0.04326923076923077
0 0.38341346153846156 0.9927884615384616 0.04567307692307692 0.014423076923076924
0 0.4831730769230769 0.9783653846153846 0.09134615384615384 0.04326923076923077
0 0.5757211538461539 0.9603365384615384 0.04567307692307692 0.07932692307692307
0 0.5062628752644069 0.9009684869843476 0.02672795430551963 0.03958114780162853
0 0.6081730769230769 0.8882211538461539 0.019230769230769232 0.09375
0 0.6778846153846154 0.9495192307692307 0.10096153846153846 0.10096153846153846
0 0.760449294329445 0.8896241575975664 0.08107486938893488 0.09722078895427935
0 0.8389692575829627 0.8703703690243163 0.0611717269664012 0.08670971686682258
0 0.9735576923076923 0.7319711538461539 0.052884615384615384 0.06490384615384616
0 0.96875 0.9098557692307693 0.0625 0.11298076923076923