0 0.0829326923076923 0.46274038461538464 0.06971153846153846 0.07451923076923077
0 0.10414069899480503 0.44350961538461536 0.05014039529204664 0.06971153846153846
0 0.18300548568873123 0.4362980769230769 0.05479404213873998 0.0673076923076923
0 0.21634615384615385 0.4651442307692308 0.07211538461538461 0.06971153846153846
0 0.23527391922935081 0.4266826923076923 0.03735093721782109 0.057692307692307696
0 0.28156317799642355 0.4362980769230769 0.047428458216202576 0.06490384615384616
0 0.28301231077320743 0.4026442307692308 0.031156835761138223 0.036057692307692304
0 0.3387467671863034 0.44711538461538464 0.062313671522276445 0.07211538461538461
0 0.3472999750830577 0.39302884615384615 0.04138840222051872 0.04567307692307692
0 0.368148221654316 0.4182692307692308 0.04169649314251659 0.05048076923076923
0 0.4027729226935868 0.41466346153846156 0.04410033929636274 0.05048076923076923
0 0.4208483509668639 0.39663461538461536 0.031156835761138087 0.036057692307692304
0 0.4519230769230769 0.3762019230769231 0.014423076923076924 0.036057692307692304
0 0.7248311108981464 0.15985576923076922 0.2255565984893665 0.21875
0 0.7548076923076923 0.0625 0.15865384615384615 0.125
0 0.9519230769230769 0.2692307692307692 0.09615384615384616 0.21153846153846154
0 0.8250007533293595 0.8557692307692307 0.07772190243348422 0.125