0 0.0889423076923077 0.6694711538461539 0.05889423076923077 0.08533653846153846
0 0.15985576923076922 0.6802884615384616 0.056490384615384616 0.08173076923076923
0 0.14543269230769232 0.6490384615384616 0.042067307692307696 0.057692307692307696
0 0.3233173076923077 0.6826923076923077 0.04447115384615385 0.0673076923076923
0 0.36538461538461536 0.4375 0.039663461538461536 0.057692307692307696
0 0.3942307692307692 0.6730769230769231 0.039663461538461536 0.07451923076923077
0 0.42788461538461536 0.6394230769230769 0.03245192307692308 0.05048076923076923
0 0.5048076923076923 0.7848557692307693 0.10216346153846154 0.15745192307692307
0 0.47836538461538464 0.7223557692307693 0.08653846153846154 0.12980769230769232
0 0.5805288461538461 0.7103365384615384 0.057692307692307696 0.11538461538461539
0 0.6045673076923077 0.6850961538461539 0.04567307692307692 0.0985576923076923
0 0.6514423076923077 0.7163461538461539 0.04807692307692308 0.10216346153846154
0 0.7091346153846154 0.6959134615384616 0.0625 0.12379807692307693
0 0.6947115384615384 0.6201923076923077 0.03365384615384615 0.06129807692307692
0 0.7776442307692307 0.6742788461538461 0.04927884615384615 0.09014423076923077
0 0.9290865384615384 0.7608173076923077 0.11057692307692307 0.2127403846153846
0 0.9074519230769231 0.640625 0.05048076923076923 0.09014423076923077
0 0.9759615384615384 0.6658653846153846 0.038461538461538464 0.078125