0 0.014423076923076924 0.29927884615384615 0.028846153846153848 0.12740384615384615
0 0.028846153846153848 0.22115384615384615 0.057692307692307696 0.09134615384615384
0 0.06319110131024532 0.34984035212726994 0.05501605782257087 0.08947863153093667
0 0.42427884615384615 0.3954326923076923 0.09375 0.12740384615384615
0 0.5709951048939694 0.27636669576871575 0.16872204362745463 0.24708129539795423
0 0.6538461538461539 0.15865384615384615 0.07211538461538461 0.3173076923076923
1 0.8461538461538461 0.05048076923076923 0.1201923076923077 0.10096153846153846
1 0.8607011133131931 0.1916172629532777 0.1605026632566268 0.22743050188254565
1 0.1556217592103197 0.6655464408885987 0.13570832028619834 0.21160734401067097
0 0.7067307692307693 0.9122596153846154 0.03365384615384615 0.06009615384615385
0 0.7378785530379275 0.8962597650312956 0.036173450927069285 0.050037036405239786
0 0.9110576923076923 0.9651442307692307 0.052884615384615384 0.06971153846153846
0 0.9771634615384616 0.9579326923076923 0.04567307692307692 0.08413461538461539