0 0.0829326923076923 0.20793269230769232 0.1658653846153846 0.10336538461538461
0 0.039663461538461536 0.14783653846153846 0.07932692307692307 0.12740384615384615
0 0.010817307692307692 0.025240384615384616 0.021634615384615384 0.05048076923076923
0 0.04657883223828993 0.049448072456932494 0.062101616045448206 0.08581329009068356
0 0.0794086960311965 0.041292279473230664 0.04173702466672857 0.06361911647071221
0 0.11319874404298796 0.08351233855116878 0.07500270848530705 0.10298993706470419
0 0.14779744198679282 0.06450426548544949 0.05741990397641699 0.08807724668569072
0 0.17145285199962876 0.04821479008096417 0.04679667745174321 0.0685666983372435
0 0.11172952805981631 0.019950305033084703 0.02592816511837885 0.0367571401018874
0 0.2119981752087184 0.030233778143619168 0.030987817903393625 0.041704721968418706
0 0.20793269230769232 0.014423076923076924 0.036057692307692304 0.028846153846153848
0 0.20259731499953598 0.14091561838967154 0.07993638103166052 0.10553367277738947
0 0.23440400445422696 0.08358589642125275 0.05982375013026315 0.08814719146511016
0 0.2416053212964813 0.037772929939336834 0.04186300490538974 0.06602296262455837
0 0.29570208137730386 0.08180230454605536 0.05400821591328153 0.06877653267550207
0 0.3283480856218608 0.10005384686495138 0.07728057440049205 0.1006560356902776
0 0.3394071321722067 0.049328270906213945 0.04148506418940611 0.058811424163019904
0 0.3669934836317489 0.07252739509164133 0.044770772013880404 0.07570829201936241
0 0.3839668301859015 0.1608401997691734 0.13103682983645137 0.16462487605808734
0 0.6165865384615384 0.14783653846153846 0.04567307692307692 0.07932692307692307
0 0.5861469783959428 0.17295871206207103 0.0696910952229701 0.09323466289048057
0 0.49846958389988877 0.17430977343396006 0.09018166684035095 0.11783268266429822
0 0.5508298350912912 0.09118010861480065 0.03920719827422112 0.06114532553744649
0 0.5207817581682144 0.09205441835754445 0.04641873673575958 0.06135515987570491
0 0.45897976029049276 0.10345339484812659 0.044392831297896916 0.06849675355782395
0 0.47712947587335797 0.07772339677680543 0.03845131684225427 0.04672224861436957
0 0.4316453693082728 0.07544657835500683 0.031365758619376974 0.0489162604299573
0 0.4022952945074743 0.0859013003234256 0.044140870820574725 0.06368906125013164
0 0.4041220079680611 0.051045531092656374 0.03301372334125629 0.03456312828629981
0 0.033870160562439376 0.8414546841059476 0.044392831297896986 0.06849675355782381
0 0.11809332011459575 0.9518125241084852 0.06665734787581812 0.08114548734183039
0 0.18512860870639744 0.8634554983051165 0.04667069721308204 0.06616285218339722
0 0.3025544619578018 0.9356444407905851 0.04654471697442088 0.06375900602955106
0 0.38784500313256143 0.727947306474734 0.0418630049053896 0.06602296262455837
0 0.47475961538461536 0.96875 0.05048076923076923 0.0625
0 0.6610576923076923 0.6911057692307693 0.04326923076923077 0.16105769230769232
0 0.6706730769230769 0.6129807692307693 0.0625 0.1201923076923077
0 0.7281424285922894 0.6566455355588008 0.06463144243795546 0.08828708102394928
0 0.7465389938428347 0.6033062791079586 0.0438889103432524 0.05888136894243933
0 0.7793790792550255 0.6407536182679141 0.08802978116382712 0.12257043019257097
0 0.8793276649976326 0.6342451406912353 0.056664022544450014 0.0736541697626138
0 0.9191324392036815 0.6990919038924533 0.07525466896262938 0.1077976293723965
0 0.9350621681810503 0.6470245152979537 0.04679667745174307 0.0685666983372435
0 0.9771634615384616 0.6646634615384616 0.04567307692307692 0.07932692307692307
0 0.9423076923076923 0.9086538461538461 0.11538461538461539 0.18269230769230768