0 0.5132211538461539 0.4266826923076923 0.05048076923076923 0.10336538461538461
0 0.4434283993142711 0.407190406220906 0.0602103197514101 0.08720977231552414
0 0.3698791467207865 0.455630113903424 0.07264921919715797 0.10177270565048903
0 0.2636902472750386 0.46882245440188614 0.08714224089965433 0.1043443794986009
0 0.14912285868053904 0.48071497233510363 0.08247443815080101 0.10909612924153797
0 0.05205611730357477 0.38700608719335605 0.06247427634641719 0.08243005129020932
0 0.12680729297398236 0.33858036515202683 0.06728196865410943 0.08248599385496455
0 0.19786064407128295 0.33459782567447394 0.06261416590525624 0.08723774359790176
0 0.29800495574270564 0.32253748004699084 0.06268411068467568 0.08964158975174791
0 0.3683110248293099 0.3029159549282491 0.0627540554640951 0.09204543590559393
0 0.46474465010083416 0.29441942160796886 0.06282400024351467 0.09444928205944009
0 0.5192307692307693 0.2668269230769231 0.038461538461538464 0.08653846153846154
0 0.4560956305705312 0.21977432006803882 0.07222955052064087 0.0873496287274121
0 0.39575466999640907 0.22748849954706019 0.0699655939256337 0.09212934975272685
0 0.3150509618940142 0.23256107697202572 0.07003553870505314 0.09453319590657301
0 0.2146618434946232 0.2530348841379704 0.06508795683852184 0.08966956103412553
0 0.133210853381532 0.24246847592174714 0.07024537304331169 0.10174473436811148
0 0.6466346153846154 0.42427884615384615 0.21634615384615385 0.2668269230769231
0 0.6117788461538461 0.2536057692307692 0.1466346153846154 0.24278846153846154
0 0.808306926325494 0.19975951286538257 0.10070025681611429 0.1573688512951043
0 0.9326923076923077 0.20673076923076922 0.1346153846153846 0.21634615384615385
0 0.14903846153846154 0.6490384615384616 0.14423076923076922 0.18269230769230768
0 0.6871611153748959 0.7634902492899973 0.05986059585431255 0.07519054154629337
0 0.6872881431069435 0.7178031867257316 0.040000323608767645 0.053332155902657025
0 0.8135600109632861 0.7168678328967097 0.06473823294142428 0.07765033026489476
0 0.8879743245633877 0.7213407118811849 0.07752685628426957 0.10423249436909042
0 0.9319080307371037 0.6990076565024433 0.05264905739277408 0.07510662769916052
0 0.9903846153846154 0.6706730769230769 0.019230769230769232 0.057692307692307696