0 0.04447115384615385 0.2091346153846154 0.0889423076923077 0.3125
0 0.1390080161626122 0.288524257059629 0.15028328752195108 0.23722987412940852
0 0.23918269230769232 0.09615384615384616 0.12259615384615384 0.19230769230769232
0 0.5007111764343206 0.17147223825987018 0.19394769548756094 0.298515089225694
0 0.6129807692307693 0.15865384615384615 0.11057692307692307 0.3173076923076923
0 0.7079326923076923 0.22596153846153846 0.07932692307692307 0.14903846153846154
0 0.8918269230769231 0.25721153846153844 0.21634615384615385 0.30288461538461536
0 0.01201923076923077 0.6069711538461539 0.02403846153846154 0.10336538461538461
0 0.03181294044844034 0.5371788313332023 0.0450079391737181 0.09013136894243946
0 0.04447115384615385 0.4254807692307692 0.040865384615384616 0.03365384615384615
0 0.0896205230021047 0.4847010227983126 0.044672056371691034 0.08291983048090087
0 0.13581730769230768 0.4254807692307692 0.04567307692307692 0.03365384615384615
0 0.14387168893730903 0.5344216481915942 0.05484724565712075 0.09521884036780975
0 0.1643537338573107 0.6373195299139607 0.0526673213712925 0.0999565878960825
0 0.09035803270625373 0.7531145652389661 0.05881854488709292 0.1289426313010752
0 0.22596153846153846 0.9375 0.08173076923076923 0.125
0 0.24819850512486072 0.8010351238395942 0.07094973659033271 0.13169620135201918
0 0.2887675959174372 0.6277005322079113 0.06636596615065844 0.13636400410087235
0 0.339363640009563 0.5750128893347631 0.05277928230530166 0.10236043404992866
0 0.3308151981946116 0.5001439346684349 0.03964044219598069 0.07797224861436956
0 0.35216346153846156 0.44711538461538464 0.040865384615384616 0.07692307692307693
0 0.22115384615384615 0.42788461538461536 0.038461538461538464 0.038461538461538464
0 0.1825901103913892 0.4525031551854848 0.03930455939395362 0.07076071015283111
0 0.4411122189365121 0.5093710099063476 0.04763570719558229 0.09500900602955106
0 0.4582980441579431 0.5796770789929521 0.05691520900893984 0.08807724668569086
0 0.475036025643338 0.6595985326949408 0.06077454730490327 0.11939719146511016
0 0.5280226601799197 0.8139913829496594 0.0736894655462062 0.13897768459297694
0 0.5721153846153846 0.9663461538461539 0.09615384615384616 0.0673076923076923
0 0.5998220455573627 0.5127854422711122 0.04456009543768202 0.08051598432705472
0 0.6326032235816178 0.6100234325059607 0.050599358019473274 0.1070981815782014
0 0.7223557692307693 0.4423076923076923 0.10817307692307693 0.0673076923076923
0 0.9591346153846154 0.4423076923076923 0.08173076923076923 0.0673076923076923