0 0.04927884615384615 0.6021634615384616 0.08774038461538461 0.14903846153846154
0 0.1201923076923077 0.5721153846153846 0.06490384615384616 0.1141826923076923
0 0.17067307692307693 0.5108173076923077 0.06009615384615385 0.09134615384615384
0 0.04927884615384615 0.8605769230769231 0.0985576923076923 0.265625
0 0.1971153846153846 0.6706730769230769 0.09014423076923077 0.1658653846153846
0 0.25240384615384615 0.6057692307692307 0.07451923076923077 0.13581730769230768
0 0.3161057692307692 0.5324519230769231 0.051682692307692304 0.09495192307692307
0 0.44471153846153844 0.35697115384615385 0.036057692307692304 0.0625
0 0.5540865384615384 0.5973557692307693 0.07451923076923077 0.13822115384615385
0 0.5444711538461539 0.49158653846153844 0.06129807692307692 0.13942307692307693
0 0.5793269230769231 0.4987980769230769 0.04326923076923077 0.09375
0 0.6502403846153846 0.5048076923076923 0.04927884615384615 0.10576923076923077
0 0.6862980769230769 0.4795673076923077 0.03125 0.08533653846153846
0 0.7175480769230769 0.4723557692307692 0.040865384615384616 0.07692307692307693
0 0.7391826923076923 0.5396634615384616 0.05048076923076923 0.12740384615384615
0 0.6947115384615384 0.7584134615384616 0.1310096153846154 0.26802884615384615
0 0.8197115384615384 0.5360576923076923 0.054086538461538464 0.09495192307692307
0 0.8016826923076923 0.46875 0.05048076923076923 0.07211538461538461
0 0.8713942307692307 0.4723557692307692 0.051682692307692304 0.08653846153846154
0 0.9567307692307693 0.5504807692307693 0.08533653846153846 0.1310096153846154
0 0.9555288461538461 0.45552884615384615 0.038461538461538464 0.07932692307692307