0 0.016826923076923076 0.34615384615384615 0.03365384615384615 0.08653846153846154
0 0.055288461538461536 0.33653846153846156 0.11057692307692307 0.10576923076923077
0 0.13922803373448084 0.2964111021266365 0.05759122772696711 0.0713150488362869
0 0.10157345509634788 0.2763068522073216 0.04439534387214841 0.05357736291195604
0 0.09806052915595419 0.1569521624529739 0.04439534387214841 0.05357736291195591
0 0.15448334047229842 0.2553814963170631 0.04232768431418448 0.05820290265016663
0 0.1878597766878977 0.26614359047521563 0.05004350266954628 0.06596089882014985
0 0.20918347546796598 0.24277852568052533 0.0502115959674874 0.068364744973996
0 0.24278846153846154 0.3317307692307692 0.18269230769230768 0.11538461538461539
0 0.32443350422094047 0.26666927799181434 0.09667459939759973 0.11731656814774147
0 0.2820552799240857 0.24813125628838575 0.05585975476488541 0.08074828088218994
0 0.2885356685362241 0.21984949152596941 0.04730346991981804 0.06097105394297596
0 0.31765923232062493 0.20435143056129595 0.03651143221884522 0.04341552058812667
0 0.3641826923076923 0.22355769230769232 0.05048076923076923 0.08653846153846154
0 0.36778846153846156 0.1971153846153846 0.04326923076923077 0.0625
0 0.4675480769230769 0.054086538461538464 0.15625 0.10817307692307693
0 0.53125 0.056490384615384616 0.16346153846153846 0.11298076923076923
0 0.6610576923076923 0.07211538461538461 0.15384615384615385 0.14423076923076922
0 0.765625 0.08173076923076923 0.17067307692307693 0.16346153846153846
0 0.02283653846153846 0.6153846153846154 0.04567307692307692 0.12980769230769232
0 0.03670367557524185 0.5410253475847435 0.07095520487972685 0.09145658091446407
0 0.152357464223139 0.46701387295681857 0.05518738157312096 0.0711328962668054
0 0.23715565615811393 0.5910837593258413 0.0999189120411516 0.12951795148645381
0 0.28885538178217635 0.5182935585584089 0.08107486938893488 0.09939672965392887
0 0.27721464091653303 0.43822009382826665 0.06083554037051883 0.08351643217499934
0 0.40865384615384615 0.8221153846153846 0.038461538461538464 0.09134615384615384
0 0.4346154640443458 0.7718290216962834 0.07078711158178581 0.08905273476061791
0 0.4947791911895401 0.6645652882123377 0.06698797906174019 0.10311150654473167
0 0.8448074198709974 0.745579700907367 0.09371593336726008 0.14339457070108586
0 0.9186625141234287 0.7822735077999684 0.14448234921124098 0.18549916055225588
0 0.9519230769230769 0.8834134615384616 0.09615384615384616 0.23317307692307693
0 0.9451723951147767 0.6775599102887647 0.07386333092739641 0.09885027194548411
0 0.9586962288905126 0.6463278416640575 0.07951148972479416 0.11123380785367806
0 0.8432863435145621 0.6719891643608371 0.0760990837833016 0.09662857836111954