0 0.07932692307692307 0.07572115384615384 0.15865384615384615 0.15144230769230768
0 0.35336538461538464 0.037259615384615384 0.11538461538461539 0.07451923076923077
0 0.9524780510811812 0.31683369345078005 0.07608687839339368 0.08738148247087671
0 0.9807692307692307 0.44350961538461536 0.038461538461538464 0.07451923076923077
0 0.7135700070359879 0.38834637048955317 0.08439133227182151 0.10214044219598069
0 0.6520166326339816 0.3663165779085587 0.08974548228795858 0.10957590252553719
0 0.5549161608821418 0.38095694884495845 0.113165760616804 0.16576005153607076
0 0.016826923076923076 0.8617788461538461 0.03365384615384615 0.08413461538461539
0 0.43947491255509463 0.9610283657786304 0.037843355251922346 0.05685591461458769
0 0.4699519230769231 0.9495192307692307 0.016826923076923076 0.0673076923076923
0 0.6665487172170921 0.9598065591376217 0.048733807853678056 0.07413068142754685