0 0.021634615384615384 0.08653846153846154 0.04326923076923077 0.10096153846153846
0 0.05048076923076923 0.07021715080156604 0.038461538461538464 0.06586494859715095
0 0.03245192307692308 0.053014831146651585 0.038461538461538464 0.06586494859715095
0 0.08653846153846154 0.06135255934216433 0.055288461538461536 0.09137557514686606
0 0.09134615384615384 0.1242731779168081 0.055288461538461536 0.0841640366853276
0 0.09014423076923077 0.17224494635007032 0.07451923076923077 0.11950035713774909
0 0.039663461538461536 0.24158653846153846 0.07932692307692307 0.18990384615384615
0 0.22235576923076922 0.39783653846153844 0.23317307692307693 0.06009615384615385
0 0.20673076923076922 0.3326853314005686 0.1201923076923077 0.18599623359686582
0 0.18509615384615385 0.2346387016608251 0.10096153846153846 0.15546760545213636
0 0.1971153846153846 0.15996909425128095 0.0625 0.09681419531652416
0 0.16826923076923078 0.1406184597264946 0.04807692307692308 0.09074464728490028
0 0.17307692307692307 0.09536600137806157 0.040865384615384616 0.07088295019216513
0 0.2439903846153846 0.09796435612328931 0.052884615384615384 0.07433834278262097
0 0.2848557692307692 0.16884730631545458 0.07451923076923077 0.12190420329159525
0 0.26802884615384615 0.15415398745804715 0.052884615384615384 0.0935691120133902
0 0.31971153846153844 0.13824294482777633 0.04807692307692308 0.08353310882336182
0 0.35096153846153844 0.24554427325526917 0.08653846153846154 0.15420574972820505
0 0.3557692307692308 0.16663796875299 0.05048076923076923 0.08855111041837588
0 0.39302884615384615 0.16869583962955687 0.052884615384615384 0.08154988124415943
0 0.42788461538461536 0.23424532429572492 0.07692307692307693 0.13413374334814804
0 0.5012019230769231 0.21301552678981311 0.0673076923076923 0.13088866004501407
0 0.4423076923076923 0.049209103096579554 0.04326923076923077 0.061477874864102396
0 0.8293269230769231 0.41586538461538464 0.052884615384615384 0.02403846153846154
0 0.006009615384615385 0.9675480769230769 0.01201923076923077 0.06490384615384616
0 0.028846153846153848 0.9749350531433041 0.03365384615384615 0.0486174069455841
0 0.0673076923076923 0.9073865402019935 0.028846153846153848 0.04579294221709404
0 0.04807692307692308 0.9867788461538461 0.0625 0.026442307692307692
0 0.09375 0.9855769230769231 0.052884615384615384 0.028846153846153848
0 0.13341346153846154 0.9891826923076923 0.040865384615384616 0.021634615384615384
0 0.15264423076923078 0.9879807692307693 0.036057692307692304 0.02403846153846154
0 0.59375 0.7235576923076923 0.009615384615384616 0.04326923076923077
0 0.6045673076923077 0.7307817613284183 0.019230769230769232 0.03774016660626778
0 0.625 0.766223236424501 0.028846153846153848 0.05060063452478621
0 0.6538461538461539 0.7747565632569795 0.028846153846153848 0.04579294221709391
0 0.7151442307692307 0.845023296237535 0.038461538461538464 0.06586494859715095
0 0.7620192307692307 0.8443166350326204 0.04326923076923077 0.07109325947948701
0 0.7908653846153846 0.8552538080189451 0.036057692307692304 0.05363540854059815
0 0.8461538461538461 0.8901389985504264 0.03125 0.06283017458133901
0 0.8725961538461539 0.911683169941737 0.03365384615384615 0.05342509925327627
0 0.9002403846153846 0.9092940344382469 0.036057692307692304 0.06325079315598277
0 0.8641826923076923 0.8628701643591872 0.02403846153846154 0.040564631334757836
0 0.8882211538461539 0.8673771033862525 0.021634615384615384 0.04516201435512812
0 0.9146634615384616 0.8805078132391017 0.021634615384615384 0.035546629739743506
0 0.8329326923076923 0.8348957590086173 0.028846153846153848 0.038581403755555445
0 0.7932692307692307 0.8061852711524208 0.026442307692307692 0.04317878677592587
0 0.7704326923076923 0.7873604098459395 0.02403846153846154 0.04296847748860399
0 0.7524038461538461 0.7737638594217942 0.026442307692307692 0.03356340216054139
0 0.734375 0.8106480782284181 0.021634615384615384 0.04275816820128197
0 0.6971153846153846 0.8109940535056974 0.028846153846153848 0.04579294221709391
0 0.703125 0.7682505959547714 0.021634615384615384 0.033142783585897354
0 0.6850961538461539 0.7618655839921646 0.021634615384615384 0.030738937432051198
0 0.6069711538461539 0.6781074552311248 0.019230769230769232 0.02812478199088316
0 0.5961538461538461 0.6682692307692307 0.014423076923076924 0.02403846153846154
0 0.6514423076923077 0.7228635616619653 0.021634615384615384 0.033142783585897354
0 0.6394230769230769 0.6929658613792018 0.014423076923076924 0.022896471108546954
0 0.6838942307692307 0.7220969678100422 0.016826923076923076 0.023106780395868973
0 0.6935096153846154 0.7169285895747145 0.019230769230769232 0.030528628144729317
0 0.7007211538461539 0.7115499020520649 0.014423076923076924 0.022896471108546954
0 0.6814903846153846 0.6990501200611818 0.016826923076923076 0.025510626549715126
0 0.6646634615384616 0.7132029550499281 0.016826923076923076 0.02791447270356128
0 0.6538461538461539 0.6713911786415949 0.016826923076923076 0.023106780395868973
0 0.9471153846153846 0.9290200655410246 0.03125 0.053214789965954384
0 0.9891826923076923 0.9447115384615384 0.021634615384615384 0.052884615384615384
0 0.9927884615384616 0.9038461538461539 0.014423076923076924 0.038461538461538464
0 0.9723557692307693 0.8987763899809817 0.021634615384615384 0.04035432204743582
0 0.9591346153846154 0.9024273812084035 0.02403846153846154 0.04296847748860399
0 0.9555288461538461 0.8744676865081898 0.021634615384615384 0.030738937432051198
0 0.9759615384615384 0.87385146929658 0.019230769230769232 0.02812478199088316
0 0.9963942307692307 0.875 0.007211538461538462 0.02403846153846154
0 0.8449519230769231 0.8010915362144578 0.021634615384615384 0.03795047589358966
0 0.8509615384615384 0.8340692325096858 0.019230769230769232 0.03293247429857547
0 0.8725961538461539 0.85038509301866 0.026442307692307692 0.04317878677592587
0 0.8882211538461539 0.8325213341554834 0.02403846153846154 0.035756939027065525
0 0.8834134615384616 0.8152737925039164 0.021634615384615384 0.035546629739743506
0 0.9242788461538461 0.8561086657730047 0.021634615384615384 0.030738937432051198
0 0.9362980769230769 0.8391313660557682 0.014423076923076924 0.030108009570085414
0 0.9495192307692307 0.8474996055975772 0.014423076923076924 0.025300317262393106
0 0.9639423076923077 0.849963384398432 0.014423076923076924 0.027704163416239262
0 0.9783653846153846 0.8512252401223636 0.016826923076923076 0.025510626549715126
0 0.9819711538461539 0.8347137809764233 0.014423076923076924 0.0204926249547008
0 0.9939903846153846 0.8297557120284176 0.01201923076923077 0.02268616182122507
0 0.9867788461538461 0.818307476474144 0.009615384615384616 0.017668160226210743
0 0.9771634615384616 0.8210720085556257 0.009615384615384616 0.020072006380057034
0 0.9615384615384616 0.8305223058803407 0.01201923076923077 0.022686161821224935
0 0.9603365384615384 0.8123883050828338 0.01201923076923077 0.02268616182122507
0 0.9435096153846154 0.8253392169946571 0.009615384615384616 0.01766816022621088
0 0.9146634615384616 0.8432481978544862 0.019230769230769232 0.03293247429857547
0 0.9110576923076923 0.8104808108465801 0.016826923076923076 0.025510626549715126
0 0.9194711538461539 0.7943899702752838 0.01201923076923077 0.02028231566737878
0 0.9086538461538461 0.7862320400207967 0.009615384615384616 0.015264314072364726
0 0.8725961538461539 0.8131254776340447 0.014423076923076924 0.030108009570085414
0 0.8677884615384616 0.7910702436747854 0.01201923076923077 0.022686161821224935
0 0.8786057692307693 0.7811993277754264 0.009615384615384616 0.020072006380057034
0 0.8870192307692307 0.7771277179733609 0.009615384615384616 0.01766816022621088
0 0.8954326923076923 0.7886811081712953 0.009615384615384616 0.01766816022621088
0 0.8641826923076923 0.7390720874361102 0.009615384615384616 0.01766816022621088
0 0.8485576923076923 0.7773685386069792 0.01201923076923077 0.017878469513532762
0 0.8569711538461539 0.7877200057279906 0.01201923076923077 0.017878469513532627
0 0.8257211538461539 0.7669571388389593 0.01201923076923077 0.020282315667378918
0 0.8353365384615384 0.7750099144497854 0.014423076923076924 0.025300317262393106
0 0.8233173076923077 0.8016025987824066 0.016826923076923076 0.030318318857407434
0 0.8100961538461539 0.801647820779059 0.016826923076923076 0.032722165011253586
0 0.8137019230769231 0.7779248231715804 0.014423076923076924 0.022896471108546954
0 0.8052884615384616 0.7615637406659536 0.01201923076923077 0.02028231566737878
0 0.8125 0.7525792839125347 0.009615384615384616 0.01766816022621088
0 0.8197115384615384 0.7496044425437314 0.009615384615384616 0.0200720063800569
0 0.7872596153846154 0.7744094979341161 0.016826923076923076 0.032722165011253586
0 0.78125 0.753451032408119 0.014423076923076924 0.022896471108546954
0 0.7980769230769231 0.7501155051116801 0.014423076923076924 0.022896471108546954
0 0.7752403846153846 0.7252810284205833 0.01201923076923077 0.015474623359686471
0 0.765625 0.761699406655911 0.016826923076923076 0.030318318857407434
0 0.7644230769230769 0.7411615597045577 0.014423076923076924 0.025300317262393106
0 0.7463942307692307 0.7479977015881047 0.014423076923076924 0.0204926249547008
0 0.7572115384615384 0.7321171703041304 0.01201923076923077 0.02268616182122507
0 0.7608173076923077 0.7168076342351133 0.01201923076923077 0.02268616182122507
0 0.9290865384615384 0.8132600535784178 0.01201923076923077 0.02028231566737878
0 0.9447115384615384 0.8038097562537027 0.009615384615384616 0.01766816022621088
0 0.6322115384615384 0.738008010440313 0.02403846153846154 0.03816078518091168
0 0.6177884615384616 0.7235250008702274 0.019230769230769232 0.03774016660626778
0 0.6262019230769231 0.7002226218373928 0.014423076923076924 0.027704163416239262
0 0.6346153846153846 0.6757183197276349 0.01201923076923077 0.020282315667378918
0 0.6201923076923077 0.6660430024652417 0.016826923076923076 0.025510626549715126