0 0.0876688606595711 0.12139591489985882 0.14372466253242833 0.22512408412083845
0 0.25961538461538464 0.07091346153846154 0.10576923076923077 0.14182692307692307
0 0.2848557692307692 0.2403846153846154 0.0889423076923077 0.1778846153846154
1 0.8473557692307693 0.06490384615384616 0.0985576923076923 0.12980769230769232
1 0.20736534056656766 0.649305872851677 0.10693644118131979 0.14780940924447486
1 0.15081371090839932 0.8240454030994395 0.23128750078904942 0.3102376943886699
1 0.039663461538461536 0.6790865384615384 0.07932692307692307 0.18509615384615385
1 0.015625 0.6935096153846154 0.03125 0.2091346153846154
1 0.46974983585750657 0.7663530954071318 0.10914438888533709 0.14302968821916032
1 0.5910420272583807 0.8242280585002081 0.0885423305057656 0.1091520718062932
1 0.3485576923076923 0.7824519230769231 0.038461538461538464 0.09375