0 0.01201923076923077 0.328125 0.02403846153846154 0.055288461538461536
0 0.07281539824625774 0.3272990488516273 0.061316429014142276 0.09230250196942216
0 0.1726954050902951 0.2891067938846337 0.14190851172806887 0.24568121444915647
0 0.30294386891010244 0.2707290490688186 0.09521105808683245 0.1590264533567053
0 0.5132211538461539 0.11177884615384616 0.17067307692307693 0.22355769230769232
0 0.6237980769230769 0.234375 0.05048076923076923 0.10817307692307693
0 0.671062882305438 0.23653887907634344 0.0677892581453802 0.13344790277456625
0 0.7282919762511232 0.2739740653671738 0.07760054121059366 0.13881562746177764
0 0.7702123601060591 0.2751296929375471 0.054986433576834005 0.11351709306939821
0 0.8329572331683454 0.26547986708605775 0.09221951658349944 0.1444633683387485
0 0.8051130138058434 0.21314342981051632 0.05371309365294617 0.08226709306939821
0 0.6057692307692307 0.18509615384615385 0.014423076923076924 0.08173076923076923
0 0.640625 0.46274038461538464 0.08413461538461539 0.1658653846153846
0 0.7195785853771794 0.5466705957338325 0.10041054729418246 0.16892185416184938
0 0.7803032288983929 0.4100369480131363 0.12052285954918182 0.19167653430550294
0 0.9651442307692307 0.21754807692307693 0.06971153846153846 0.13221153846153846
0 0.6081730769230769 0.9483173076923077 0.019230769230769232 0.10336538461538461
0 0.6923076923076923 0.9675480769230769 0.07211538461538461 0.06490384615384616
0 0.6478774398959601 0.9274939075170183 0.04399975981264685 0.07930321453603298
0 0.6687998783282247 0.9142846079413095 0.036200526001621824 0.06446011332831685
0 0.696115548757878 0.7736014581643147 0.04360796291298914 0.06968782992064836
0 0.8011766927182001 0.8142460979421651 0.07441310125743208 0.11944485013612868
0 0.8511146510684978 0.7657728591214927 0.036200526001621824 0.0644601133283167
0 0.9436137533791175 0.7615844705455447 0.09280721193298601 0.15888644526182555