0 0.18269230769230768 0.040865384615384616 0.15384615384615385 0.08173076923076923
0 0.5576923076923077 0.3473557692307692 0.057692307692307696 0.10336538461538461
0 0.8221153846153846 0.3641826923076923 0.04807692307692308 0.06971153846153846
0 0.9086538461538461 0.36899038461538464 0.052884615384615384 0.06009615384615385
0 0.9867788461538461 0.38461538461538464 0.026442307692307692 0.028846153846153848
0 0.4639423076923077 0.7463942307692307 0.12980769230769232 0.19951923076923078
0 0.47596153846153844 0.6394230769230769 0.10576923076923077 0.14903846153846154
0 0.2407499672348662 0.6382211538461539 0.11556249856767173 0.15865384615384615
0 0.273429126107155 0.5817307692307693 0.0873288159312197 0.1201923076923077
0 0.04927884615384615 0.4110576923076923 0.040865384615384616 0.02403846153846154
0 0.04839623624221217 0.484375 0.05954297703080404 0.09134615384615384
0 0.05392504676626789 0.5721153846153846 0.09806380988669453 0.14423076923076922
0 0.13792468187439333 0.49759615384615385 0.0750856632939709 0.11538461538461539
0 0.1141826923076923 0.4254807692307692 0.05048076923076923 0.052884615384615384
0 0.07932692307692307 0.4074519230769231 0.038461538461538464 0.016826923076923076
0 0.16105769230769232 0.41466346153846156 0.04326923076923077 0.03125
0 0.1971153846153846 0.41346153846153844 0.038461538461538464 0.028846153846153848
0 0.22983395431793993 0.4338942307692308 0.034049023350225235 0.06009615384615385
0 0.21412001272641168 0.5132211538461539 0.05702716994294873 0.0889423076923077
0 0.27403846153846156 0.4387019230769231 0.052884615384615384 0.07932692307692307
0 0.29447115384615385 0.41947115384615385 0.040865384615384616 0.040865384615384616
0 0.3389423076923077 0.43149038461538464 0.04326923076923077 0.06490384615384616
0 0.33653846153846156 0.40865384615384615 0.03365384615384615 0.019230769230769232
0 0.38822115384615385 0.4182692307692308 0.036057692307692304 0.038461538461538464
0 0.4153186575057777 0.47716346153846156 0.057139130876957614 0.09134615384615384
0 0.4338942307692308 0.4230769230769231 0.03125 0.04807692307692308
0 0.4699519230769231 0.4326923076923077 0.05048076923076923 0.0673076923076923
0 0.5048076923076923 0.43990384615384615 0.04807692307692308 0.08173076923076923
0 0.5144230769230769 0.46634615384615385 0.028846153846153848 0.07211538461538461
0 0.6809337157237348 0.75 0.06832859642316381 0.2283653846153846
0 0.7512906865194989 0.7103365384615384 0.07246452312680199 0.21394230769230768
0 0.78075593943005 0.6454326923076923 0.03354851307453229 0.10096153846153846
0 0.8548240125358971 0.7067307692307693 0.05798215180937305 0.16105769230769232
0 0.929791087041164 0.6971153846153846 0.03388439587655935 0.10817307692307693
0 0.9867788461538461 0.6670673076923077 0.026442307692307692 0.09375
0 0.9915865384615384 0.8605769230769231 0.016826923076923076 0.20673076923076922
0 0.9831730769230769 0.7908653846153846 0.03365384615384615 0.14423076923076922