1 0.703125 0.20552884615384615 0.17067307692307693 0.30528846153846156
0 0.15625 0.7057559846741233 0.11298076923076923 0.1647761887332859
0 0.19230769230769232 0.6725217077559411 0.0625 0.10409263795720246
0 0.29086538461538464 0.6448223764872691 0.05048076923076923 0.07751047385300666
0 0.3401442307692308 0.6706361723913947 0.0985576923076923 0.157396822577482
0 0.3786057692307692 0.6458433282940519 0.06971153846153846 0.10417655180433517
0 0.4807692307692308 0.6326090308720231 0.0625 0.1016887918033563
0 0.5168269230769231 0.5200478308769181 0.052884615384615384 0.0871538297507689
0 0.5829326923076923 0.6057692307692307 0.06971153846153846 0.12980769230769232
0 0.5865384615384616 0.7067307692307693 0.0625 0.10576923076923077
1 0.875 0.4855769230769231 0.25 0.2548076923076923