0 0.027430853901219868 0.10102978253685439 0.042241757023292144 0.06535138667188779
0 0.028866497661352682 0.06372821022867257 0.034190169992475136 0.05084439590167815
0 0.12139086604353953 0.103544671754897 0.042521773213051756 0.0701590789795801
0 0.12131974042086924 0.22622473944818358 0.06866035617470974 0.1064964841110486
0 0.19254878096042546 0.16886724507909315 0.05339723068235413 0.09190557949370597
0 0.1706934207382758 0.062077904568393766 0.03687403233608076 0.05568005949174808
0 0.13295563129202626 0.03365131995790401 0.029382477684782825 0.05078845333692291
0 0.25600961538461536 0.026442307692307692 0.04567307692307692 0.052884615384615384
0 0.27856277293070303 0.09690486045147136 0.04590567603105619 0.0870139733388808
0 0.3530701494294888 0.1164844286466466 0.060888785333652336 0.096797185648531
0 0.2708352544457344 0.37723265019832436 0.09804283385949256 0.1572849374479715
0 0.4756414731595221 0.40151139383293766 0.08081959503882032 0.10904018667678272
0 0.530719922555664 0.39726228510748346 0.0658364857362243 0.09925697436713239
0 0.5105328052016265 0.33976577639181904 0.04959330357971041 0.0678391466728668
0 0.5285853598963628 0.29866263587622477 0.034190169992475136 0.05084439590167815
0 0.4642296918515906 0.3294799230646859 0.0488932631053116 0.05581991590363618
0 0.43504537203868243 0.3033592851197206 0.03969790277456629 0.06291956923566416
0 0.44057681336166366 0.274429217426434 0.03363013761295605 0.04122901128629353
0 0.5678869469271798 0.3126381722812599 0.042521773213051756 0.0701590789795801
0 0.5966630967258938 0.3111005938158056 0.03206634002838852 0.05562411692699284
0 0.5811318093142237 0.2715909743304209 0.033910153802715594 0.046036703593985845
0 0.6531997768478282 0.3525385476546171 0.056081093025959955 0.0967412430837759
0 0.6780901412260133 0.3462352338050368 0.0429417974976911 0.07737061744111856
0 0.641577983397577 0.27690130765559606 0.029382477684782825 0.05078845333692291
0 0.7125377404425883 0.318171433800142 0.03687403233608076 0.05568005949174794
0 0.7124214408885987 0.27487423174853365 0.0312262914591099 0.04120104000391592
0 0.7794254084656413 0.31017669943203047 0.10905829942367481 0.18143528411594353
0 0.7872596153846154 0.6141826923076923 0.13221153846153846 0.17067307692307693
0 0.9258629875536125 0.16053601325713635 0.10891829132879521 0.17903143796209725
0 0.8575967039721911 0.3513629117294436 0.04534564365153725 0.07739858872349632
0 0.8940044165170828 0.35695295787839487 0.03290638859766714 0.07004719385006976
0 0.8815188659566631 0.30778599685405916 0.03955789467968639 0.060515723081818004
0 0.904729133196291 0.272636529158325 0.024434777282210645 0.04832866461832152
0 0.8481687445334665 0.2720919312172757 0.027118639625816544 0.05316432820839145
0 0.475069586509558 0.8807833189296523 0.0700841456643976 0.08969753231650301
0 0.8341346153846154 0.9651442307692307 0.09134615384615384 0.06971153846153846
0 0.9353716837349917 0.8128848614307742 0.0672602752259121 0.08245802257258707
0 0.9771634615384616 0.7211538461538461 0.04567307692307692 0.04326923076923077
0 0.6590467971719042 0.7355167701855977 0.03955789467968652 0.060515723081818004
0 0.5252403846153846 0.7163461538461539 0.026442307692307692 0.03365384615384615
0 0.4206730769230769 0.7067307692307693 0.03365384615384615 0.014423076923076924