0 0.036057692307692304 0.3557692307692308 0.07211538461538461 0.10576923076923077
0 0.010817307692307692 0.3016826923076923 0.021634615384615384 0.06490384615384616
0 0.008413461538461538 0.2668269230769231 0.016826923076923076 0.052884615384615384
0 0.05638361607328882 0.2556198151840251 0.03267705067634548 0.0414108553943915
0 0.09212079895709492 0.28146860951445574 0.047687736701447006 0.05848953421547138
0 0.1816087436727112 0.2986461032700905 0.06518621303782678 0.07801401848109044
0 0.242517634220312 0.35736641358437254 0.11536174005055203 0.138949358141101
0 0.389232364223549 0.259027330791136 0.08766026999676303 0.10243011363578756
0 0.2984585522735776 0.2394250112363087 0.057890730418856236 0.07548429445516588
0 0.2463981112574409 0.22770557879410516 0.047268015914286574 0.04647030344624074
0 0.17242451751151872 0.2420298407826274 0.04760379254401492 0.05608568806162536
0 0.1277854753505007 0.2364459015971177 0.0401404216101802 0.048748271728008365
0 0.10220931410538772 0.22638994442945837 0.030273204522499323 0.041368896103698614
0 0.08397060755796136 0.2200656343646468 0.027701470053788996 0.036519244505313415
0 0.11876913750417237 0.18463733141734687 0.02512973558507867 0.031669592906928355
0 0.17224136199081236 0.20238735888951231 0.025213679742510757 0.03407343906077451
0 0.20850891469208488 0.2090263636345201 0.02761752589635691 0.03411539835146726
0 0.19401716081741804 0.2412055513219398 0.027785414211221084 0.03892309065915957
0 0.14136911069925676 0.21265919580281317 0.022725889431232514 0.03162763361623547
0 0.12076853007670027 0.20749484952423186 0.020154154962522187 0.02677798201785027
0 0.1588103477510783 0.19614696740608636 0.020154154962522187 0.02677798201785027
0 0.18521068336466995 0.1954065965267844 0.020154154962522187 0.02677798201785027
0 0.19577615858468136 0.1883838748733636 0.0200702108050901 0.024374135864004113
0 0.21230927711059214 0.18026412836975195 0.017750308808676032 0.026736022727157513
0 0.23535567596571083 0.18667235701594925 0.0228098335886646 0.03403147977008176
0 0.25127448051672313 0.1953585539439141 0.025213679742510757 0.03407343906077451
0 0.2507708155721306 0.18093547702083723 0.01758242049381186 0.021928330419465205
0 0.281280585361084 0.19468112200065146 0.030189260365067236 0.03896504994985246
0 0.315731901010535 0.21810509053188956 0.0401404216101802 0.048748271728008365
0 0.3541514673933574 0.21757451610605172 0.05017552701272525 0.06093533966001056
0 0.4308646839228541 0.21290759802360698 0.045283890547600854 0.058447574924778624
0 0.3935898013323965 0.17742243943244526 0.02761752589635691 0.03411539835146726
0 0.37448494833777546 0.18069253433767185 0.03267705067634548 0.04141085539439137
0 0.36403012214807 0.15648623563643896 0.022474056958936253 0.02441609515469714
0 0.33693152840214774 0.17162870379347148 0.02761752589635691 0.03411539835146726
0 0.32554187881365765 0.18944775349385345 0.02255800111636834 0.026819941308543156
0 0.3109509135757165 0.18438830544200416 0.027701470053788996 0.036519244505313415
0 0.29117450732163874 0.1684276311164615 0.025045791427646583 0.029265746753082203
0 0.3867407443734603 0.15327907966725166 0.017750308808675896 0.026736022727157513
0 0.3974321358296199 0.14986212724460016 0.0200702108050901 0.024374135864004113
0 0.42313421331088097 0.16352385364302874 0.030273204522499188 0.041368896103698614
0 0.4727068640157394 0.17279748064069336 0.03773657545633405 0.04870631243731548
0 0.4975008229710897 0.19485168893223695 0.045283890547600854 0.058447574924778624
0 0.5108173076923077 0.2548076923076923 0.036057692307692304 0.09615384615384616
0 0.44894693982244804 0.14595655968680368 0.017582420493811722 0.021928330419465205
0 0.4667239535039979 0.13905971590546148 0.017498476336379774 0.019524484265619053
0 0.47886910050937675 0.1428752815896949 0.017666364651243945 0.02433217657331136
0 0.4936279540621821 0.1527424219492365 0.02512973558507853 0.031669592906928355
0 0.49428424011579664 0.13713840159458288 0.022558001116368204 0.026819941308543156
0 0.515625 0.14903846153846154 0.026442307692307692 0.03365384615384615
0 0.5133051489529856 0.13146446053551014 0.017750308808676032 0.026736022727157513
0 0.5264423076923077 0.11899038461538461 0.004807692307692308 0.021634615384615384
0 0.9891826923076923 0.20793269230769232 0.021634615384615384 0.07451923076923077
0 0.8257211538461539 0.41466346153846156 0.040865384615384616 0.026442307692307692
0 0.7646673522165516 0.40493038835744105 0.03516484098762372 0.04385666083893041
0 0.7452267225922022 0.398585098647283 0.03790446377119822 0.05351400474500778
0 0.6574519230769231 0.41225961538461536 0.03125 0.03125
0 0.6850961538461539 0.4098557692307692 0.028846153846153848 0.036057692307692304
0 0.6021634615384616 0.41466346153846156 0.021634615384615384 0.026442307692307692
0 0.06370192307692307 0.78125 0.12740384615384615 0.3269230769230769
0 0.18996879546542497 0.6379328983489324 0.21465205444106963 0.2992396166319675
0 0.45552884615384615 0.6682692307692307 0.1466346153846154 0.28846153846153844
0 0.49399038461538464 0.5685096153846154 0.06971153846153846 0.25240384615384615
0 0.5853365384615384 0.8978365384615384 0.11298076923076923 0.20432692307692307
0 0.7173840690964229 0.8538926055178593 0.07323719307368605 0.1021783578916305
0 0.7497940200946298 0.8532571328652894 0.03773657545633405 0.04870631243731548
0 0.7841728292536805 0.8058095991487588 0.05565477257987425 0.0802500274721653
0 0.8198108007742124 0.7944197577399204 0.08601192125980553 0.1240227697297102
0 0.9194330622556479 0.8610229551668263 0.15103024598276812 0.19722909590310833
0 0.9368017928170691 0.7736392245223307 0.10077077481261079 0.1338899100892516
0 0.9675480769230769 0.7055288461538461 0.06490384615384616 0.10336538461538461