0 0.19951923076923078 0.12259615384615384 0.23557692307692307 0.24519230769230768
0 0.29927884615384615 0.10216346153846154 0.18509615384615385 0.20432692307692307
0 0.5108173076923077 0.20432692307692307 0.07451923076923077 0.40865384615384615
0 0.5721153846153846 0.057692307692307696 0.04807692307692308 0.11538461538461539
0 0.09080948721891001 0.5630060092787391 0.02124788880606287 0.029069924105174803
0 0.11753800149086963 0.6968390400528647 0.07319095773563197 0.08491781129118846
0 0.09688667590256585 0.6653233128702775 0.059826980582872016 0.065547185648531
0 0.042942960747633346 0.6454492041448232 0.04970731607366406 0.05822376205748233
0 0.023964331463775787 0.6416196646550332 0.03136755331527082 0.036393347696223606
0 0.01201923076923077 0.625 0.02403846153846154 0.03365384615384615
0 0.17102741676820907 0.5855916482641932 0.02124788880606287 0.029069924105174803
0 0.1996214306674512 0.5895330728834935 0.026055581113755173 0.029125866669929907
0 0.21865883660894417 0.5753197805782487 0.023483641661967772 0.026694049233706132
0 0.23886465896105993 0.5960042144273395 0.03136755331527082 0.036393347696223606
0 0.2555822653976773 0.580561027762794 0.028627520565542443 0.03155768410615368
0 0.2785281204995215 0.59646574058657 0.03667952551678647 0.04366082872251731
0 0.2942959438061275 0.5774027990500664 0.03103136671938846 0.0315856553885313
0 0.34882798550385397 0.5888634462370591 0.041991497718302254 0.05092830974881087
0 0.3322532023738425 0.5850618780296466 0.03170373991115319 0.04120104000391592
0 0.38011149217015416 0.5543433323948211 0.029131800459365784 0.03876922256769214
0 0.41331983508781234 0.5439036370146112 0.03103136671938846 0.0315856553885313
0 0.4368205100661503 0.5862786288130726 0.049707316073664194 0.05822376205748233
0 0.46002674178987124 0.5468529231748207 0.028627520565542304 0.03155768410615368
0 0.5040188857335368 0.5714228390784567 0.049707316073664194 0.05822376205748233
0 0.5300480769230769 0.5973557692307693 0.036057692307692304 0.06971153846153846
0 0.5420673076923077 0.5324519230769231 0.01201923076923077 0.036057692307692304
0 0.5159035298711268 0.5390828011310441 0.026055581113755173 0.029125866669929907
0 0.6358173076923077 0.5552884615384616 0.17548076923076922 0.2932692307692308
0 0.7982302229242537 0.7431825856876901 0.0935478400693187 0.1355943794986009
0 0.9603365384615384 0.5492788461538461 0.07932692307692307 0.28125