0 0.02403846153846154 0.0985576923076923 0.04807692307692308 0.125
0 0.09615384615384616 0.030048076923076924 0.057692307692307696 0.06009615384615385
0 0.15384615384615385 0.009615384615384616 0.04326923076923077 0.019230769230769232
0 0.18990384615384615 0.01201923076923077 0.052884615384615384 0.02403846153846154
0 0.299183362430583 0.15657006530201628 0.11024880552481574 0.20313573269521448
0 0.3643810131354414 0.1443763852018012 0.09157511098438675 0.1492710606464408
0 0.4639423076923077 0.021634615384615384 0.09615384615384616 0.04326923076923077
0 0.5877403846153846 0.06009615384615385 0.08413461538461539 0.1201923076923077
0 0.5829326923076923 0.19831730769230768 0.09375 0.21875
0 0.057692307692307696 0.5300480769230769 0.11538461538461539 0.2668269230769231
0 0.2932692307692308 0.5384615384615384 0.2932692307692308 0.39903846153846156
0 0.5502746874265998 0.4958539036867696 0.12774728186119552 0.2233465585901422
0 0.40412846978073486 0.5247570857346879 0.0973901331812641 0.17839723068235427
0 0.8954326923076923 0.8449519230769231 0.2091346153846154 0.31009615384615385
0 0.6742788461538461 0.49399038461538464 0.0889423076923077 0.15144230769230768
0 0.7324022613509462 0.6182581460553418 0.1360195599576666 0.18544505250812288
0 0.7674602828470746 0.4386934335321693 0.0786324944834029 0.12212871247973431
0 0.7988934383677808 0.3972798708077106 0.06113401814702312 0.10191788658480672
0 0.8913155990547097 0.39549532838560886 0.06345392014343733 0.09965404852584037
0 0.9519230769230769 0.4891826923076923 0.09615384615384616 0.15144230769230768