0 0.09448093406376135 0.22716771976329136 0.05949655719209938 0.1077370462829424
0 0.2048480606872203 0.22352750719021305 0.07450706418487595 0.14248380785367806
0 0.23955697240056464 0.2177552579092343 0.04714165209732603 0.08759551420476523
0 0.2988978590142475 0.17903984137704296 0.04925178321632236 0.07095074369732388
0 0.3531941939292501 0.1951575049596092 0.032382900848706396 0.06727182955710663
0 0.3389423076923077 0.46153846153846156 0.15384615384615385 0.07692307692307693
0 0.3913139747730685 0.2472597159404198 0.05700879245686758 0.1027472014057685
0 0.4651442307692308 0.19110576923076922 0.026442307692307692 0.055288461538461536
0 0.49759615384615385 0.2668269230769231 0.038461538461538464 0.10096153846153846
0 0.5606741471003128 0.3604528228581498 0.06434620879048457 0.11050519757575171
0 0.5973557692307693 0.4723557692307692 0.08413461538461539 0.055288461538461536
0 0.6897624481740496 0.3978422160946449 0.06923781967956252 0.1156771950224072
0 0.6288271085140392 0.34521147878068237 0.051781507242246984 0.07834443472834379
0 0.6519844249479513 0.29655223524472896 0.039804235763709034 0.07983751803478215
0 0.7497597870856487 0.3279678758471943 0.04714165209732603 0.08759551420476537
0 0.8521634615384616 0.4362980769230769 0.11778846153846154 0.12740384615384615
0 0.8466059615359267 0.3749174401649189 0.05190738511432545 0.08555597318988226
0 0.9302370654322281 0.3524466262506201 0.04220808191755519 0.08001967060426374
0 0.3701923076923077 0.6165865384615384 0.21634615384615385 0.23317307692307693
0 0.6117788461538461 0.7524038461538461 0.22355769230769232 0.4951923076923077
0 0.7728365384615384 0.6682692307692307 0.16105769230769232 0.33653846153846156