0 0.042067307692307696 0.19591346153846154 0.08413461538461539 0.17548076923076922
0 0.030112612888542365 0.11477902248692665 0.050998220439916725 0.08952970462223743
0 0.14578392421336106 0.16271524708664759 0.09943875788002451 0.15258913026978968
0 0.1415698001826483 0.05818989631790634 0.05341605176157753 0.09196152205846121
0 0.183832900224363 0.09135424503014435 0.053583873775355235 0.12080767590461505
0 0.24012049990643314 0.05584115066350133 0.03897898967068596 0.08938984821034933
0 0.21133028673153845 0.06579219066741725 0.04378668197837827 0.08944579077510457
0 0.28581455458123217 0.05891546552909606 0.04859437428607057 0.08950173333985981
0 0.30768691781869906 0.09952910860308223 0.06792303969154344 0.10655242667580385
0 0.3485576923076923 0.26802884615384615 0.13942307692307693 0.2620192307692308
0 0.39663461538461536 0.16105769230769232 0.04326923076923077 0.15865384615384615
0 0.3689080763187946 0.08559468705629936 0.04867828529295956 0.10392481026293673
0 0.4026442307692308 0.07211538461538461 0.03125 0.0673076923076923
0 0.4098557692307692 0.04567307692307692 0.016826923076923076 0.07692307692307693
0 0.5012672603975379 0.5362246779366439 0.050872353929583516 0.06789508923762191
0 0.5360181408696962 0.5177902481883224 0.03879718248909357 0.058139848210349336
0 0.6478365384615384 0.5528846153846154 0.20432692307692307 0.09134615384615384
0 0.7475985579116021 0.5225403138006315 0.053304170419059244 0.07273075282769198
0 0.7506798833493165 0.4323541261078343 0.0387971824890936 0.058139848210349336
0 0.5996711158592675 0.5086355476668543 0.046064661621891205 0.06783914667286695
0 0.8307130574008869 0.552825304558604 0.031529703356296 0.048440549747832
0 0.8906134188976333 0.5184721763453177 0.03391956434232723 0.04606467487636333
0 0.8918269230769231 0.5600961538461539 0.08173076923076923 0.07692307692307693
0 0.9735576923076923 0.5516826923076923 0.052884615384615384 0.09375
1 0.03996574535677848 0.9027091065832905 0.06062759022311599 0.09204543590559407
0 0.42908653846153844 0.7572115384615384 0.021634615384615384 0.10576923076923077
0 0.46875 0.9435096153846154 0.09134615384615384 0.11298076923076923
0 0.5649038461538461 0.9278846153846154 0.07211538461538461 0.14423076923076922
0 0.5372262551753773 0.8159222717646867 0.0412569693141989 0.0677832041081117
0 0.7381432013709384 0.8472405158400027 0.07284261334175404 0.1258391384713282
0 0.9591346153846154 0.9411057692307693 0.08173076923076923 0.11778846153846154
0 0.9209823533253013 0.8703550829946891 0.06802093586624681 0.12337934975272692