0 0.018028846153846152 0.07211538461538461 0.036057692307692304 0.10576923076923077
0 0.12094656518214696 0.06869282185472145 0.04729982439355523 0.0880494563722391
0 0.06490384615384616 0.23918269230769232 0.052884615384615384 0.06009615384615385
0 0.19831730769230768 0.23076923076923078 0.06971153846153846 0.07692307692307693
0 0.2550087729821818 0.16457196020220785 0.06832196856846852 0.12718254809323426
0 0.5492788461538461 0.007211538461538462 0.040865384615384616 0.014423076923076924
0 0.9242788461538461 0.05889423076923077 0.15144230769230768 0.11778846153846154
0 0.025240384615384616 0.578125 0.05048076923076923 0.18509615384615385
0 0.09811334064795615 0.5659379318653047 0.1317769504348927 0.20139653664442092
0 0.18470115479872704 0.4669643483092625 0.17476959279644871 0.24849666424384345
0 0.3701923076923077 0.42788461538461536 0.23076923076923078 0.3173076923076923
0 0.5228365384615384 0.41346153846153844 0.11298076923076923 0.28846153846153844
0 0.6984986829516638 0.7513202311848499 0.07508566329397103 0.11781899595014576
0 0.8614134943035954 0.5134157979832915 0.11176245466606047 0.18389806030804115
0 0.9735576923076923 0.7668269230769231 0.052884615384615384 0.125