0 0.06490384615384616 0.40625 0.055288461538461536 0.08653846153846154
0 0.16706730769230768 0.4879807692307692 0.1045673076923077 0.15625
0 0.17067307692307693 0.40024038461538464 0.042067307692307696 0.0733173076923077
0 0.20072115384615385 0.39302884615384615 0.037259615384615384 0.0733173076923077
0 0.23677884615384615 0.4266826923076923 0.0625 0.10697115384615384
0 0.2608173076923077 0.38341346153846156 0.0625 0.09375
0 0.41466346153846156 0.49278846153846156 0.11538461538461539 0.18629807692307693
0 0.4951923076923077 0.4098557692307692 0.06971153846153846 0.12620192307692307
0 0.4519230769230769 0.3798076923076923 0.055288461538461536 0.10697115384615384
0 0.6442307692307693 0.5961538461538461 0.13701923076923078 0.20673076923076922
0 0.8209134615384616 0.40384615384615385 0.09254807692307693 0.1466346153846154
0 0.8762019230769231 0.45552884615384615 0.11298076923076923 0.15625