0 0.15865384615384615 0.8894230769230769 0.12740384615384615 0.1935096153846154
0 0.2608173076923077 0.6935096153846154 0.06610576923076923 0.13822115384615385
0 0.3918269230769231 0.7283653846153846 0.06490384615384616 0.16105769230769232
0 0.49399038461538464 0.6754807692307693 0.054086538461538464 0.10216346153846154
0 0.5985576923076923 0.8653846153846154 0.0829326923076923 0.1778846153846154
0 0.6153846153846154 0.7331730769230769 0.07091346153846154 0.125
0 0.6995192307692307 0.7019230769230769 0.038461538461538464 0.0889423076923077
0 0.7764423076923077 0.8834134615384616 0.11899038461538461 0.20673076923076922
0 0.8413461538461539 0.7379807692307693 0.057692307692307696 0.11538461538461539
0 0.9110576923076923 0.6923076923076923 0.06610576923076923 0.0889423076923077
0 0.9423076923076923 0.8257211538461539 0.0889423076923077 0.17067307692307693
0 0.8653846153846154 0.6466346153846154 0.040865384615384616 0.06850961538461539
0 0.7956730769230769 0.6814903846153846 0.054086538461538464 0.07932692307692307
0 0.7776442307692307 0.6201923076923077 0.037259615384615384 0.06850961538461539
0 0.7415865384615384 0.7584134615384616 0.07211538461538461 0.12860576923076922
0 0.6995192307692307 0.6610576923076923 0.04807692307692308 0.07932692307692307
0 0.5300480769230769 0.5745192307692307 0.03125 0.056490384615384616
0 0.49038461538461536 0.5709134615384616 0.03485576923076923 0.056490384615384616
0 0.49399038461538464 0.47475961538461536 0.021634615384615384 0.04326923076923077
0 0.4375 0.5564903846153846 0.030048076923076924 0.04567307692307692
0 0.42908653846153844 0.5901442307692307 0.02403846153846154 0.056490384615384616
0 0.4074519230769231 0.5480769230769231 0.021634615384615384 0.04927884615384615
0 0.3858173076923077 0.5805288461538461 0.03125 0.056490384615384616
0 0.33774038461538464 0.5841346153846154 0.03125 0.04927884615384615
0 0.35096153846153844 0.5480769230769231 0.027644230769230768 0.04326923076923077
0 0.31850961538461536 0.5372596153846154 0.030048076923076924 0.0625
0 0.28966346153846156 0.5444711538461539 0.03125 0.056490384615384616
0 0.25600961538461536 0.5504807692307693 0.021634615384615384 0.04927884615384615
0 0.2620192307692308 0.5144230769230769 0.020432692307692308 0.04326923076923077
0 0.1875 0.5120192307692307 0.02403846153846154 0.04927884615384615
0 0.19951923076923078 0.49158653846153844 0.020432692307692308 0.036057692307692304
0 0.14423076923076922 0.42788461538461536 0.014423076923076924 0.026442307692307692
0 0.15745192307692307 0.4951923076923077 0.021634615384615384 0.04326923076923077
0 0.17908653846153846 0.5709134615384616 0.03485576923076923 0.0625
0 0.13581730769230768 0.5528846153846154 0.03125 0.05889423076923077
0 0.12620192307692307 0.4951923076923077 0.018028846153846152 0.04326923076923077
0 0.11057692307692307 0.4879807692307692 0.020432692307692308 0.04326923076923077
0 0.09254807692307693 0.5324519230769231 0.030048076923076924 0.05889423076923077
0 0.042067307692307696 0.5564903846153846 0.037259615384615384 0.07932692307692307
0 0.06490384615384616 0.49399038461538464 0.021634615384615384 0.04567307692307692
0 0.0625 0.40625 0.016826923076923076 0.036057692307692304
0 0.08533653846153846 0.40024038461538464 0.014423076923076924 0.04927884615384615
0 0.02283653846153846 0.48197115384615385 0.03125 0.0625