0 0.06915471940808192 0.43173814049043785 0.09043362731767321 0.12215056260203
0 0.11145188393551803 0.25144867401292714 0.05198231047541894 0.07563823357478637
0 0.18616008506274054 0.2533199888950852 0.04857062241228354 0.056351514203739336
0 0.16176067564084734 0.4536504966983438 0.09536729986402662 0.12466630903643178
0 0.25941951344535974 0.22754707300801252 0.04692265769040437 0.07071864098653845
0 0.3250843518408149 0.21759498261191204 0.04692265769040423 0.07071864098653845
0 0.3987217209394176 0.19903360518637775 0.049074543366928194 0.06596689881912396
0 0.45072115384615385 0.5576923076923077 0.021634615384615384 0.08173076923076923
0 0.5 0.578125 0.1201923076923077 0.040865384615384616
0 0.5268558944770203 0.5246189034380339 0.05729392373775583 0.08536551847072633
0 0.5653225437482008 0.5008591876619121 0.03364362453456197 0.04640042874668801
0 0.6201923076923077 0.5552884615384616 0.08653846153846154 0.08653846153846154
0 0.6013172459365625 0.49881801248082225 0.039207198274221255 0.06093540595032028
0 0.6201070843320177 0.4899569498201385 0.044140870820574725 0.06345115238472232
0 0.6558498260430572 0.48310808233135644 0.035921490449746955 0.044052532733119806
0 0.6709862375173388 0.40453548120913424 0.028709951988208634 0.04388468231228625
0 0.6906323835352116 0.5268239092837602 0.06526134363126126 0.09995644581463682
0 0.7287840822097392 0.497054578123023 0.05691598302177234 0.07815398000918787
0 0.7668269230769231 0.5625 0.12980769230769232 0.07211538461538461
0 0.7752403846153846 0.546875 0.07932692307692307 0.10336538461538461
0 0.766615719477972 0.4841401451093479 0.04426685105923575 0.06585499853856848
0 0.7828757314809198 0.4729311864350957 0.03692933235903613 0.06328330196388904
0 0.8191121725273197 0.521426730625053 0.06500938315393895 0.0951487535069445
0 0.8265858930854646 0.4803375454485572 0.04426685105923575 0.06585499853856848
0 0.8487295402343668 0.4665848652697644 0.03908121803555996 0.0585315597964744
0 0.8671414379138386 0.4505122641475422 0.03908121803556023 0.0585315597964744
0 0.9274844414276726 0.4767857164799673 0.05426017639060413 0.07329033756121817
0 0.9627403846153846 0.5336538461538461 0.07451923076923077 0.11538461538461539
0 0.9747596153846154 0.46875 0.05048076923076923 0.0673076923076923
0 0.9336932487895638 0.43452258329668736 0.04401489058191343 0.06104730623087617
0 0.0889423076923077 0.9723557692307693 0.1201923076923077 0.055288461538461536
0 0.10576923076923077 0.9302884615384616 0.10096153846153846 0.13942307692307693
0 0.3473557692307692 0.9338942307692307 0.11778846153846154 0.13221153846153846
0 0.3267595310145301 0.8513411301748927 0.08625583620328679 0.13405789309070515
0 0.529908424659115 0.8224450558227562 0.06007571060758547 0.09263300707254274
0 0.5950591204806414 0.8486066078746257 0.07335474376342788 0.11695121931239318