0 0.009615384615384616 0.37740384615384615 0.019230769230769232 0.09134615384615384
0 0.04326923076923077 0.39302884615384615 0.08653846153846154 0.11298076923076923
0 0.14359284138489714 0.3762019230769231 0.04603669128626164 0.0625
0 0.11613041779725873 0.3449519230769231 0.0363373956639883 0.04807692307692308
0 0.15645118222301577 0.23197115384615385 0.0363373956639883 0.04807692307692308
0 0.17382971807347383 0.34375 0.03396151984577172 0.052884615384615384
0 0.2001391666715409 0.36658653846153844 0.04120102864293976 0.057692307692307696
0 0.22786730844766045 0.35216346153846156 0.041228998978569326 0.0625
0 0.20432692307692307 0.4230769230769231 0.14423076923076922 0.052884615384615384
0 0.3245192307692308 0.4074519230769231 0.07692307692307693 0.08413461538461539
0 0.2937912704968373 0.38341346153846156 0.04370277097148927 0.07451923076923077
0 0.3107580452519085 0.359375 0.03637935116743252 0.055288461538461536
0 0.3420290230036306 0.3557692307692308 0.031459777517221926 0.036057692307692304
0 0.3874783372416708 0.3942307692307692 0.053346125922503734 0.07932692307692307
0 0.39363479688834163 0.36899038461538464 0.03397550501358637 0.055288461538461536
0 0.44883235483600686 0.38461538461538464 0.03875522698564938 0.05048076923076923
0 0.4735576923076923 0.38461538461538464 0.009615384615384616 0.052884615384615384
0 0.5084134615384616 0.14903846153846154 0.06009615384615385 0.28365384615384615
0 0.7355769230769231 0.06610576923076923 0.10576923076923077 0.13221153846153846
0 0.8485576923076923 0.006009615384615385 0.038461538461538464 0.01201923076923077
0 0.9206730769230769 0.006009615384615385 0.038461538461538464 0.01201923076923077
0 0.9627403846153846 0.015625 0.040865384615384616 0.03125
0 0.9242788461538461 0.2776442307692308 0.15144230769230768 0.25240384615384615
0 0.025240384615384616 0.4795673076923077 0.05048076923076923 0.06009615384615385
0 0.20072115384615385 0.5024038461538461 0.10336538461538461 0.10576923076923077
0 0.2920673076923077 0.46033653846153844 0.06490384615384616 0.021634615384615384
0 0.34747923167565414 0.6033653846153846 0.15008734912457117 0.18028846153846154
0 0.38221153846153844 0.4795673076923077 0.07692307692307693 0.06009615384615385
0 0.46274038461538464 0.5877403846153846 0.03125 0.1466346153846154
0 0.43509615384615385 0.8125 0.08653846153846154 0.16346153846153846
0 0.6121478503906395 0.7439903846153846 0.016994745090700647 0.028846153846153848
0 0.6101417801643656 0.8822115384615384 0.0605576643840422 0.07932692307692307
0 0.5959284807585106 0.8461538461538461 0.048426552272292867 0.06009615384615385
0 0.5480473500309947 0.8125 0.041187043475124835 0.055288461538461536
0 0.5312693750414234 0.8040865384615384 0.026638100041714834 0.03365384615384615
0 0.520563948691634 0.7848557692307693 0.026624114873900047 0.03125
0 0.6852134250622808 0.7872596153846154 0.01698075992288586 0.026442307692307692
0 0.7115858069155144 0.7992788461538461 0.021802437398392955 0.028846153846153848
0 0.7332693703874816 0.7908653846153846 0.019370620908917228 0.02403846153846154
0 0.7475456030485031 0.8161057692307693 0.024248239055683466 0.036057692307692304
0 0.766839305534439 0.8052884615384616 0.024220268720053895 0.03125
0 0.7859442082548751 0.8269230769230769 0.0314877478528515 0.040865384615384616
0 0.80405696541561 0.8125 0.024206283552238972 0.028846153846153848
0 0.8555928134612469 0.8377403846153846 0.03393354951014215 0.04807692307692308
0 0.8400167615485987 0.8293269230769231 0.026666070377344545 0.038461538461538464
0 0.8930062656918252 0.8112980769230769 0.024262224223498115 0.038461538461538464
0 0.9266601118456713 0.8112980769230769 0.024206283552238972 0.028846153846153848
0 0.9396085549194365 0.8581730769230769 0.041187043475124835 0.055288461538461536
0 0.9710473546849362 0.8257211538461539 0.024206283552238972 0.028846153846153848
0 0.9927884615384616 0.8617788461538461 0.014423076923076924 0.055288461538461536