0 0.009615384615384616 0.3269230769230769 0.019230769230769232 0.10096153846153846
0 0.023298282276814613 0.25327264003818 0.04578755549219331 0.0726188676981815
0 0.12438190743569073 0.1547297754369906 0.06602565461214766 0.1016887918033563
0 0.040865384615384616 0.46153846153846156 0.08173076923076923 0.07692307692307693
0 0.30649038461538464 0.35096153846153844 0.06490384615384616 0.10096153846153846
0 0.35096153846153844 0.4230769230769231 0.02403846153846154 0.10096153846153846
0 0.3545673076923077 0.35336538461538464 0.03125 0.0673076923076923
0 0.39404005653124136 0.3466162143783907 0.040224365767612284 0.05092830974881087
0 0.4097757055615473 0.315562013355034 0.040224365767612284 0.05092830974881101
0 0.45090818985507036 0.3580908472065722 0.052747261481435576 0.0654912430837759
0 0.48869817505715213 0.33930761849384466 0.045367834705032944 0.06059963692895073
0 0.509871097575891 0.32633820618908926 0.035500617617352064 0.053276213337901786
0 0.5278159995723051 0.3241441446530752 0.03309677146350591 0.0532482420555243
0 0.4934600657473179 0.23483821028985857 0.03284493899120965 0.046036703593985845
0 0.6790865384615384 0.47836538461538464 0.13701923076923078 0.04326923076923077
0 0.6696467521880387 0.42911787800517226 0.07306930475882194 0.09696501334279685
0 0.6918384422629943 0.3765129754443329 0.04022436576761215 0.05092830974881087
0 0.746371406384567 0.3555216995544025 0.03010531620763515 0.036393347696223606
0 0.7613820924096686 0.3725164503255912 0.030273204522499323 0.04120104000391592
0 0.792967869039397 0.3824954616118848 0.043047932708618876 0.0629755118004194
0 0.8713942307692307 0.46875 0.07932692307692307 0.0625
0 0.9111073744134289 0.42832322265335254 0.05789073041885637 0.07516257026391561
0 0.8647207721521794 0.4073590759804857 0.03815629624349434 0.060515723081818004
0 0.821142469626094 0.3636003477696468 0.03516484098762372 0.04366082872251731
0 0.870337371622508 0.3617699129045416 0.03508089683019149 0.04125698256867102
0 0.9020070924096686 0.37415277034468125 0.03267705067634534 0.04122901128629353
0 0.9447039812827168 0.39267111394013554 0.048023513331175355 0.0678391466728668
0 0.984375 0.41947115384615385 0.03125 0.06971153846153846
0 0.29041900990474995 0.5795286165107646 0.08044873153522457 0.10185661949762188
0 0.14842802805177321 0.6763940462346116 0.04047619823990855 0.058139848210349336
0 0.12588529414124705 0.6845417805904859 0.03343254809323426 0.06286362667090892
0 0.10471237162250815 0.6975111928952413 0.055486884265009945 0.07513459898153813
0 0.009615384615384616 0.6706730769230769 0.019230769230769232 0.052884615384615384
0 0.365850188738702 0.5538373231160821 0.03010531620763515 0.036393347696223606
0 0.4074138314864172 0.5399037436346134 0.02761752589635691 0.03396153025999983
0 0.4387019230769231 0.5120192307692307 0.026442307692307692 0.02403846153846154
0 0.5691697819264401 0.5273687282720249 0.0228098335886646 0.03390558769524459
0 0.6244582434649015 0.5280120677667098 0.02529762389994284 0.03633740513146837
0 0.690323668839806 0.8315400226460101 0.09339134803620816 0.12843878360181768
0 0.7352946580917419 0.7431571406012546 0.06809372413626545 0.09210137847034944
0 0.7533502091184618 0.7097270647064294 0.07273352812909359 0.0873496287274121
0 0.7869468159877498 0.6740749559932124 0.05025947117015734 0.06305942564755213
0 0.7657166541844528 0.6510006616314642 0.047687736701447006 0.05822376205748233
0 0.7980693658981015 0.6141326442001354 0.03533272930248789 0.04846852103020961
0 0.7768811761735204 0.5922602729153102 0.03035714867993141 0.04360488615776193