0 0.109375 0.49278846153846156 0.06129807692307692 0.12980769230769232
0 0.1502403846153846 0.44471153846153844 0.039663461538461536 0.09014423076923077
0 0.12980769230769232 0.36778846153846156 0.037259615384615384 0.07451923076923077
0 0.25961538461538464 0.41225961538461536 0.040865384615384616 0.09495192307692307
0 0.24278846153846154 0.39663461538461536 0.042067307692307696 0.09735576923076923
0 0.265625 0.5685096153846154 0.11298076923076923 0.22235576923076922
0 0.34375 0.4543269230769231 0.06610576923076923 0.13701923076923078
0 0.4326923076923077 0.3918269230769231 0.042067307692307696 0.09254807692307693
0 0.5096153846153846 0.46153846153846156 0.0625 0.12259615384615384
0 0.5673076923076923 0.38822115384615385 0.04807692307692308 0.09735576923076923
0 0.6838942307692307 0.18389423076923078 0.03485576923076923 0.09254807692307693
0 0.8233173076923077 0.27403846153846156 0.078125 0.1622596153846154