0 0.6185500165155464 0.07572115384615384 0.08053957884906077 0.10336538461538461
0 0.6911057692307693 0.07692307692307693 0.1466346153846154 0.15384615384615385
0 0.8401442307692307 0.09615384615384616 0.19951923076923078 0.19230769230769232
0 0.9326923076923077 0.12980769230769232 0.1346153846153846 0.25961538461538464
0 0.051682692307692304 0.5456730769230769 0.10336538461538461 0.11057692307692307
0 0.15541219458118224 0.5745192307692307 0.11192958694394065 0.10576923076923077
0 0.23664220278465764 0.6862980769230769 0.16210663144406004 0.14182692307692307
0 0.14499120263262372 0.5264423076923077 0.07913949790026314 0.07932692307692307
0 0.44350961538461536 0.9771634615384616 0.10336538461538461 0.04567307692307692
0 0.5048076923076923 0.9651442307692307 0.08173076923076923 0.06971153846153846
0 0.792630704797518 0.6911057692307693 0.06018874485925352 0.08413461538461539
0 0.984375 0.9098557692307693 0.03125 0.10817307692307693