0 0.06370192307692307 0.38461538461538464 0.07932692307692307 0.0673076923076923
0 0.20192307692307693 0.40024038461538464 0.10576923076923077 0.036057692307692304
0 0.14877674787410597 0.2928609760124135 0.04014021316760667 0.05948368263645202
0 0.21233878139219003 0.3006356330713447 0.0402801027264457 0.06429137494414433
0 0.22080932588327964 0.25770228510414095 0.03257895080897063 0.047128569065194054
0 0.29636847960767615 0.3081600349924294 0.05031515601834736 0.07916229560325733
0 0.33570432781195847 0.2799033330134965 0.04275389365971135 0.0668071820319995
0 0.40450658414104335 0.31440020009975783 0.04763153074682309 0.06943495005386342
0 0.4077497676479236 0.28566600718761304 0.04014021316760664 0.05948368263645202
0 0.6262019230769231 0.3737980769230769 0.06490384615384616 0.0889423076923077
0 0.5930336452694176 0.3291987488040806 0.057456749700466256 0.07709433225143797
0 0.7164655233779411 0.21674482311883286 0.1055079491238066 0.16095235922837844
0 0.9106745865567516 0.2017192167680967 0.11066536532859644 0.17319551186562726
1 0.26009372678039633 0.56236851179981 0.19951200458790183 0.2565530285668748
0 0.7667529331879077 0.8501516568025992 0.11519327851861078 0.16380404911826055
0 0.8594887338863249 0.8893739024597198 0.13540327466125307 0.19835358274417886
0 0.9567307692307693 0.8846153846153846 0.08653846153846154 0.15384615384615385
0 0.9110850064971417 0.7292975252882802 0.04275389365971135 0.06680718203199937