0 0.12471758216661974 0.1846177039101055 0.10831808990387767 0.14905493488839164
0 0.1750609974942091 0.1163519917974368 0.07248169565679732 0.08420162871721579
0 0.40434976784134674 0.0739408208007216 0.060462464887566424 0.08336116222751021
0 0.49137662711855856 0.08823810773356265 0.0633699759860051 0.09795233244852825
0 0.6213942307692307 0.06129807692307692 0.026442307692307692 0.12259615384615384
0 0.6574519230769231 0.21634615384615385 0.0985576923076923 0.28365384615384615
0 0.7415865384615384 0.056490384615384616 0.11298076923076923 0.11298076923076923
0 0.9747596153846154 0.06009615384615385 0.05048076923076923 0.1201923076923077
0 0.009615384615384616 0.8545673076923077 0.019230769230769232 0.04567307692307692
0 0.04883231859501251 0.8433808667042574 0.025717344687103277 0.04975785605633449
0 0.04863389586846397 0.9177320041755471 0.025717344687103277 0.04975785605633449
0 0.16981826624411453 0.9152529080141354 0.028540911628109865 0.061945180123506235
0 0.18899562572913603 0.8467685626208551 0.027953302526085258 0.045118257046583156
0 0.31315235461600466 0.9651794173348508 0.02314561021839295 0.04478207045070093
0 0.417879993444355 0.4039236437194791 0.023733219320417557 0.06160899352762401
0 0.49278846153846156 0.375 0.02403846153846154 0.03365384615384615
0 0.47662538169397456 0.6444093390694351 0.026304953789127887 0.06658477913325757
0 0.5370382154252042 0.7684765892557939 0.033684380565530386 0.07189675133477308
0 0.5905409743235285 0.6784081684605685 0.028624855785541952 0.06434902627735238
0 0.6045673076923077 0.41947115384615385 0.007211538461538462 0.06490384615384616
0 0.5955547484353901 0.3974943550564508 0.0232295543758249 0.04718591660454708
0 0.7166436860371773 0.7913449544843127 0.0880799907839234 0.11886403465870862
0 0.7800250996902142 0.7617341441224588 0.06834555660856172 0.10309621135210278