0 0.49302116504678695 0.367897327143143 0.04410836924055909 0.07488820291336587
0 0.5412799014591645 0.355353236363122 0.04656815795916048 0.0798499406820569
0 0.5733173076923077 0.32211538461538464 0.03125 0.0625
0 0.5413786430128001 0.24349736747877648 0.02443005949174794 0.035194300763835645
0 0.48367234967930367 0.2410021994917246 0.029265723081818004 0.03790623783967981
0 0.4331775948073457 0.23896916788766964 0.03412935795426528 0.04302202106936999
0 0.339399623524968 0.23536524106255646 0.03421327180139828 0.05023355953090845
0 0.35260679172993303 0.23741441417497386 0.026945790775104575 0.04496373084021927
0 0.2841111619865065 0.23182219545958055 0.0489720041130065 0.08000398614305605
0 0.22400102249916382 0.22917298201152975 0.05875521642265683 0.09504324491012885
0 0.10130696916468838 0.22973012503904455 0.0805576595015378 0.11085273098219627
0 0.004807692307692308 0.046875 0.009615384615384616 0.036057692307692304
0 0.0257404994369254 0.10821413182553946 0.04419228308769181 0.08209974137490433
0 0.07124574866573667 0.12556407250759657 0.041564666674824835 0.0627149266831361
0 0.1275123630221004 0.14841491007184124 0.036645089237622046 0.05279145114575347
0 0.05376234251825386 0.07753373155010437 0.026889848210349402 0.04015603853252696
0 0.04329467585566625 0.046792450052532214 0.02691781949272702 0.04255988468637311
0 0.004807692307692308 0.013221153846153846 0.009615384615384616 0.026442307692307692
0 0.007211538461538462 0.0889423076923077 0.014423076923076924 0.057692307692307696
0 0.078125 0.010817307692307692 0.021634615384615384 0.021634615384615384
0 0.07211285841944247 0.05104484173836573 0.017218521030209617 0.03473216438083891
0 0.09937947687657551 0.08526828761677681 0.024458030774125696 0.037598146917681805
0 0.11071425329286896 0.041490338345118345 0.019566424619300395 0.03007851753414547
0 0.12733139175196004 0.06059750272595711 0.017218521030209617 0.03473216438083891
0 0.15458402456790427 0.09602287168129127 0.01953845333692291 0.02767467138029945
0 0.20119329738531702 0.12186329663230935 0.026833905645594232 0.035348346224834654
0 0.2212623630221004 0.15442268305080048 0.03175348308279688 0.04527182176221727
0 0.2595560737893733 0.1713104873498607 0.019622367184055634 0.034886209841837774
0 0.2636793117441282 0.1270704016952053 0.01959439590167815 0.03248236368799162
0 0.22801321738972236 0.09110587362637484 0.01959439590167815 0.03248236368799162
0 0.1837518481614006 0.070227186444048 0.014758732311608224 0.029770426612147596
0 0.1958969497013306 0.06018010605673506 0.01707866461832152 0.02271293361160814
0 0.15156565226706484 0.04531103425902367 0.019510482054545426 0.025270825226453297
0 0.25488907995888305 0.055540758312747955 0.01710663590069914 0.025116779765454157
0 0.2700385681584637 0.09740743842462575 0.01962236718405577 0.03488620984183791
0 0.31413210969251987 0.13270920253002957 0.02451397333888094 0.04240583922537411
0 0.3316015301988138 0.1819414665644448 0.022082155902657028 0.03984794761052909
0 0.42294768404496763 0.18779519408240516 0.024458030774125696 0.037598146917681805
0 0.46384103994273 0.1880101207655412 0.022026213337901786 0.03504025530283678
0 0.5191155158400027 0.19275508944544026 0.026833905645594094 0.035348346224834654
0 0.5829326923076923 0.19471153846153846 0.01201923076923077 0.03365384615384615
0 0.5051399794349674 0.15336927821790805 0.014702789746852848 0.024962734304455288
0 0.44384190251189043 0.14944111896243467 0.01959439590167788 0.03248236368799162
0 0.42849661533566663 0.12440136192747996 0.014674818464475638 0.022558888150609135
0 0.4007684707193029 0.12984137758753042 0.017162578465454513 0.0299244720731466
0 0.3829214379009113 0.11306103663003822 0.012298943593006694 0.024808688843456286
0 0.38190132815944267 0.0973590138995388 0.017050693335943896 0.020309087457761985
0 0.3990778922660858 0.06838925520345449 0.014646847182097881 0.020155041996762983
0 0.3412597138030789 0.07550947183178731 0.01227097231062921 0.02240484268961013
0 0.33024660713412796 0.091643190334215 0.01707866461832152 0.02271293361160814
0 0.3444039568746176 0.11540400156174722 0.021970270773146686 0.030232562995144336
0 0.2929869917495126 0.08925548568873126 0.014702789746852983 0.024962734304455288
0 0.3017221230353166 0.06215041403299681 0.014646847182097744 0.020155041996762983
0 0.6907955589286734 0.15766132254309081 0.04422025437006943 0.08450358752875048
0 0.7666705548279041 0.14929260071840403 0.044024455393426094 0.0676766644518274
0 0.823286810213988 0.14209536135957185 0.0319213107770626 0.05969489868529406
0 0.8413156563678341 0.14325070231706402 0.022138098467412267 0.0446556399182214
0 0.8942142573936382 0.14543777938211794 0.034325156930908755 0.05984894414629306
0 0.8726915271385334 0.13443598561774278 0.022110127185034783 0.04225179376437511
0 0.9663436276502116 0.14885722013516356 0.029461522058461205 0.05473316091660289
0 0.5949519230769231 0.06971153846153846 0.01201923076923077 0.03365384615384615
0 0.6510070686848267 0.06249447278303165 0.03667306051999967 0.0551952972995997
0 0.6196032266317497 0.07371303563619905 0.021914328208391447 0.025424870687452163
0 0.6141826923076923 0.015625 0.026442307692307692 0.03125
0 0.6921521661239874 0.04107478408155236 0.014730761029230603 0.027366580458301443
0 0.767957233817274 0.03871567764148102 0.026917819492726956 0.04255988468637311
0 0.8456346932992324 0.08218369358548551 0.024430059491748077 0.035194300763835715
0 0.8049231507369246 0.06634376690234942 0.02448600205650318 0.040001993071528026
0 0.7969292584341272 0.02974691548116076 0.01710663590069914 0.025116779765454227
0 0.8520778635607006 0.04530919185336753 0.014786703593985843 0.03217427276599375
0 0.8315193004823092 0.0548171131271841 0.014730761029230603 0.027366580458301443
0 0.9216915025339175 0.05818997176079875 0.021998242055524305 0.032636409148990624
0 0.8915455261225188 0.06467786503677335 0.017134607183076758 0.02752062591930038
0 0.8757806697106308 0.07569580030951094 0.014702789746852983 0.024962734304455288
0 0.9420542666356658 0.06550897356390525 0.021942299490769066 0.02782871684129832
0 0.9963942307692307 0.06971153846153846 0.007211538461538462 0.028846153846153848
0 0.9745061897125888 0.06758858728739116 0.017134607183076758 0.02752062591930038
0 0.9894319076531487 0.1286860366300383 0.017190549747831997 0.03232831822699275
0 0.9643453650908409 0.11384740544339532 0.014674818464475364 0.022558888150609135
0 0.7159109148386729 0.06665370023000346 0.024402088209370457 0.03279045460998956
0 0.7163025127919594 0.032999854076157305 0.014730761029230603 0.027366580458301443
0 0.7308794317681132 0.02070297299599721 0.012298943593006829 0.024808688843456286
0 0.7476504122802811 0.02658898353068217 0.009895097439160675 0.02465464338245735
0 0.04189779586741393 0.699495719638244 0.051655563090628714 0.10419649314251653
0 0.06906651483622543 0.7421326270551165 0.07113807386279639 0.1270634722151236
0 0.10772385227440709 0.7277704313541768 0.046680043088670686 0.08946532529744165
0 0.14783653846153846 0.6838942307692307 0.06009615384615385 0.0889423076923077
0 0.17510147278804344 0.7260740888775322 0.06853842873230703 0.11008250367720152
0 0.18608576610930277 0.8157866238748347 0.07354192001664253 0.1272175176761226
0 0.22805601637860282 0.7234534736348939 0.06364682257748186 0.10256287429366519
0 0.2549030656000718 0.7937346118209972 0.0638426215541252 0.11938979737058826
0 0.3033016584243373 0.7691712902717455 0.07119401642755162 0.13187116452281591
0 0.36159534868776366 0.7211856890280282 0.056687025657341975 0.12373535329528369
0 0.39408838662293905 0.8231019408666289 0.08086534360769147 0.13729503867450396
0 0.4293349117416808 0.8951241612431518 0.08796499693971946 0.12814179044211635
0 0.4387019230769231 0.9507211538461539 0.0985576923076923 0.0985576923076923
0 0.5264423076923077 0.9507211538461539 0.08173076923076923 0.0985576923076923
0 0.5637019230769231 0.9423076923076923 0.05048076923076923 0.11538461538461539
0 0.47440744815895314 0.84629130996394 0.06867828514419526 0.12210173444643228
0 0.4633252553493723 0.7649922365050992 0.08324121847915987 0.1350452379816568
0 0.4266390512534979 0.713325685705769 0.06862234257943975 0.11729404213873998
0 0.5425682645791625 0.777287275179603 0.0834090461734256 0.14946831490473372
0 0.9603365384615384 0.8894230769230769 0.07932692307692307 0.22115384615384615