0 0.18389423076923078 0.17307692307692307 0.25240384615384615 0.34615384615384615
0 0.28966346153846156 0.028846153846153848 0.12259615384615384 0.057692307692307696
0 0.375 0.042067307692307696 0.08653846153846154 0.08413461538461539
0 0.44711538461538464 0.03485576923076923 0.057692307692307696 0.06971153846153846
0 0.5 0.04807692307692308 0.07692307692307693 0.09615384615384616
0 0.5380418686237778 0.049621544296956706 0.06063035320243074 0.08884399720496748
0 0.5612980769230769 0.028846153846153848 0.06971153846153846 0.057692307692307696
0 0.6105769230769231 0.025240384615384616 0.0625 0.05048076923076923
0 0.621897946663223 0.08283358835602045 0.0707494027624078 0.10405197109810296
0 0.6808341495111698 0.08884300537455296 0.06320208767114092 0.09384791375517446
0 0.6850961538461539 0.03485576923076923 0.057692307692307696 0.06971153846153846
0 0.6658653846153846 0.014423076923076924 0.052884615384615384 0.028846153846153848
0 0.6334134615384616 0.016826923076923076 0.06009615384615385 0.03365384615384615
0 0.7259615384615384 0.027644230769230768 0.052884615384615384 0.055288461538461536
0 0.7331044509208867 0.10988874966554144 0.0606303532024306 0.08884399720496748
0 0.8039187010960739 0.07851586155636614 0.06767400334910488 0.0846249776248192
0 0.8473024104344211 0.1539670582945002 0.04785562501631118 0.06622826060777871
0 0.8392208959868775 0.05982460980947083 0.04545177886246503 0.06603203636526403
0 0.7654418954286933 0.04061861656661957 0.057806786261424145 0.07662854219322203
0 0.8822802663625281 0.057347030790119484 0.05341881474089227 0.08825532447742344
0 0.9228251415540265 0.0858251154069962 0.04819140164603953 0.07584364522316332
0 0.9191239904987936 0.15144032403147872 0.050427359485021514 0.0712321771579857
0 0.9704861733825996 0.1808014177396714 0.05067919195731763 0.07844371561952415
0 0.9730121062337834 0.08153236296134264 0.05051130364245346 0.07363602331183185
0 0.06934527836952545 0.6597073116693444 0.07505343012550766 0.0900213426600554
0 0.12605318245611116 0.8764702932562797 0.08584403294494135 0.12446008578396026
0 0.25 0.9471153846153846 0.09134615384615384 0.10576923076923077
0 0.22773585438404367 0.7337599643558749 0.055822660894738294 0.08845154871993813
0 0.9146634615384616 0.5168269230769231 0.11298076923076923 0.15384615384615385
0 0.4375 0.7992788461538461 0.038461538461538464 0.24759615384615385
0 0.5576160735618962 0.792556678102097 0.12391638503100375 0.1850957571139881
0 0.5673076923076923 0.9387019230769231 0.1875 0.12259615384615384
0 0.751156223358196 0.8778680438435517 0.1490461206160824 0.2183079995391347
0 0.8413461538461539 0.9182692307692307 0.15384615384615385 0.16346153846153846
0 0.9027664193653678 0.8950378634296682 0.11636906993973693 0.17489169977105945
0 0.9182692307692307 0.9483173076923077 0.16346153846153846 0.10336538461538461