0 0.5788202206913112 0.2742046808419403 0.12310503632293414 0.1713024094747427
0 0.6796460931628924 0.2339748200069795 0.08578548829131026 0.15666955503444385
0 0.7728556092942315 0.26706925944823373 0.08211978641353254 0.14223249294355228
0 0.016826923076923076 0.8064903846153846 0.03365384615384615 0.05048076923076923
0 0.04775110867792103 0.791535069960196 0.027824028710256313 0.04340908244737877
0 0.05580497433433145 0.8779826279078614 0.10249254607421629 0.12793528253080844
0 0.08008316646082705 0.8201784388730353 0.04507157036182322 0.04831467092977458
0 0.08433457420391816 0.7853156770583586 0.02959694700213668 0.036211529153655095
0 0.10225826571410333 0.7864127113766707 0.02415832683247852 0.028972020356487056
0 0.13322331312941685 0.8306810802895102 0.08136899325754963 0.10618878580367462
0 0.16830410229786408 0.8004442036009334 0.030438184151424415 0.045826913769039704
0 0.1932290229822658 0.8039031285696473 0.04873727223960108 0.06275173302066629
0 0.233838876313676 0.7928550656083954 0.038911578336894445 0.06029194619556099
0 0.26173863836688116 0.8035045512869256 0.035456185746438745 0.04825873025851543
0 0.282231263321582 0.7889695930213303 0.03503556717179471 0.043451037950823126
0 0.6983216678746446 0.6806994212786992 0.1658926258249283 0.24843526391504156
0 0.7982621712458697 0.7329756818633709 0.11589349786139568 0.17126045397129835
0 0.8966346153846154 0.9038461538461539 0.20673076923076922 0.19230769230769232
0 0.8716835435362541 0.6352423131016022 0.0779136006670938 0.09415556986662907
0 0.8675214897408837 0.6004284993742773 0.0622286680200853 0.07964858193666344
0 0.8254688926989322 0.5730429942096203 0.05114111839344723 0.06276571818848115
0 0.8038489879646729 0.5455386151185375 0.030438184151424415 0.045826913769039704
0 0.7598289640394592 0.5818340552790814 0.05219266483005679 0.07478494895771184
0 0.7787148480385334 0.6405884343701641 0.05847252214900268 0.09163984237026448
0 0.6141826923076923 0.5420673076923077 0.040865384615384616 0.04567307692307692
0 0.5925480769230769 0.5420673076923077 0.040865384615384616 0.04567307692307692
0 0.46274038461538464 0.5504807692307693 0.05048076923076923 0.0625