0 0.02403846153846154 0.10576923076923077 0.04807692307692308 0.21153846153846154
0 0.21033653846153846 0.0985576923076923 0.18509615384615385 0.1971153846153846
0 0.3173076923076923 0.18028846153846154 0.24519230769230768 0.2980769230769231
0 0.5084134615384616 0.2824519230769231 0.11778846153846154 0.09375
0 0.45913461538461536 0.13942307692307693 0.019230769230769232 0.07692307692307693
0 0.4814960528524226 0.152621041709976 0.061177121583475616 0.07182084988552973
0 0.5456480158047017 0.08771739392221274 0.0404741873414528 0.05342413286848924
0 0.5241784877107558 0.07395652422610209 0.04329865206994299 0.05842804941869622
0 0.586257869136112 0.07366238622841295 0.0413154244907406 0.06303951748387385
0 0.6244491656633199 0.08725160930384401 0.055738501413817525 0.06421686293896191
0 0.6301591178128927 0.15838587270665533 0.074878826651282 0.0920327403288722
0 0.7217155809463685 0.14852550533725173 0.09840622562179459 0.11543337389611981
0 0.7918183166818387 0.19292332305006615 0.10949377524843293 0.13304519394310146
0 0.9543269230769231 0.1814903846153846 0.09134615384615384 0.17548076923076922
0 0.9615384615384616 0.016826923076923076 0.057692307692307696 0.03365384615384615
0 0.9206730769230769 0.006009615384615385 0.04326923076923077 0.01201923076923077
0 0.7794667312401006 0.0340240974100352 0.05051019053148145 0.05901672214624025
0 0.8035357041248583 0.07263290323650118 0.07424789878931594 0.08482120186733375
0 0.7367788461538461 0.027644230769230768 0.05048076923076923 0.055288461538461536
0 0.75 0.01201923076923077 0.028846153846153848 0.02403846153846154
0 0.6710381230330492 0.03213499275214501 0.0404741873414528 0.05342413286848924
0 0.6359720445149579 0.0373840904224539 0.03263172101794855 0.04562392167940688
0 0.17548076923076922 0.35697115384615385 0.07692307692307693 0.055288461538461536
0 0.4743444470378927 0.5716254191073467 0.04801590038433033 0.08506658135351859
0 0.48496615609323446 0.5456982496431606 0.040173434060826047 0.07726637016443624
0 0.5641595932713687 0.6907878470755767 0.0701909996376066 0.12029022144748215
0 0.5680797363875366 0.5914206801759906 0.053033901979344586 0.08786287599239409
0 0.6011772979767815 0.554112107913788 0.04957850938888875 0.07564742098064865
0 0.6044518025806276 0.48940448600245656 0.03127942130071215 0.05744692820612284
0 0.6459028930613255 0.4657340936932722 0.02908588443418795 0.059654550117454457
0 0.7272729763644594 0.44954519695364614 0.03368326745455837 0.05764315244863765
0 0.7557437336326219 0.4651212400760589 0.030648493438746434 0.05023538974458438
0 0.7558635989266389 0.4364713104724197 0.02782402871025638 0.04523147319437753
0 0.8297677025298442 0.5056189521943322 0.036087113608404525 0.057839376691152196
0 0.8708581070829068 0.4724312873910205 0.030438184151424415 0.047831543590738226
0 0.8430782103237188 0.43531874100524964 0.02824464728490028 0.05003916550206984
0 0.8050247598776364 0.6520327657145978 0.059734377872934244 0.10988993986203884
0 0.6985804692953717 0.7502221904269301 0.06736653490911661 0.11528630489727504
0 0.7066163541646733 0.576532017000628 0.04257728021467217 0.07746259440695077