0 0.019230769230769232 0.2403846153846154 0.038461538461538464 0.22596153846153846
0 0.14817927387654953 0.11553755494294929 0.13025931318611145 0.22887094575598296
0 0.47596153846153844 0.2608173076923077 0.03365384615384615 0.10336538461538461
0 0.5012419574156523 0.2848358336730239 0.06021006400480781 0.10951588028974377
0 0.5436719360807163 0.2497852438903316 0.050147078267201 0.0900613104978633
0 0.5511032553471691 0.05294960997633588 0.04768728197307704 0.08760151420373934
0 0.6067064772305029 0.4290406377117525 0.0981141109416668 0.18968205547083328
0 0.7255819467481843 0.2720383256351501 0.04282363952510693 0.08508576776933771
0 0.8304849552821586 0.2888952336603104 0.06043386456591877 0.11913126490512838
0 0.9314903846153846 0.4987980769230769 0.13701923076923078 0.19951923076923078
0 0.9891826923076923 0.33774038461538464 0.021634615384615384 0.15625
0 0.9855769230769231 0.24278846153846154 0.028846153846153848 0.10576923076923077
0 0.9315294140150646 0.24319619154519295 0.055010720715170984 0.09257705693226506
0 0.8894230769230769 0.6081730769230769 0.028846153846153848 0.019230769230769232
0 0.9242788461538461 0.6057692307692307 0.03125 0.014423076923076924
0 0.9735576923076923 0.6057692307692307 0.02403846153846154 0.014423076923076924
0 0.9879807692307693 0.609375 0.02403846153846154 0.021634615384615384