0 0.07451923076923077 0.3629807692307692 0.05048076923076923 0.0889423076923077
0 0.18269230769230768 0.39783653846153844 0.04447115384615385 0.08653846153846154
0 0.25600961538461536 0.3737980769230769 0.038461538461538464 0.0889423076923077
0 0.34975961538461536 0.36899038461538464 0.04807692307692308 0.0889423076923077
0 0.43028846153846156 0.390625 0.04807692307692308 0.078125
0 0.5084134615384616 0.39903846153846156 0.039663461538461536 0.08413461538461539
0 0.5901442307692307 0.41346153846153844 0.046875 0.08052884615384616
0 0.6586538461538461 0.390625 0.04447115384615385 0.0889423076923077
0 0.7319711538461539 0.3557692307692308 0.04447115384615385 0.09495192307692307
0 0.8269230769230769 0.38221153846153844 0.05048076923076923 0.09975961538461539
0 0.90625 0.41586538461538464 0.046875 0.08653846153846154