0 0.2920673076923077 0.7896634615384616 0.078125 0.14302884615384615
0 0.1201923076923077 0.7403846153846154 0.07211538461538461 0.11538461538461539
0 0.08774038461538461 0.6923076923076923 0.04447115384615385 0.06610576923076923
0 0.4014423076923077 0.6418269230769231 0.03365384615384615 0.0673076923076923
0 0.4639423076923077 0.6153846153846154 0.03125 0.04807692307692308
0 0.5060096153846154 0.6237980769230769 0.03485576923076923 0.052884615384615384
0 0.46033653846153844 0.546875 0.021634615384615384 0.03365384615384615
0 0.5300480769230769 0.5348557692307693 0.013221153846153846 0.030048076923076924
0 0.5733173076923077 0.6189903846153846 0.036057692307692304 0.04927884615384615
0 0.6045673076923077 0.6610576923076923 0.055288461538461536 0.07572115384615384
0 0.6730769230769231 0.6454326923076923 0.039663461538461536 0.055288461538461536
0 0.6574519230769231 0.5889423076923077 0.025240384615384616 0.040865384615384616
0 0.6947115384615384 0.5841346153846154 0.02403846153846154 0.038461538461538464
0 0.7175480769230769 0.6057692307692307 0.02403846153846154 0.039663461538461536
0 0.7367788461538461 0.5961538461538461 0.028846153846153848 0.037259615384615384
0 0.7560096153846154 0.6262019230769231 0.03245192307692308 0.0625
0 0.7788461538461539 0.6875 0.054086538461538464 0.08413461538461539
0 0.8762019230769231 0.6526442307692307 0.05889423076923077 0.07692307692307693
0 0.8834134615384616 0.5961538461538461 0.046875 0.0625
0 0.8028846153846154 0.5853365384615384 0.036057692307692304 0.056490384615384616
0 0.9387019230769231 0.5985576923076923 0.037259615384615384 0.06129807692307692
0 0.9819711538461539 0.6069711538461539 0.03485576923076923 0.06009615384615385