0 0.21995192307692307 0.3485576923076923 0.025240384615384616 0.052884615384615384
0 0.039663461538461536 0.6382211538461539 0.06009615384615385 0.09495192307692307
0 0.11057692307692307 0.8653846153846154 0.09495192307692307 0.15504807692307693
0 0.0985576923076923 0.7668269230769231 0.0625 0.08653846153846154
0 0.14543269230769232 0.6802884615384616 0.055288461538461536 0.07932692307692307
0 0.14543269230769232 0.6358173076923077 0.05048076923076923 0.06850961538461539
0 0.19831730769230768 0.6189903846153846 0.04807692307692308 0.06490384615384616
0 0.19110576923076922 0.5793269230769231 0.042067307692307696 0.06850961538461539
0 0.2704326923076923 0.75 0.06490384615384616 0.0985576923076923
0 0.2644230769230769 0.6947115384615384 0.06009615384615385 0.07211538461538461
0 0.3088942307692308 0.6177884615384616 0.042067307692307696 0.06850961538461539
0 0.28365384615384615 0.5649038461538461 0.042067307692307696 0.06850961538461539
0 0.3088942307692308 0.8581730769230769 0.08774038461538461 0.13221153846153846
0 0.5096153846153846 0.8822115384615384 0.08533653846153846 0.13581730769230768
0 0.5901442307692307 0.9375 0.1045673076923077 0.11778846153846154
0 0.5540865384615384 0.7632211538461539 0.0625 0.09495192307692307
0 0.4110576923076923 0.7163461538461539 0.052884615384615384 0.07572115384615384
0 0.42427884615384615 0.671875 0.042067307692307696 0.07211538461538461
0 0.3798076923076923 0.5625 0.039663461538461536 0.06490384615384616
0 0.47596153846153844 0.5733173076923077 0.037259615384615384 0.07211538461538461
0 0.46634615384615385 0.5384615384615384 0.03245192307692308 0.06009615384615385
0 0.5360576923076923 0.6346153846153846 0.042067307692307696 0.08653846153846154
0 0.5661057692307693 0.578125 0.037259615384615384 0.06490384615384616
0 0.6502403846153846 0.5949519230769231 0.039663461538461536 0.06850961538461539
0 0.6706730769230769 0.6646634615384616 0.0625 0.08653846153846154
0 0.7019230769230769 0.7800480769230769 0.06971153846153846 0.12139423076923077
0 0.7223557692307693 0.6057692307692307 0.05048076923076923 0.0829326923076923
0 0.7920673076923077 0.6838942307692307 0.06009615384615385 0.10216346153846154
0 0.8629807692307693 0.8581730769230769 0.08533653846153846 0.14783653846153846
0 0.8798076923076923 0.6442307692307693 0.06490384615384616 0.09134615384615384
0 0.9411057692307693 0.6838942307692307 0.07211538461538461 0.09495192307692307