0 0.4718731088682135 0.5124608029484762 0.06315262339261861 0.09643706241621622
0 0.3585423194002447 0.5011890236654373 0.07290801610288283 0.09928875230609845
0 0.2750495947130333 0.48771098682674174 0.07318803229264258 0.10409644461379076
0 0.19609640041419982 0.44927246770768414 0.06018874485925338 0.08670971686682258
0 0.1175976716361103 0.48037754564915147 0.07064417804391668 0.10158063752593559
0 0.025240384615384616 0.46875 0.05048076923076923 0.10576923076923077
0 0.22716346153846154 0.3786057692307692 0.06009615384615385 0.021634615384615384
0 0.3629807692307692 0.390625 0.0673076923076923 0.04567307692307692
0 0.43028846153846156 0.3954326923076923 0.0625 0.055288461538461536
0 0.4963942307692308 0.4050480769230769 0.055288461538461536 0.07451923076923077
0 0.5588942307692307 0.41225961538461536 0.06009615384615385 0.0889423076923077
0 0.59375 0.40625 0.009615384615384616 0.07211538461538461
0 0.7066692547280832 0.5402663472640252 0.06315262339261861 0.09643706241621622
0 0.8161735301277483 0.44467893363491934 0.04830952218490235 0.08855375835062376
0 0.8713942307692307 0.38100961538461536 0.04567307692307692 0.026442307692307692
0 0.9556547568278201 0.47275130272505284 0.052977206397715054 0.08637383406479551
0 0.9675480769230769 0.38822115384615385 0.040865384615384616 0.040865384615384616
0 0.8756848214782627 0.6020781901721856 0.06653652621062306 0.11337594642714831