0 0.0829326923076923 0.6574519230769231 0.08052884615384616 0.11177884615384616
0 0.08173076923076923 0.5180288461538461 0.03485576923076923 0.04326923076923077
0 0.15384615384615385 0.5024038461538461 0.030048076923076924 0.038461538461538464
0 0.17548076923076922 0.47836538461538464 0.02283653846153846 0.036057692307692304
0 0.25841346153846156 0.5024038461538461 0.025240384615384616 0.038461538461538464
0 0.29447115384615385 0.4879807692307692 0.02283653846153846 0.03125
0 0.23317307692307693 0.5889423076923077 0.06009615384615385 0.07692307692307693
0 0.38822115384615385 0.49278846153846156 0.02283653846153846 0.038461538461538464
0 0.41947115384615385 0.48197115384615385 0.028846153846153848 0.030048076923076924
0 0.4026442307692308 0.5420673076923077 0.037259615384615384 0.057692307692307696
0 0.44711538461538464 0.5276442307692307 0.027644230769230768 0.04567307692307692
0 0.5216346153846154 0.48197115384615385 0.021634615384615384 0.03125
0 0.5060096153846154 0.5 0.03245192307692308 0.039663461538461536
0 0.8377403846153846 0.421875 0.07451923076923077 0.09375