0 0.03685481009611239 0.41306420938854277 0.05468101207716226 0.07594058857449763
0 0.08490802463214536 0.3756597235933082 0.033910153802715594 0.0480410603263374
0 0.12713904896022293 0.41749108459025575 0.036454008051441486 0.050627059049665135
0 0.1323549112821095 0.39012008267524734 0.03094627526935036 0.0382435231414712
0 0.18200748621404517 0.4288921321498705 0.039277878489926914 0.058020750080685184
0 0.14783653846153846 0.5396634615384616 0.10817307692307693 0.07932692307692307
0 0.21308303688306063 0.49643719056119945 0.06712026713103238 0.08406288988344403
0 0.27136981819099215 0.42842023875915025 0.03405016189759526 0.05044490648018369
0 0.28776486271283086 0.4163830766146267 0.02641859915141759 0.04268691031020047
0 0.37740384615384615 0.5444711538461539 0.02403846153846154 0.06971153846153846
1 0.5811881989978473 0.325165281212076 0.04210174892841241 0.06541444111170537
1 0.669500470263196 0.3427222339752018 0.03899786230016744 0.05321305777299301
1 0.6984629236633395 0.3014566814702685 0.03405016189759526 0.05044490648018369
1 0.7355255027513109 0.45275411875195676 0.034050161897595396 0.05044490648018369
1 0.9807692307692307 0.234375 0.038461538461538464 0.06971153846153846
1 0.7637997699475005 0.44403156560868734 0.03955789467968639 0.06282844238837762
1 0.8224139845269717 0.4533019958686782 0.03349012951807632 0.04082952186479907
0 0.026442307692307692 0.6730769230769231 0.052884615384615384 0.1875
0 0.11658653846153846 0.6201923076923077 0.06490384615384616 0.08173076923076923
0 0.15985576923076922 0.6490384615384616 0.10817307692307693 0.13942307692307693
0 0.18768005720713662 0.7360394015420101 0.13564061521086238 0.1921642413053496
0 0.33653846153846156 0.921875 0.10576923076923077 0.15625
0 0.9867788461538461 0.8521634615384616 0.026442307692307692 0.06971153846153846
0 0.9939903846153846 0.8197115384615384 0.01201923076923077 0.04326923076923077
0 0.965871344510211 0.7761818535125747 0.031646315743749105 0.050262753910701966
0 0.9381096926117601 0.6931939476707274 0.031086283364230163 0.04064736929531735
0 0.8587957453805125 0.8320512161017901 0.05269719020795531 0.08296997446655464
0 0.7802744296367633 0.8743903332400436 0.06796031570031093 0.09848596680652094
0 0.49912999649553835 0.9134478653110754 0.11713359499538206 0.1620430194728248
0 0.43346571693983765 0.6935855991106166 0.04945329548483068 0.068364744973996
0 0.48337459952064277 0.6865024190926812 0.036173991861681944 0.04581936674197283
0 0.5602395266667248 0.7140569929854478 0.03603398376680221 0.04341552058812654
0 0.5838698181909922 0.7436138257342351 0.03955789467968652 0.0628284423883775
0 0.5796684537693687 0.6913846757180979 0.03136629955398963 0.04545506160300979
0 0.66962638093717 0.7428687034892926 0.043945562702739485 0.0559812090658022
0 0.6752622675436958 0.7082861631127456 0.025858566771898513 0.033071525694815855
0 0.7672621663576986 0.745438190245604 0.028822445305263747 0.04286906287968192
0 0.782665299944934 0.7297041825855703 0.021330890653965675 0.03751491286354485
0 0.8400894457179272 0.7594073051532535 0.02896245340014348 0.04527290903352821
0 0.8584920206498629 0.7958113712246162 0.03899786230016744 0.05321305777299287