0 0.20045944018179826 0.35055897632349625 0.03526257608049477 0.05724857486677825
0 0.14886880321644386 0.30916800056469734 0.03003521509628562 0.042545481753941856
0 0.13235663164690856 0.29933074953654804 0.030314994213963605 0.05216086636932647
0 0.044419274520056826 0.35244796402914275 0.03780631179318005 0.062196275269350294
0 0.010817307692307692 0.38221153846153844 0.021634615384615384 0.08653846153846154
0 0.010817307692307692 0.3389423076923077 0.021634615384615384 0.0625
0 0.042247373267387575 0.30337913001761624 0.02282367663474716 0.04212545746930251
0 0.07226047780075472 0.30283095190854226 0.02268378707590803 0.0373177651616102
1 0.8161057692307693 0.2439903846153846 0.36778846153846156 0.4879807692307692
1 0.21394230769230768 0.5925480769230769 0.16346153846153846 0.2091346153846154
1 0.3701923076923077 0.6141826923076923 0.019230769230769232 0.17548076923076922