0 0.008413461538461538 0.11057692307692307 0.016826923076923076 0.125
0 0.06726910364538205 0.09889253498009797 0.10269575796895013 0.1496258385866831
0 0.18399549851880853 0.11023348511031113 0.07334612103999934 0.10618878580367462
0 0.23690808518580153 0.11232965757223178 0.03941256206237712 0.08195453191580594
0 0.27563535082992724 0.13494243334873346 0.039104877956223444 0.05551222422349839
0 0.3230409631297878 0.0769704223001299 0.07334612103999934 0.10618878580367462
0 0.3560243405718854 0.12245469945770701 0.032061167188950565 0.06989334564313082
0 0.3766248605738433 0.13675890245435818 0.04408039795818133 0.06996327148220474
0 0.4642533600597175 0.12663305921373352 0.05881115898741193 0.0964894901814013
0 0.5385348349287387 0.10576682670378244 0.04662410052391545 0.08199648741925031
0 0.5572481354355221 0.06118379151511032 0.039048935391468066 0.05070453191580608
0 0.5997596153846154 0.13942307692307693 0.016826923076923076 0.08653846153846154
0 0.02403846153846154 0.7764423076923077 0.04807692307692308 0.08173076923076923
0 0.10454438880181433 0.7823602181309774 0.0489720041130065 0.07720278027937291
0 0.28859246162412194 0.7945115066392994 0.058643331293146216 0.08206641325832437
0 0.38603214470202396 0.8011566458043387 0.04173249436909042 0.07475697862208228
0 0.4354928041913245 0.8164949498641353 0.06389856411888044 0.1205559220554924
0 0.49509946059587023 0.7740780129764577 0.049139831807272355 0.0916258572024497
0 0.39783653846153844 0.9362980769230769 0.11778846153846154 0.12740384615384615
0 0.6641781744234236 0.5987370954238365 0.07108213129804114 0.1181940314050906
0 0.6358173076923077 0.7824519230769231 0.055288461538461536 0.18990384615384615
0 0.7391826923076923 0.8954326923076923 0.18509615384615385 0.2091346153846154
0 0.7846230657224438 0.723044829617004 0.0834090461734256 0.14470626493647223
0 0.8552280010894376 0.5928175822748678 0.059034929246432895 0.11572025941217053
0 0.8942917641874086 0.7476488890968154 0.10300344207510374 0.17606814627899078
0 0.9831730769230769 0.5721153846153846 0.03365384615384615 0.10096153846153846