0 0.13701923076923078 0.4987980769230769 0.11057692307692307 0.14302884615384615
0 0.037259615384615384 0.6177884615384616 0.0733173076923077 0.3161057692307692
0 0.34975961538461536 0.8161057692307693 0.2764423076923077 0.36538461538461536
0 0.35096153846153844 0.5072115384615384 0.06610576923076923 0.12740384615384615
0 0.375 0.4675480769230769 0.04807692307692308 0.08774038461538461
0 0.5168269230769231 0.46153846153846156 0.057692307692307696 0.11057692307692307
0 0.6370192307692307 0.5480769230769231 0.078125 0.15264423076923078
0 0.6237980769230769 0.3317307692307692 0.036057692307692304 0.07211538461538461
0 0.8389423076923077 0.42427884615384615 0.03365384615384615 0.04807692307692308
0 0.9447115384615384 0.4362980769230769 0.05048076923076923 0.07932692307692307
0 0.9266826923076923 0.41586538461538464 0.038461538461538464 0.078125