0 0.06850961538461539 0.31490384615384615 0.07451923076923077 0.10216346153846154
0 0.12980769230769232 0.2776442307692308 0.025240384615384616 0.04927884615384615
0 0.24278846153846154 0.25841346153846156 0.030048076923076924 0.052884615384615384
0 0.3605769230769231 0.23557692307692307 0.11538461538461539 0.21153846153846154
0 0.41586538461538464 0.28125 0.02403846153846154 0.04927884615384615
0 0.4567307692307692 0.2776442307692308 0.021634615384615384 0.042067307692307696
0 0.49038461538461536 0.30288461538461536 0.02403846153846154 0.042067307692307696
0 0.5216346153846154 0.28725961538461536 0.037259615384615384 0.052884615384615384
0 0.5360576923076923 0.2620192307692308 0.021634615384615384 0.03125
0 0.59375 0.2800480769230769 0.02403846153846154 0.052884615384615384
0 0.6069711538461539 0.29447115384615385 0.021634615384615384 0.038461538461538464
0 0.6538461538461539 0.2800480769230769 0.025240384615384616 0.04567307692307692
0 0.7475961538461539 0.26802884615384615 0.13341346153846154 0.28125
0 0.828125 0.26802884615384615 0.027644230769230768 0.04927884615384615
0 0.8389423076923077 0.30649038461538464 0.039663461538461536 0.07091346153846154
0 0.9254807692307693 0.27524038461538464 0.03245192307692308 0.056490384615384616
0 0.9867788461538461 0.29447115384615385 0.021634615384615384 0.04567307692307692