0 0.08052884615384616 0.03365384615384615 0.15144230769230768 0.0673076923076923
0 0.30613876797216927 0.1708489958013331 0.1839272305346156 0.26168525951132765
0 0.4110576923076923 0.1622596153846154 0.057692307692307696 0.23317307692307693
0 0.4074519230769231 0.056490384615384616 0.06490384615384616 0.11298076923076923
0 0.45913461538461536 0.11538461538461539 0.038461538461538464 0.09615384615384616
0 0.5226258021080668 0.14945382044755545 0.0969951081361112 0.14051395693580368
0 0.5940148398388895 0.16906135992510832 0.08452827624465825 0.12114333129314649
0 0.5949360072753744 0.10533146556580768 0.06686210106356846 0.08488984000881085
0 0.6404142636465283 0.14808322761105275 0.06725375204551298 0.10171676308573406
0 0.57808412394546 0.2594153753121712 0.09889540302745736 0.11890731283356579
0 0.6141826923076923 0.30288461538461536 0.22355769230769232 0.052884615384615384
1 0.29927884615384615 0.36177884615384615 0.12259615384615384 0.06490384615384616
1 0.6165865384615384 0.453125 0.17067307692307693 0.24759615384615385
1 0.9675480769230769 0.5901442307692307 0.06490384615384616 0.21875
1 0.48197115384615385 0.5072115384615384 0.08413461538461539 0.21634615384615385
1 0.8642456770213145 0.6246584501542704 0.06222225917670972 0.09204543590559393
1 0.7072952953287929 0.5447318286368569 0.09945490443023516 0.14294577437202732
1 0.9388208579308229 0.6261951865544108 0.05238307400021387 0.08231816616069897
1 0.8183767746072653 0.6167764429809833 0.052271173719658254 0.07751047385300666