0 0.3269230769230769 0.1045673076923077 0.09134615384615384 0.1875
0 0.4543269230769231 0.34615384615384615 0.026442307692307692 0.055288461538461536
0 0.49759615384615385 0.38341346153846156 0.027644230769230768 0.046875
0 0.5288461538461539 0.41947115384615385 0.021634615384615384 0.028846153846153848
0 0.5697115384615384 0.39302884615384615 0.027644230769230768 0.052884615384615384
0 0.6959134615384616 0.47596153846153844 0.020432692307692308 0.040865384615384616
0 0.7103365384615384 0.48197115384615385 0.015625 0.03245192307692308
0 0.7475961538461539 0.484375 0.019230769230769232 0.027644230769230768
0 0.7860576923076923 0.47475961538461536 0.014423076923076924 0.027644230769230768
0 0.8040865384615384 0.4651442307692308 0.03485576923076923 0.051682692307692304
0 0.8425480769230769 0.4723557692307692 0.042067307692307696 0.056490384615384616
0 0.8846153846153846 0.4483173076923077 0.057692307692307696 0.078125
0 0.9675480769230769 0.43990384615384615 0.06370192307692307 0.1141826923076923