0 0.016826923076923076 0.0733173076923077 0.03365384615384615 0.1466346153846154
0 0.2921751177015436 0.10264706885330331 0.10919830751855468 0.18785749747741512
0 0.11080215421537903 0.1924354625487445 0.045625659841296726 0.08387243328800888
0 0.16476053885248282 0.21237445552107642 0.06315262339261861 0.09677352572786765
0 0.42788461538461536 0.359375 0.15865384615384615 0.06009615384615385
0 0.5306007413330727 0.29909843701151306 0.10810195130040662 0.12788732386992244
0 0.5543806520722039 0.09654545889513036 0.02641859915141759 0.04212518700199618
0 0.583028648046483 0.11900916745032745 0.03391015380271566 0.04731082002567191
0 0.637116308083252 0.23959474828754493 0.07841574888497423 0.11195248408291156
0 0.8132045267753205 0.3022616150033427 0.1290128176697331 0.15774131962536558
0 0.9326923076923077 0.3245192307692308 0.1346153846153846 0.12980769230769232
0 0.39236885479170414 0.615912429983845 0.044785611272018036 0.06944935636493209
0 0.458124603785274 0.6184575888052785 0.044785611272018036 0.06944935636493195
0 0.5351176847557908 0.6132242980911984 0.049313287389950874 0.06489362453456196
0 0.615646530909637 0.6090039600960496 0.044785611272018175 0.06944935636493209
0 0.8271872355985592 0.8447579715080548 0.1088019917748053 0.1399065546391532
0 0.8507582557706013 0.7692308988295349 0.06583648573622451 0.10170719827422112
0 0.9466557942755782 0.8097387859675044 0.07134421851831536 0.11397838952077421