0 0.33653846153846156 0.38100961538461536 0.08653846153846154 0.15625
0 0.40384615384615385 0.1045673076923077 0.04807692307692308 0.11298076923076923
0 0.5180288461538461 0.3701923076923077 0.12259615384615384 0.1778846153846154
0 0.5082103721317238 0.25213443223090704 0.061690606892481355 0.09379488446901509
0 0.46652069805565155 0.22878570541028878 0.034451072677009975 0.04704436607187919
0 0.6052575299744741 0.342688811990861 0.09162770229664884 0.1574702751679885
0 0.6814131730807254 0.2519752379632089 0.07615564310625117 0.09678642597234781
0 0.7587348632653842 0.23227307469893269 0.056757036712710644 0.08638744755764777
0 0.8949386176349189 0.07785348745091543 0.06658221778155958 0.09879847522653626
0 0.9047820485802999 0.2719018235725602 0.08125705044879329 0.11380924749909987
0 0.9406448407876972 0.2156297796415121 0.049461579669786405 0.08128590757521205
0 0.9891826923076923 0.3425480769230769 0.021634615384615384 0.17067307692307693
0 0.013221153846153846 0.9098557692307693 0.026442307692307692 0.10817307692307693
0 0.043989245757735294 0.8260006324644252 0.05173954795155416 0.074172318338588
0 0.04476549263555267 0.7815294786182714 0.04912590534424383 0.06205513834444281
0 0.14840969593261802 0.8386748852866652 0.05422731268678596 0.07907795987119488
0 0.14707581169143913 0.7772788591386739 0.04448605019932281 0.07147462450999857
0 0.1517907723567541 0.9206015529672634 0.08150880619295037 0.12823232442217694
0 0.22463436126708586 0.8129141320253166 0.04688989635316897 0.071572573734913
0 0.2882584490548007 0.8888760687903143 0.07138991008925161 0.09899437367636511
0 0.3701923076923077 0.8317307692307693 0.019230769230769232 0.07211538461538461
0 0.4206730769230769 0.6911057692307693 0.08173076923076923 0.16105769230769232
0 0.6764647065477856 0.7449106233390419 0.11899311438419889 0.21143233202666287
0 0.9795673076923077 0.8473557692307693 0.040865384615384616 0.19951923076923078