0 0.12139423076923077 0.08413461538461539 0.2091346153846154 0.16826923076923078
0 0.265625 0.13581730769230768 0.18509615384615385 0.27163461538461536
0 0.38341346153846156 0.14302884615384615 0.11298076923076923 0.2860576923076923
0 0.75950932353693 0.3442376354609514 0.19439607791691615 0.37416476765203
0 0.710923681957579 0.35390796527756463 0.14681357423971464 0.3058499728193377
0 0.7007211538461539 0.15264423076923078 0.17067307692307693 0.30528846153846156
0 0.8142927513842759 0.16909357201089803 0.1175984482494257 0.2619652905070514
0 0.8736957006559346 0.15967501782553484 0.12983260570179256 0.30305447568354704
0 0.9242788461538461 0.1622596153846154 0.15144230769230768 0.31971153846153844
0 0.9495192307692307 0.2848557692307692 0.10096153846153846 0.31009615384615385
0 0.9771634615384616 0.33413461538461536 0.04567307692307692 0.36538461538461536
0 0.9819711538461539 0.10216346153846154 0.036057692307692304 0.19951923076923078
0 0.9675480769230769 0.052884615384615384 0.06490384615384616 0.10576923076923077
0 0.8149038461538461 0.056490384615384616 0.08173076923076923 0.11298076923076923
0 0.7703160169378437 0.10086270238862237 0.08027979404832909 0.12908235036217958
0 0.026442307692307692 0.9879807692307693 0.04807692307692308 0.02403846153846154
0 0.0625 0.9723557692307693 0.04326923076923077 0.055288461538461536
0 0.22584486309168986 0.9206561561824791 0.04215862952551346 0.05858750993675207
0 0.5322637521935433 0.5971110281728635 0.0693711645228159 0.07122219224903852
0 0.6353514864979986 0.6139119860577461 0.062313671522276445 0.07345818798205131
0 0.453125 0.9591346153846154 0.026442307692307692 0.08173076923076923
0 0.45072115384615385 0.8894230769230769 0.021634615384615384 0.0673076923076923
0 0.48883494874634525 0.874530453441934 0.057505979214584 0.07334628770149584
0 0.5252403846153846 0.9663461538461539 0.0889423076923077 0.0673076923076923
0 0.5892107459749565 0.8864677688788465 0.062467716983275315 0.07586203413589747
0 0.6466346153846154 0.9699519230769231 0.0625 0.06009615384615385
0 0.7148878090410894 0.9373981491099364 0.05300637782888957 0.07804207972863253
0 0.7803022161030195 0.8345093456259621 0.07146691975466418 0.06647045008162394
0 0.8506603770196223 0.8649500784700326 0.05975577990743129 0.07099839168792735
0 0.8461538461538461 0.9867788461538461 0.057692307692307696 0.026442307692307692
0 0.931527754706535 0.890834894637661 0.06440942675412487 0.06870644581463682
0 0.875 0.9759615384615384 0.057692307692307696 0.04807692307692308