0 0.056490384615384616 0.23557692307692307 0.11298076923076923 0.2692307692307692
0 0.078125 0.04326923076923077 0.07932692307692307 0.08653846153846154
0 0.11810174537827599 0.13575772227963162 0.11454119814415921 0.18441263861071372
0 0.20316586181431556 0.31002167208030873 0.198314037555555 0.29148260739142234
0 0.2447400877257832 0.06974803821460288 0.0902630060176637 0.1263846565928634
0 0.3737980769230769 0.03485576923076923 0.07932692307692307 0.06971153846153846
0 0.453125 0.0733173076923077 0.05048076923076923 0.1466346153846154
0 0.5793269230769231 0.14903846153846154 0.20192307692307693 0.28846153846153844
0 0.7920673076923077 0.09495192307692307 0.17067307692307693 0.18990384615384615
0 0.8834134615384616 0.037259615384615384 0.17548076923076922 0.07451923076923077
0 0.03245192307692308 0.6670673076923077 0.06490384615384616 0.16105769230769232
0 0.07759268650818982 0.5702995922857871 0.08680761342720772 0.1143234665329398
0 0.1818739515702267 0.6202409740297269 0.11315947712621065 0.14118536713217586
0 0.16923959363497046 0.5446247184103051 0.0728955990720796 0.09247905469486038
0 0.4495192307692308 0.5829326923076923 0.057692307692307696 0.13221153846153846
0 0.4639423076923077 0.49759615384615385 0.028846153846153848 0.038461538461538464
0 0.38221153846153844 0.4855769230769231 0.03365384615384615 0.014423076923076924
0 0.3641826923076923 0.5036057692307693 0.04567307692307692 0.05048076923076923
0 0.3125 0.5012019230769231 0.04326923076923077 0.04567307692307692
0 0.2704326923076923 0.4879807692307692 0.03125 0.019230769230769232
0 0.2548076923076923 0.5024038461538461 0.04326923076923077 0.04807692307692308
0 0.22115384615384615 0.4963942307692308 0.038461538461538464 0.036057692307692304
0 0.19111502965320412 0.505722607396492 0.04245741492065518 0.046344425574162344
0 0.17307692307692307 0.4879807692307692 0.03365384615384615 0.019230769230769232
0 0.11778846153846154 0.4891826923076923 0.03365384615384615 0.021634615384615384
0 0.0889423076923077 0.48197115384615385 0.028846153846153848 0.007211538461538462
0 0.08869603683076825 0.5183441645885913 0.04852696295227906 0.060851421078624776
0 0.06971153846153846 0.4951923076923077 0.038461538461538464 0.03365384615384615
0 0.052884615384615384 0.48677884615384615 0.038461538461538464 0.016826923076923076
0 0.021634615384615384 0.49399038461538464 0.028846153846153848 0.03125
0 0.006009615384615385 0.5432692307692307 0.01201923076923077 0.07211538461538461
0 0.5348557692307693 0.7788461538461539 0.11298076923076923 0.20673076923076922
0 0.7773254967014952 0.7325531243782251 0.1833504767638172 0.25761896478411195
0 0.9411057692307693 0.7127403846153846 0.11778846153846154 0.46875