0 0.11658653846153846 0.6129807692307693 0.13701923076923078 0.07211538461538461
0 0.27157230480907724 0.25243492266425965 0.07605101564280786 0.1193048420412488
0 0.40141302105080207 0.45073925451089186 0.0815873182284265 0.12920024284639317
0 0.46731728692852026 0.5209752625406143 0.08399116438227267 0.12934025094127305
0 0.5456730769230769 0.5817307692307693 0.0673076923076923 0.1346153846153846
0 0.6222606144163934 0.4118469590694994 0.030085359081939125 0.04961701212060058
0 0.604395989456736 0.3926980481566152 0.0352573565285946 0.05470472061805236
0 0.6633992278860004 0.4106213274516862 0.030813969359865467 0.059232396735985196
0 0.6976353944988769 0.4367599104133443 0.0450548937134608 0.057668599151417595
0 0.6909688943375065 0.508805290981289 0.06129949633135358 0.08254710925915767
0 0.7812221327667709 0.5285486755097971 0.08180533354849377 0.10049409709511892
0 0.8401442307692307 0.5913461538461539 0.0889423076923077 0.11538461538461539
0 0.9903846153846154 0.4254807692307692 0.019230769230769232 0.04807692307692308
0 0.9927884615384616 0.3605769230769231 0.014423076923076924 0.038461538461538464
0 0.9332495997346621 0.40219376849231886 0.027317207789130073 0.0446693117180284
0 0.8549783099157664 0.43143735965745234 0.0398828962668056 0.05258089065396568
0 0.8719501034033088 0.4783005053870072 0.0629747322072734 0.07307173273865294
0 0.8168631452178983 0.4086945337842439 0.04042935397525008 0.059792429115504135
0 0.8336721369195284 0.3939795864009623 0.021780905203511426 0.034773910912884315
0 0.8798916715510501 0.38942820174213943 0.029356748804012785 0.040001627505215964
0 0.8938235042998375 0.36488785760115366 0.02418475135735758 0.03491391900776419
0 0.7525968330572375 0.39650085368402854 0.030085359081939263 0.04961701212060058
0 0.7181053689654314 0.3896630440005796 0.02695290265016677 0.03986161941033609
0 0.01201923076923077 0.7512019230769231 0.02403846153846154 0.06490384615384616
0 0.03125 0.6682692307692307 0.04807692307692308 0.038461538461538464
0 0.03365384615384615 0.8545673076923077 0.0673076923076923 0.15625
0 0.1609028860391368 0.8384252060936472 0.07160762847407873 0.12383251815918164
0 0.1324224567402227 0.7522604733332752 0.04782304500627013 0.06261629955398963
0 0.3103981484095789 0.7614191492774549 0.06017071816387839 0.09923402424120102
0 0.3290465971813177 0.7383607444031518 0.0481873501452333 0.06742399186168194
0 0.3733355984579899 0.7433547403122736 0.05503458346780859 0.06303632383862898
0 0.39281882635113546 0.8845279184213476 0.09506376955350995 0.14913105255156106
0 0.479558791242648 0.8231824244164905 0.07994794510309224 0.10756562746177764
0 0.46710352983328285 0.7645100600600243 0.05853134503854426 0.07759940885658577
0 0.5576923076923077 0.7716346153846154 0.04326923076923077 0.0625
0 0.8532823038480005 0.7523993598529244 0.09433515927558361 0.13951566793617645
0 0.9747596153846154 0.8052884615384616 0.05048076923076923 0.14903846153846154