0 0.06374762279565022 0.3142842676149685 0.0587301719931771 0.09920103180237742
0 0.0921740558546437 0.32596784299566817 0.07323719307368612 0.10177270565048903
0 0.11739917326418606 0.3605159281202837 0.07100123523470413 0.10655242667580357
0 0.15460154936424322 0.3961260799099341 0.0860119212598058 0.12354717744699265
0 0.19785934246644224 0.32714095272489957 0.05831045120601667 0.08718180103314666
0 0.21672380065579888 0.4062161342604242 0.10384617422591365 0.15258913026978968
0 0.27008154657332245 0.4608612563042006 0.11704062319919363 0.18638283283552382
0 0.31009615384615385 0.4951923076923077 0.07692307692307693 0.20673076923076922
0 0.3125 0.3557692307692308 0.07211538461538461 0.10096153846153846
0 0.2939330740016668 0.22510251989182317 0.06079824151729477 0.0896136184693703
0 0.582608302395596 0.15415046969105142 0.09545941756032611 0.11885137026881054
0 0.7066582117909691 0.14549841018706616 0.10566241127773533 0.1357901784752441
0 0.910031214724455 0.23924672605643812 0.1609814072278811 0.2061170851490899
1 0.519429141007918 0.8228524132718211 0.09811509618646852 0.12609088001272675
1 0.5934447068325563 0.8364083804411921 0.07838066201110677 0.11144403283062888