0 0.09014423076923077 0.11899038461538461 0.18028846153846154 0.23798076923076922
0 0.29447115384615385 0.03125 0.11298076923076923 0.0625
0 0.0673076923076923 0.6911057692307693 0.1346153846153846 0.31971153846153844
0 0.14714061497410746 0.6877353437874033 0.13405621316114436 0.2819632435585545
0 0.41225961538461536 0.5276442307692307 0.10336538461538461 0.11778846153846154
0 0.43149038461538464 0.8112980769230769 0.15625 0.37740384615384615
0 0.6106870356233153 0.7759528268187897 0.054888484351919405 0.10846676544718757
0 0.596325203743022 0.600514013091465 0.04708925054089427 0.09400173302066642
0 0.6658653846153846 0.5096153846153846 0.04326923076923077 0.08173076923076923
0 0.7083366525288278 0.782597965983829 0.05959822743469732 0.10609088962897098
0 0.8017438302416272 0.7736390829005905 0.05650873670645 0.08924998138423326
0 0.8914207571207933 0.7911504778452891 0.05449668745226159 0.09885138083180309
0 0.9759615384615384 0.7776442307692307 0.04807692307692308 0.10817307692307693
0 0.984375 0.6502403846153846 0.03125 0.11298076923076923
0 0.9169182852287906 0.6202886011567124 0.05170104439875773 0.0892220110486037
0 0.827263800584132 0.6328322757189981 0.062002073588543476 0.1061048747967859
0 0.731354827492572 0.6394012978162054 0.0450772012867059 0.10360313246823612
0 0.734375 0.5084134615384616 0.04567307692307692 0.07932692307692307
0 0.8209134615384616 0.5 0.04567307692307692 0.0625
0 0.8689903846153846 0.5 0.04567307692307692 0.0625
0 0.9254807692307693 0.484375 0.04807692307692308 0.03125
0 0.9855769230769231 0.4855769230769231 0.028846153846153848 0.03365384615384615