0 0.12139423076923077 0.15264423076923078 0.24278846153846154 0.30528846153846156
0 0.21754807692307693 0.17548076923076922 0.3245192307692308 0.35096153846153844
0 0.6069711538461539 0.010817307692307692 0.06009615384615385 0.021634615384615384
0 0.7103365384615384 0.013221153846153846 0.05048076923076923 0.026442307692307692
0 0.5396634615384616 0.36899038461538464 0.06971153846153846 0.07932692307692307
0 0.5379164325888404 0.29748745688504746 0.054633234870103124 0.06441308718147659
0 0.42508841474370157 0.3244207219158076 0.05759663925930535 0.0838400806547605
0 0.4596515430300014 0.295917861311013 0.052439223054515496 0.07142840140050037
0 0.5928423084034129 0.2730563484954737 0.04763153074682322 0.07103595291547102
0 0.6382211538461539 0.36899038461538464 0.07451923076923077 0.07932692307692307
0 0.6928817029057064 0.2715842699444479 0.050105321680088806 0.07363602331183185
0 0.7596153846153846 0.3942307692307692 0.0625 0.028846153846153848
0 0.760285063646401 0.35660169605429637 0.050105321680088806 0.07363602331183199
0 0.9050480769230769 0.38100961538461536 0.06009615384615385 0.055288461538461536
0 0.8219899474192036 0.3062188405787016 0.04296372799796991 0.07545119673813397
0 0.877064961528742 0.19385112333122848 0.06177482855222202 0.06259791375517446
0 0.9487257050778998 0.21536285060666863 0.049965432121249674 0.06882833100413954
0 0.9588471780666771 0.36437673452329505 0.04522768459297693 0.07083972867295635
0 0.9807692307692307 0.3389423076923077 0.038461538461538464 0.07692307692307693
0 0.23076923076923078 0.44350961538461536 0.16826923076923078 0.06971153846153846
0 0.45072115384615385 0.4423076923076923 0.06009615384615385 0.0673076923076923
0 0.40865384615384615 0.9326923076923077 0.057692307692307696 0.1346153846153846
0 0.4206730769230769 0.8569711538461539 0.08173076923076923 0.1466346153846154
0 0.6550480769230769 0.9182692307692307 0.0985576923076923 0.16346153846153846
0 0.6527708264823471 0.8180170711174998 0.07341861177077237 0.13309434918677163
0 0.8282258720595335 0.7504144473477867 0.07383828044728948 0.14751742610984855
0 0.9567307692307693 0.8990384615384616 0.08653846153846154 0.1971153846153846
0 0.8425480769230769 0.9711538461538461 0.12740384615384615 0.057692307692307696