0 0.06129807692307692 0.3713942307692308 0.12259615384615384 0.07451923076923077
0 0.0673076923076923 0.28365384615384615 0.1346153846153846 0.21153846153846154
0 0.14347055442708706 0.14886868834120068 0.11629821704857649 0.1779010887345455
0 0.18389423076923078 0.0673076923076923 0.12740384615384615 0.1346153846153846
0 0.29927884615384615 0.171875 0.0985576923076923 0.20432692307692307
0 0.3088942307692308 0.31850961538461536 0.07932692307692307 0.18028846153846154
0 0.40625 0.24519230769230768 0.11538461538461539 0.22596153846153846
0 0.7427884615384616 0.32572115384615385 0.22596153846153846 0.1658653846153846
0 0.6791889700124921 0.13773166740294093 0.14660159145058288 0.19914897754060837
0 0.9338942307692307 0.27403846153846156 0.13221153846153846 0.2692307692307692
0 0.05889423076923077 0.65625 0.11778846153846154 0.47115384615384615
0 0.06129807692307692 0.5288461538461539 0.12259615384615384 0.2403846153846154
0 0.25233637887750465 0.5519754556629894 0.16408539930426094 0.2721048286456987
0 0.37740384615384615 0.8269230769230769 0.057692307692307696 0.08653846153846154
0 0.36538461538461536 0.7836538461538461 0.03365384615384615 0.052884615384615384
0 0.3683420162882892 0.7580009050021339 0.036932592404514554 0.04562253694040663
0 0.4174028471220682 0.7901248781581398 0.04651211426931342 0.07737681683422998
0 0.4209534028186823 0.7580931883260695 0.037843355251922346 0.0576417677096374
0 0.4639423076923077 0.9603365384615384 0.09615384615384616 0.07932692307692307
0 0.4594536428473596 0.8875141540552092 0.08140516565894493 0.1276389527843878
0 0.49922469263757824 0.7970419733650613 0.04614780913035032 0.07256912452653766
0 0.486421638056266 0.7543022924809891 0.037114744973996 0.048026383094252785
0 0.4676641816244935 0.743426208131046 0.032671357805266865 0.05249788880606287
0 0.5546400932113662 0.7710281355925714 0.04541919885242397 0.06295373991115319
0 0.5417280309700204 0.7426274849826057 0.04228674242065148 0.053170261997827324
0 0.5866559856481548 0.8306535162112022 0.05980641302491522 0.09504420640085876
0 0.5740917165787559 0.9015082010920283 0.07623316821228944 0.12249507388081313
0 0.6598557692307693 0.9591346153846154 0.11298076923076923 0.08173076923076923
0 0.6537263118522104 0.8006724526207258 0.049098112992641225 0.07994875628601725
0 0.5939930437367431 0.7223711226478197 0.04042935397525008 0.06021370716142467
0 0.6918787587089408 0.8308380828590735 0.06293886945668771 0.10482768431418449
0 0.7448558697865736 0.9146447483227717 0.08213377593687127 0.1372543373997724
0 0.7078487130643345 0.7733726451223423 0.04097581168369484 0.067425245622963
0 0.7461280989563914 0.7736582917355542 0.049098112992641225 0.07994875628601725
0 0.7567080405450624 0.7397270356434612 0.04042935397525008 0.06021370716142467
0 0.8072619546852795 0.7599998713281775 0.04891596042315937 0.07754491013217109
0 0.8151124465482802 0.8478243025925327 0.07087901819615237 0.11494734882339244
0 0.9100837204087727 0.9178297243422482 0.10078222470861019 0.16246945202382188
0 0.859455241950831 0.8019073223975091 0.062392411748242824 0.09761614585264602
0 0.8363261238515006 0.7333389303552583 0.03616811937600253 0.06708905902708076
0 0.8977884219687664 0.7555701089576328 0.05168411171596897 0.08252069573780464
0 0.9142689712820192 0.736398116384499 0.04429042068494864 0.07961256969013501
0 0.9627403846153846 0.8293269230769231 0.07451923076923077 0.1201923076923077
0 0.9735576923076923 0.7932692307692307 0.052884615384615384 0.10096153846153846
0 0.9867788461538461 0.7307692307692307 0.026442307692307692 0.08653846153846154