0 0.07430648453766071 0.35992521354743306 0.13478725479241488 0.2222607625862512
0 0.22871113484754318 0.3223450505437696 0.13473130465213692 0.21985691643240515
0 0.43509615384615385 0.33052884615384615 0.10576923076923077 0.17548076923076922
0 0.3870003001505346 0.24479333507964676 0.07759648848450869 0.13698694775250608
0 0.29056670329529954 0.23893592275037426 0.0990632534482905 0.13116181843995825
0 0.264708857258761 0.110591662322172 0.08016818505918813 0.14435253167504355
0 0.33017119987633564 0.07871118137546998 0.06216630903643177 0.09279344421728156
0 0.29447115384615385 0.04326923076923077 0.06971153846153846 0.08653846153846154
0 0.38822115384615385 0.03125 0.06971153846153846 0.0625
0 0.18629807692307693 0.04326923076923077 0.06009615384615385 0.08653846153846154
0 0.17459461143776742 0.2210897202629395 0.08257203121303427 0.14450657713604242
0 0.11449644771351522 0.12142142671152982 0.07491289162927363 0.1248136715222763
0 0.06633459448712632 0.0691368516625479 0.055458321837393174 0.11396592321890008
0 0.015625 0.10216346153846154 0.03125 0.11298076923076923
0 0.058818345071207645 0.2116569793139663 0.09906325344829078 0.13116181843995825
0 0.546875 0.26802884615384615 0.11778846153846154 0.21875
0 0.5531754204155453 0.10507786860039167 0.12354931610897452 0.15193304228071697
0 0.515625 0.055288461538461536 0.055288461538461536 0.11057692307692307
0 0.7319711538461539 0.054086538461538464 0.08413461538461539 0.10817307692307693
0 0.8596378299607911 0.08423514924610173 0.08547942862938057 0.1662952379816568
0 0.9133637073276716 0.2204232714882005 0.1428380453581199 0.2587805912769405
0 0.052474033783974736 0.7086886205099808 0.07524859247094029 0.13923674844535322
0 0.07466614069326954 0.6278212428230682 0.07217334463376077 0.11023654913820052
0 0.1395709917861649 0.6754217304142883 0.07787623918589756 0.14900617852173687
0 0.13347544131303446 0.5686816447596328 0.054619069733226534 0.07790823091120777
0 0.1964230424352567 0.5839072320044292 0.0593148617603633 0.07340862952551347
0 0.21129472541960503 0.6539734435073965 0.06255796001837616 0.10962036729420464
0 0.2590089775237717 0.6870272493256091 0.07463314092788473 0.11279444075304554
0 0.265212408521261 0.5915361671351897 0.054898820434615504 0.08992746168043854
0 0.4241739804466349 0.5945903205554125 0.06171870791420959 0.07356267498651234
0 0.9110576923076923 0.6262019230769231 0.1778846153846154 0.19471153846153846