0 0.1333754370778307 0.4477272464021833 0.027393460077030012 0.043023851283045915
0 0.15970584448958292 0.45469340537753705 0.022585767769337704 0.04263140279801657
0 0.1727311728447645 0.46418610024982926 0.027617260638141107 0.05263923589843053
0 0.20769884235608935 0.46222365945859967 0.03242495294583328 0.053031684383459884
0 0.25694971343979656 0.4674481795070735 0.02252981762905976 0.04022755664417055
0 0.2712608900823179 0.47343321726985377 0.02275361819017099 0.049842941259555025
0 0.2882836386502132 0.466393325428995 0.030244907353098354 0.06245084475632996
0 0.3151165923854162 0.5035056734486829 0.03505259966079066 0.06284329324135932
0 0.3732565011999461 0.4889842860382657 0.04975542728525649 0.076039869465678
0 0.40984471490122804 0.5208719156433971 0.04259983896399597 0.07785504289198013
0 0.46591547346452944 0.5435120314963379 0.054563119592948794 0.07643231795070722
0 0.5199740368559289 0.549129000029841 0.054563119592948794 0.07643231795070722
0 0.5089898836818372 0.5036767249711138 0.04466798427617528 0.06362819021141788
0 0.4573631415144225 0.49705405760320226 0.03471689881912381 0.04842021631828239
0 0.43997772197377094 0.4679381450151115 0.02241791734850442 0.035419864336478105
0 0.458286318829006 0.45739059606474075 0.020070021334935937 0.03762748624780972
0 0.5039873708222218 0.4599169335955964 0.027393460077030012 0.043023851283045915
0 0.5396634615384616 0.4639423076923077 0.016826923076923076 0.038461538461538464
0 0.5302618280936962 0.46928693872479627 0.022585767769337704 0.04263140279801657
1 0.9014423076923077 0.23076923076923078 0.1971153846153846 0.3605769230769231
0 0.5096153846153846 0.9459134615384616 0.07692307692307693 0.10817307692307693
1 0.7692307692307693 0.9603365384615384 0.09134615384615384 0.07932692307692307