0 0.016826923076923076 0.36778846153846156 0.03365384615384615 0.10576923076923077
0 0.07715931255951589 0.3921695753445991 0.06637242132809526 0.0879148339463692
0 0.11658653846153846 0.4543269230769231 0.15144230769230768 0.1875
0 0.19230769230769232 0.4795673076923077 0.10576923076923077 0.13701923076923078
0 0.21948974712475297 0.41275525159284665 0.06637242132809526 0.0879148339463692
0 0.2152336088882449 0.3757056483505509 0.05654724025924647 0.07533557079761923
0 0.2598035776689534 0.4477047334119459 0.07623956168763667 0.10289794324896508
0 0.2722484846372898 0.40246353504395327 0.07615564310625117 0.09809025094127276
0 0.3602406249968315 0.4117763165039187 0.06890214535401967 0.09526638050278727
0 0.4117135208510595 0.39674691169477294 0.06645633990948105 0.09272252625406138
0 0.38100961538461536 0.484375 0.11298076923076923 0.12740384615384615
0 0.46274038461538464 0.47836538461538464 0.03125 0.12980769230769232
1 0.7824519230769231 0.027644230769230768 0.15625 0.055288461538461536
1 0.8305288461538461 0.05889423076923077 0.11298076923076923 0.11778846153846154
0 0.42427884615384615 0.7331730769230769 0.10817307692307693 0.27884615384615385
0 0.30288461538461536 0.625 0.13942307692307693 0.15384615384615385
0 0.16706730769230768 0.5817307692307693 0.09375 0.0673076923076923
0 0.11177884615384616 0.5733173076923077 0.07932692307692307 0.05048076923076923
0 0.4375 0.5745192307692307 0.0673076923076923 0.052884615384615384
0 0.4639423076923077 0.5817307692307693 0.028846153846153848 0.0673076923076923
0 0.5060096153846154 0.9326923076923077 0.055288461538461536 0.1346153846153846
0 0.49038461538461536 0.8377403846153846 0.02403846153846154 0.05048076923076923
0 0.5166794418049492 0.8472061500159053 0.054311231268171604 0.0848109473181241
0 0.5934766408559476 0.8355143525182143 0.027239534215471515 0.04721316596675443
0 0.6104504214502956 0.8429477573925174 0.039552480019552104 0.06474012951807631
0 0.6121409596623637 0.801942364682253 0.03681295954016324 0.045369352192427215
0 0.6771016614600717 0.8703475347833238 0.08134096903017894 0.12000488251564775
0 0.7289163149320198 0.805969279772892 0.029601421078624776 0.04494932790778787
0 0.7866444986228429 0.873592551081679 0.12080953046834526 0.17993731972603164
0 0.8328901092624506 0.8348047009238312 0.06645633990948091 0.09272252625406151
0 0.96875 0.78125 0.0625 0.12980769230769232