0 0.039663461538461536 0.3473557692307692 0.07932692307692307 0.21394230769230768
0 0.07240758800424192 0.15156483204102295 0.1285464326066939 0.1559021590901026
0 0.4411057692307692 0.45072115384615385 0.06490384615384616 0.09375
0 0.5136732138579873 0.4311635233508336 0.09633841280171744 0.10732172452486552
0 0.662005795538384 0.3893358048183281 0.0941026599458124 0.10968361138801878
0 0.7463942307692307 0.4411057692307692 0.1658653846153846 0.13701923076923078
0 0.7684391628244142 0.34917764485254416 0.07319095773563197 0.08530947552401467
0 0.764539510305468 0.25907537337400627 0.05244734882339244 0.06333918581385671
0 0.8333430089782603 0.35031054570125053 0.05826360091873157 0.07784618131831914
0 0.8550028943542108 0.33388223588590943 0.04215959101624323 0.05355596403570067
0 0.8294515931342791 0.31182802759436573 0.03684761881472772 0.04626050699277657
0 0.8550534343368812 0.30027034902275607 0.03427567936294032 0.04381470154823766
0 0.9090559261494491 0.3000125099864217 0.03203992650703542 0.046176588411390926
0 0.9519230769230769 0.3798076923076923 0.09615384615384616 0.14903846153846154
0 0.9580573623650483 0.3140728496464321 0.052447348823392574 0.06333918581385671
0 0.9698749931700378 0.2770649900059738 0.03667952551678647 0.04385666083893041
0 0.984375 0.28846153846153844 0.03125 0.0625
0 0.6983173076923077 0.90625 0.16105769230769232 0.1875
0 0.7920673076923077 0.8966346153846154 0.21394230769230768 0.20673076923076922
0 0.8747796868200688 0.8457965684284081 0.1617124722166468 0.25251755744156984
0 0.8245192307692307 0.5829326923076923 0.15384615384615385 0.1466346153846154