0 0.07932692307692307 0.484375 0.15865384615384615 0.2091346153846154
0 0.052884615384615384 0.3329326923076923 0.10576923076923077 0.19471153846153846
0 0.16733845499682495 0.1862141247124957 0.12951276084567154 0.18047110520487294
0 0.23280699135462873 0.33625572415310656 0.19127662238711723 0.263341073884772
0 0.2040581561654006 0.10255778721923951 0.11754268532011107 0.15100876951472328
0 0.40384615384615385 0.04447115384615385 0.09615384615384616 0.0889423076923077
0 0.4639423076923077 0.06610576923076923 0.12980769230769232 0.13221153846153846
0 0.47716346153846156 0.15144230769230768 0.10336538461538461 0.1971153846153846
0 0.43028846153846156 0.5072115384615384 0.1971153846153846 0.16346153846153846
0 0.025240384615384616 0.6213942307692307 0.05048076923076923 0.06490384615384616
0 0.03245192307692308 0.9110576923076923 0.06490384615384616 0.14903846153846154
0 0.15625 0.921875 0.11057692307692307 0.15625
0 0.13341346153846154 0.6213942307692307 0.09375 0.06490384615384616
0 0.2920673076923077 0.640625 0.0889423076923077 0.10336538461538461
0 0.9387019230769231 0.734375 0.12259615384615384 0.24278846153846154
0 0.8365384615384616 0.6213942307692307 0.11538461538461539 0.06490384615384616
0 0.7403846153846154 0.6213942307692307 0.09615384615384616 0.06490384615384616
0 0.6911057692307693 0.6081730769230769 0.0889423076923077 0.038461538461538464
0 0.6430288461538461 0.6045673076923077 0.06971153846153846 0.03125