0 0.06850961538461539 0.6574519230769231 0.12379807692307693 0.19230769230769232
0 0.03245192307692308 0.5709134615384616 0.06370192307692307 0.1141826923076923
0 0.037259615384615384 0.45913461538461536 0.07091346153846154 0.1310096153846154
0 0.016826923076923076 0.3473557692307692 0.028846153846153848 0.08052884615384616
0 0.18990384615384615 0.359375 0.051682692307692304 0.06129807692307692
0 0.17908653846153846 0.5721153846153846 0.09735576923076923 0.16346153846153846
0 0.2704326923076923 0.6057692307692307 0.10336538461538461 0.20192307692307693
0 0.2920673076923077 0.921875 0.21634615384615385 0.15504807692307693
0 0.3137019230769231 0.5949519230769231 0.08653846153846154 0.1658653846153846
0 0.3870192307692308 0.3737980769230769 0.05048076923076923 0.09134615384615384
0 0.46634615384615385 0.48197115384615385 0.08774038461538461 0.14423076923076922
0 0.4254807692307692 0.546875 0.0829326923076923 0.13942307692307693
0 0.5516826923076923 0.5144230769230769 0.06009615384615385 0.0985576923076923
0 0.6298076923076923 0.5588942307692307 0.09014423076923077 0.13701923076923078
0 0.609375 0.8629807692307693 0.17668269230769232 0.2536057692307692
0 0.6983173076923077 0.6814903846153846 0.10216346153846154 0.18028846153846154
0 0.6682692307692307 0.4963942307692308 0.0673076923076923 0.10817307692307693
0 0.7728365384615384 0.5432692307692307 0.06490384615384616 0.1141826923076923
0 0.8353365384615384 0.5288461538461539 0.06610576923076923 0.109375
0 0.9326923076923077 0.7415865384615384 0.13341346153846154 0.25721153846153844
0 0.8846153846153846 0.6358173076923077 0.08774038461538461 0.15865384615384615
0 0.9567307692307693 0.5733173076923077 0.08653846153846154 0.15144230769230768