0 0.3800600718063982 0.3135499884576384 0.03449303196770286 0.04886022504081197
0 0.32356968719101364 0.31486481675416617 0.03938464285678068 0.05377981762905976
0 0.30699451985824755 0.30083339081303373 0.03204722652316382 0.04640042874668801
0 0.24702424388417216 0.2950206058584398 0.03200526723247093 0.04399658259284186
0 0.2228808841189786 0.30158972264583295 0.029643380369317532 0.04634447860641034
0 0.21855572365425385 0.2740573921571577 0.029517502497239133 0.03913294014487188
0 0.18808805382424865 0.29879523044909145 0.039510520728859216 0.06099135609059822
0 0.12310028908901678 0.3051135765442839 0.044360172327244415 0.063507102525
0 0.10659414398446738 0.3559580216868587 0.05426927197747871 0.0805578261630343
0 0.020432692307692308 0.36778846153846156 0.040865384615384616 0.08653846153846154
0 0.06203298826475041 0.2933191512752134 0.04444409090863006 0.0683147948326923
0 0.022300504498072263 0.22936645750608958 0.029559461787931954 0.041536786298718036
0 0.05097882118145479 0.23831044043814076 0.02711365634339298 0.039076990004594074
0 0.08423405407371899 0.2603636769357903 0.027155615634085868 0.041480836158440226
0 0.10359070117656675 0.25270453735202963 0.02483568806162536 0.04623257832585473
0 0.47115384615384615 0.1502403846153846 0.004807692307692308 0.036057692307692304
0 0.4735576923076923 0.30288461538461536 0.009615384615384616 0.07211538461538461
0 0.504850275352934 0.2635788001236643 0.03221506368593511 0.056015813362072626
0 0.486332814063943 0.22316101663050192 0.029643380369317667 0.04634447860641034
0 0.505962196556294 0.1998768770467412 0.024667850898854003 0.03661719371047011
0 0.48801118569165625 0.12700717047665577 0.017246515983851365 0.024430112520406055
0 0.4767472221548964 0.0840176904088139 0.014884629120698033 0.026778008533974402
0 0.5361030051217484 0.056204604279700573 0.01724651598385143 0.024430112520405986
0 0.5079403665110346 0.15537774813044847 0.019776240009776052 0.03169760112222219
0 0.5348861856916562 0.125916142741239 0.017330434565237078 0.029237804828098363
0 0.5522646628397635 0.16275613207377104 0.019734280719083095 0.029293754968376034
0 0.5420618481546793 0.19663377878872834 0.02222204545431503 0.03415739741634615
0 0.5450172483797096 0.2338094689629271 0.024793728770932468 0.04382873217200857
0 0.546372112266235 0.29384967266880313 0.037232552447091595 0.068146944411859
0 0.5851483454079698 0.27492562427051254 0.029811217532088954 0.055959863221794956
0 0.5953931193837468 0.23864413140170906 0.027197574924778624 0.04388468231228638
0 0.579237544957909 0.20057424392211504 0.02226400474500778 0.03656124357019244
0 0.594269031596032 0.16538277384967912 0.017330434565237078 0.029237804828098363
0 0.6031020860414218 0.14114848682024544 0.017330434565237078 0.029237804828098363
0 0.6054998489030906 0.07261089636549109 0.014884629120698033 0.026778008533974402
0 0.6561064960059382 0.06422440495811929 0.014842669830005279 0.024374162380128246
0 0.6597183485288849 0.13262212006217913 0.01733043456523694 0.029237804828098363
0 0.6506964772753773 0.16767371478392062 0.019818199300468874 0.03410144727606834
0 0.6346728640137955 0.19087392915726462 0.019818199300468874 0.03410144727606834
0 0.6410032573707845 0.2411868479672005 0.024667850898853934 0.03661719371047011
0 0.6353983385399283 0.286971825170833 0.034702828421166905 0.06087945581004274
0 0.6683747527505118 0.25616842135400597 0.029811217532088954 0.055959863221794956
0 0.6909744318210623 0.20037640855304445 0.01986015859116163 0.036505293429914494
0 0.6856361650875322 0.16205474544220044 0.019818199300468874 0.03410144727606834
0 0.7125190453321146 0.13619890928376022 0.01724651598385143 0.024430112520406055
0 0.7172577154115902 0.07121113791949744 0.01724651598385143 0.024430112520405986
0 0.7408136451070843 0.09829586728595041 0.014884629120698033 0.026778008533974332
0 0.7510286263765233 0.20138150119994616 0.024667850898853934 0.03661719371047011
0 0.7214062256525521 0.24652405672943337 0.027197574924778624 0.04388468231228625
0 0.7191762999536546 0.305446262568803 0.03714863386570581 0.0633392521041667
0 0.7507829539245438 0.28428621843749957 0.032131145104549466 0.05120812105438032
0 0.7777707323958583 0.2524207668944439 0.022347923326393564 0.04136893587788461
0 0.7687157149126495 0.15171100406415555 0.014926588411390785 0.02918185468782042
0 0.7913783329192392 0.09231322203242473 0.019776240009775983 0.03169760112222219
0 0.8235785002520053 0.10598097206175165 0.014842669830005279 0.02437416238012811
0 0.7936414048478379 0.16915237374508493 0.01973428071908323 0.029293754968376034
0 0.8168406805724426 0.2166697954192303 0.022305964035700673 0.038965089724038456
0 0.7891605738046965 0.28819870850074736 0.029769258241396066 0.053556017067948804
0 0.81539308504354 0.2996024877269226 0.03474478771185966 0.0632833019638889
0 0.8389009721561638 0.26060942293274525 0.022305964035700808 0.038965089724038594
0 0.8587252547488101 0.2949896159711533 0.0346189098397814 0.056071763502350436
0 0.8439543369158358 0.17759280541463626 0.019734280719083095 0.029293754968376034
0 0.873178124378225 0.15528678834668747 0.01492658841139106 0.029181854687820554
0 0.9161265771750821 0.10382689166105709 0.017330434565237213 0.029237804828098363
0 0.8920102803474124 0.17767572568600373 0.019776240009775847 0.03169760112222219
0 0.8731422483797098 0.2261722748150101 0.02470981018954669 0.039021039864316265
0 0.9001151304978551 0.2639903866633541 0.027155615634085868 0.041480836158440226
0 0.9135941233803433 0.31774122428322593 0.03959443931024472 0.06579904839829052
0 0.934803062565853 0.2727944942447109 0.02226400474500778 0.0365612435701923
0 0.916390499503594 0.2263670953669332 0.022347923326393564 0.04136893587788461
0 0.9338468119409095 0.18991775207729644 0.024583932317468155 0.0318095014027778
0 0.9511562668608001 0.16188187032612114 0.024458054445389895 0.02459796294123934
0 0.9709805494534464 0.19626206336452923 0.017330434565237213 0.029237804828098363
0 0.9764446940590551 0.22737218801383483 0.027113656343392842 0.039076990004594074
0 0.9646623226808122 0.28291242518354637 0.029601421078624776 0.04394063245256419
0 0.9951923076923077 0.33653846153846156 0.009615384615384616 0.0673076923076923