0 0.10336538461538461 0.12379807692307693 0.20673076923076922 0.24759615384615385
0 0.3953630391998173 0.16658481940269723 0.09168284297356419 0.11827794241197946
0 0.5297007735042726 0.15138556566589906 0.08866281497572223 0.10864857262878005
0 0.6347140760712148 0.1063200421876164 0.10656805627963803 0.12557339188040664
0 0.7217451146037418 0.07938126103788343 0.07950956674333448 0.11580417041905931
0 0.8105190777323443 0.13773706284624454 0.14151514734361292 0.18344750675430668
0 0.8239390167532719 0.05956311475889273 0.08820067859272535 0.1014370341672416
0 0.921875 0.06971153846153846 0.11778846153846154 0.13942307692307693
0 0.2692307692307692 0.9627403846153846 0.11057692307692307 0.07451923076923077
0 0.20337957932248524 0.7871259549352254 0.07346951074765055 0.09654543085266044
0 0.24376668604651067 0.7568541153271118 0.036580709912826276 0.04586886927248406
0 0.2740476735667421 0.8467885685791205 0.05029444075304554 0.07238110280386569
0 0.3033559637958928 0.8394092081038045 0.047274412755203644 0.06275173302066629
0 0.3317307692307692 0.8365384615384616 0.014423076923076924 0.0625
0 0.3233173076923077 0.8125 0.03125 0.052884615384615384
0 0.36778846153846156 0.5552884615384616 0.057692307692307696 0.07211538461538461
0 0.3473557692307692 0.5048076923076923 0.016826923076923076 0.052884615384615384
0 0.40947802520089627 0.49975445820809167 0.04712036729420464 0.06034788686682027
0 0.4530410477894188 0.5511644397433954 0.06533369952011835 0.08208039842613915
0 0.4870638660874 0.5077134017925723 0.0394466924496693 0.05309439290183731
0 0.47596153846153844 0.4795673076923077 0.038461538461538464 0.021634615384615384
0 0.5516826923076923 0.48197115384615385 0.036057692307692304 0.026442307692307692
0 0.5567449639378699 0.526531608572805 0.06292985336627219 0.08206641325832437
0 0.6310096153846154 0.49158653846153844 0.055288461538461536 0.04567307692307692
0 0.6105769230769231 0.47475961538461536 0.03365384615384615 0.01201923076923077
0 0.6550480769230769 0.47716346153846156 0.040865384615384616 0.016826923076923076
0 0.953125 0.5024038461538461 0.06490384615384616 0.0673076923076923