0 0.004807692307692308 0.44350961538461536 0.009615384615384616 0.07451923076923077
0 0.016826923076923076 0.4495192307692308 0.03365384615384615 0.057692307692307696
0 0.01201923076923077 0.4951923076923077 0.02403846153846154 0.07211538461538461
0 0.0985576923076923 0.5276442307692307 0.13942307692307693 0.08413461538461539
0 0.06100727189214698 0.4705382391657489 0.05702291588707262 0.07709433225143811
0 0.10749062091020246 0.48954840045584763 0.039748391687927355 0.05707983648260587
0 0.13955089300518117 0.5078867961418924 0.04746348141196595 0.07905033466924803
0 0.17247839227446526 0.4889655764433217 0.039972192249038585 0.06669522109799048
0 0.2163350995166128 0.4657404886400993 0.039692441547649684 0.05467599032875971
0 0.234375 0.5216346153846154 0.06490384615384616 0.09615384615384616
0 0.28725961538461536 0.5456730769230769 0.10336538461538461 0.04807692307692308
0 0.30102821136495667 0.49735933256665005 0.06457015519027792 0.09185329197654195
0 0.30578196341046965 0.3965097550391205 0.0376242962354701 0.06898710631782748
0 0.34538746493055505 0.5042383021535091 0.04472393441645295 0.06451529681216236
0 0.38822115384615385 0.5408653846153846 0.055288461538461536 0.057692307692307696
0 0.5420673076923077 0.5408653846153846 0.07451923076923077 0.057692307692307696
0 0.4400316622359504 0.5218819128930188 0.04947567658386758 0.06233537252633398
0 0.41026333601426235 0.5084631704486754 0.04723968085085499 0.06943495005386342
0 0.5949519230769231 0.38461538461538464 0.03125 0.09134615384615384
0 0.6111843351075852 0.19032553476900602 0.052550924421047154 0.09129348730649699
0 0.6310096153846154 0.5192307692307693 0.10336538461538461 0.10096153846153846
0 0.7634328951386747 0.4212166682542886 0.04768728197307691 0.08866571928463265
0 0.8663506786318371 0.4452617576474453 0.06770135316773516 0.12321525291055097
0 0.9711538461538461 0.40625 0.057692307692307696 0.09615384615384616
0 0.05558814779759583 0.9151838553782401 0.06199845861559835 0.08452979258099447
0 0.4338942307692308 0.9927884615384616 0.026442307692307692 0.014423076923076924
0 0.6646634615384616 0.7632211538461539 0.17067307692307693 0.3870192307692308
0 0.7391826923076923 0.6153846153846154 0.10336538461538461 0.09134615384615384
0 0.8473557692307693 0.6213942307692307 0.11298076923076923 0.10336538461538461
0 0.9591346153846154 0.6586538461538461 0.08173076923076923 0.1778846153846154