0 0.5276442307692307 0.7872596153846154 0.13221153846153846 0.24278846153846154
0 0.44350961538461536 0.6670673076923077 0.13341346153846154 0.19951923076923078
0 0.3329326923076923 0.5925480769230769 0.1045673076923077 0.14423076923076922
0 0.3329326923076923 0.47836538461538464 0.09375 0.11778846153846154
0 0.3137019230769231 0.39903846153846156 0.0829326923076923 0.11298076923076923
0 0.25721153846153844 0.34615384615384615 0.06490384615384616 0.0889423076923077
0 0.2247596153846154 0.30528846153846156 0.042067307692307696 0.06490384615384616
0 0.19471153846153846 0.2980769230769231 0.039663461538461536 0.0625
0 0.1466346153846154 0.2764423076923077 0.046875 0.06009615384615385
0 0.078125 0.16947115384615385 0.039663461538461536 0.057692307692307696
0 0.18509615384615385 0.17307692307692307 0.037259615384615384 0.039663461538461536
0 0.21875 0.23557692307692307 0.038461538461538464 0.04927884615384615
0 0.23918269230769232 0.17548076923076922 0.025240384615384616 0.03125
0 0.27283653846153844 0.21754807692307693 0.021634615384615384 0.036057692307692304
0 0.2980769230769231 0.19471153846153846 0.030048076923076924 0.046875
0 0.33052884615384615 0.20192307692307693 0.03365384615384615 0.04927884615384615
0 0.3545673076923077 0.24158653846153846 0.04326923076923077 0.06850961538461539
0 0.3954326923076923 0.25 0.03125 0.06490384615384616
0 0.4170673076923077 0.25240384615384615 0.03125 0.06490384615384616
0 0.44471153846153844 0.2512019230769231 0.04447115384615385 0.07572115384615384
0 0.47475961538461536 0.265625 0.042067307692307696 0.0733173076923077
0 0.5204326923076923 0.2692307692307692 0.052884615384615384 0.08413461538461539
0 0.5408653846153846 0.29927884615384615 0.055288461538461536 0.09615384615384616
0 0.65625 0.2764423076923077 0.06610576923076923 0.109375
0 0.7079326923076923 0.39302884615384615 0.078125 0.09375
0 0.8341346153846154 0.34615384615384615 0.0985576923076923 0.14423076923076922
0 0.953125 0.38221153846153844 0.09014423076923077 0.15504807692307693
0 0.9711538461538461 0.2127403846153846 0.02283653846153846 0.03125
0 0.9338942307692307 0.20552884615384615 0.021634615384615384 0.03365384615384615
0 0.9206730769230769 0.17668269230769232 0.025240384615384616 0.042067307692307696
0 0.8822115384615384 0.2127403846153846 0.020432692307692308 0.03125
0 0.8786057692307693 0.19471153846153846 0.018028846153846152 0.028846153846153848
0 0.8461538461538461 0.1935096153846154 0.018028846153846152 0.03125
0 0.8305288461538461 0.1814903846153846 0.018028846153846152 0.02403846153846154
0 0.8125 0.19831730769230768 0.021634615384615384 0.026442307692307692
0 0.7728365384615384 0.203125 0.018028846153846152 0.02403846153846154
0 0.7932692307692307 0.20192307692307693 0.02283653846153846 0.021634615384615384
0 0.7271634615384616 0.17548076923076922 0.016826923076923076 0.018028846153846152
0 0.7079326923076923 0.17427884615384615 0.018028846153846152 0.02403846153846154
0 0.6911057692307693 0.16706730769230768 0.018028846153846152 0.021634615384615384
0 0.6586538461538461 0.1814903846153846 0.018028846153846152 0.028846153846153848
0 0.6262019230769231 0.171875 0.014423076923076924 0.02403846153846154
0 0.59375 0.16947115384615385 0.020432692307692308 0.020432692307692308
0 0.5865384615384616 0.125 0.020432692307692308 0.028846153846153848
0 0.5625 0.16947115384615385 0.014423076923076924 0.020432692307692308
0 0.5492788461538461 0.1658653846153846 0.014423076923076924 0.020432692307692308
0 0.5588942307692307 0.14903846153846154 0.009615384615384616 0.018028846153846152
0 0.546875 0.12860576923076922 0.013221153846153846 0.026442307692307692
0 0.5276442307692307 0.15745192307692307 0.01201923076923077 0.013221153846153846
0 0.46033653846153844 0.13942307692307693 0.016826923076923076 0.020432692307692308
0 0.359375 0.12740384615384615 0.014423076923076924 0.020432692307692308