0 0.019230769230769232 0.1875 0.038461538461538464 0.09134615384615384
0 0.03826157964223566 0.22539625315933212 0.06913945320099699 0.10827099067825138
0 0.07229191241965746 0.15060706528208148 0.05919389400427336 0.07643231795070736
0 0.07576310570605359 0.09480346551549824 0.04350896135726487 0.06083189557254238
0 0.09032184861908786 0.056611685795896705 0.04068449662877482 0.05582797902233539
0 0.12492208656588269 0.07017613288340979 0.04570249822378914 0.058624273661210896
0 0.13231342296844678 0.11373970001641258 0.0519823555427349 0.07584364522316332
0 0.1519184987316232 0.22870728929416353 0.06024544044088305 0.08845154871993813
0 0.1821022416446574 0.19179096715090738 0.061597740158119516 0.07662854219322203
0 0.1725478797218656 0.10986397367762347 0.051561736968091 0.07103595291547102
0 0.14837484223903097 0.05180379512212152 0.038490959762250684 0.05803560093366687
0 0.19559472747072595 0.11413195013535898 0.028665265859544046 0.054846857809762145
0 0.214044192199216 0.1204113242619113 0.04068449662877482 0.05582797902233539
0 0.20591677329102515 0.06843429559044702 0.0378600319002849 0.05082406247212848
0 0.22734107938831863 0.06779646761923291 0.03326264887991447 0.05283546014094521
0 0.251905314145085 0.07576832542899499 0.038701269049572565 0.060439447087513025
0 0.25193473544579714 0.13066433848242717 0.05051019053148145 0.05901672214624025
0 0.2512280742408825 0.17714688999739783 0.05135142768076912 0.06863210676162487
0 0.2649897119556973 0.21168374524256 0.05522743884586872 0.08565525408106262
0 0.3245192307692308 0.25721153846153844 0.028846153846153848 0.10096153846153846
0 0.31490384615384615 0.20192307692307693 0.04807692307692308 0.07692307692307693
0 0.29107242376595377 0.12789242309930388 0.043929579931908776 0.06563958788023481
0 0.32091346153846156 0.15144230769230768 0.036057692307692304 0.0625
0 0.3317307692307692 0.11538461538461539 0.014423076923076924 0.057692307692307696
0 0.32091346153846156 0.078125 0.036057692307692304 0.06009615384615385
0 0.29606100406025593 0.07579270468474714 0.04068449662877482 0.05582797902233539
1 0.2513310487933751 0.7066546559722693 0.09978794663974327 0.15850638042283577
1 0.02403846153846154 0.6838942307692307 0.04807692307692308 0.0889423076923077
0 0.49478094954009877 0.8719823083985261 0.1087724033931621 0.152079738931356
0 0.517693221344586 0.8201523487259064 0.07959607496566926 0.1186712722636947
0 0.48766094511744945 0.7496804909161442 0.04915789081424492 0.07083972867295649
0 0.5296830308131046 0.7662374568850474 0.04633342608575486 0.06583581212274936
0 0.5073428442691589 0.7154869289123412 0.03263172101794862 0.04562392167940688
0 0.470128450881196 0.6993224114284674 0.030227874864102465 0.045427697436892074
0 0.4527904652363241 0.7193872328729654 0.02740341013561248 0.040423780886685225
0 0.4423790654683042 0.6958639095626256 0.030438184151424415 0.047831543590738226
0 0.39014008859601074 0.7262065212155574 0.05564805742051266 0.09046294638875493
0 0.573869232074572 0.7256907878891871 0.030438184151424415 0.047831543590738226
0 0.5993346366276346 0.7576029951161534 0.03389357674188025 0.06004699860248381
0 0.62096925201225 0.7593690132987854 0.036087113608404525 0.057839376691152196
0 0.7309909805701561 0.7074897000164125 0.028875575146866065 0.057250703963608304
0 0.7800889387373924 0.7640044638875493 0.03001756557678065 0.043023851283045915
0 0.8321470276230762 0.7861540191342035 0.030227874864102534 0.045427697436892074
0 0.8341596765029906 0.8364385641224582 0.03954250619886023 0.07005483170289764
0 0.8606472061919508 0.825473989065223 0.04089480591609684 0.05823182517618154
0 0.8865038080189451 0.8072978755464493 0.0310691120133902 0.05504308205227669
0 0.9182490698909536 0.856429454335368 0.0413154244907406 0.06303951748387385
0 0.9285711157112527 0.8107317997904561 0.02740341013561248 0.040423780886685225
0 0.909701032408119 0.7996447333562114 0.02280602711524219 0.04243517855550202
0 0.9819711538461539 0.7560096153846154 0.036057692307692304 0.05048076923076923
0 0.9807692307692307 0.8858173076923077 0.038461538461538464 0.06971153846153846
0 0.9624488917571927 0.9387978531712685 0.07499869194529897 0.1206826699325115