0 0.06129807692307692 0.6225961538461539 0.056490384615384616 0.09254807692307693
0 0.3858173076923077 0.6033653846153846 0.04326923076923077 0.0985576923076923
0 0.4170673076923077 0.6237980769230769 0.054086538461538464 0.10697115384615384
0 0.4579326923076923 0.5865384615384616 0.04447115384615385 0.08653846153846154
0 0.4639423076923077 0.3894230769230769 0.042067307692307696 0.08533653846153846
0 0.5240384615384616 0.7620192307692307 0.08774038461538461 0.18389423076923078
0 0.640625 0.5985576923076923 0.038461538461538464 0.0829326923076923
0 0.7451923076923077 0.609375 0.054086538461538464 0.11538461538461539
0 0.8533653846153846 0.8449519230769231 0.1310096153846154 0.25
0 0.9411057692307693 0.6466346153846154 0.08653846153846154 0.1502403846153846
0 0.9122596153846154 0.5540865384615384 0.04807692307692308 0.10216346153846154
0 0.9759615384615384 0.5877403846153846 0.046875 0.10576923076923077
0 0.8461538461538461 0.5576923076923077 0.05048076923076923 0.0889423076923077