0 0.13410296828328314 0.31032246383529044 0.05143179283160789 0.08526072848753302
0 0.18941940110412225 0.31659245584178264 0.05143179283160789 0.08526072848753302
0 0.25602865341768843 0.3644842523043945 0.13484083900503363 0.23520666984830066
0 0.3157471949517446 0.3362346616759997 0.07597373745286645 0.1302108922361752
0 0.3544736185305562 0.25847935493818225 0.07326220719286661 0.10360049124592627
0 0.332754247233494 0.1464736388287595 0.06121500514125809 0.1003561786023744
0 0.43422011084314344 0.30008412607793183 0.0391887918033563 0.06518949276705809
0 0.6057692307692307 0.07692307692307693 0.16346153846153846 0.15384615384615385
0 0.037259615384615384 0.6129807692307693 0.07451923076923077 0.0673076923076923
0 0.1045673076923077 0.6117788461538461 0.06490384615384616 0.06490384615384616
0 0.15985576923076922 0.6021634615384616 0.05048076923076923 0.04567307692307692
0 0.19591346153846154 0.6021634615384616 0.040865384615384616 0.04567307692307692
0 0.23918269230769232 0.6117788461538461 0.11298076923076923 0.06490384615384616
0 0.3737980769230769 0.5901442307692307 0.04567307692307692 0.021634615384615384
0 0.5511118072148935 0.6610477757334075 0.08556115078587331 0.12847941927409343
0 0.6442307692307693 0.6069711538461539 0.057692307692307696 0.055288461538461536
0 0.8653846153846154 0.9170673076923077 0.20673076923076922 0.1658653846153846
0 0.8449519230769231 0.6502403846153846 0.10817307692307693 0.14182692307692307
0 0.8112980769230769 0.5961538461538461 0.06490384615384616 0.03365384615384615