0 0.019230769230769232 0.28846153846153844 0.038461538461538464 0.12980769230769232
0 0.1338049446809802 0.2720928356248725 0.08246620742416784 0.11159811299264123
0 0.15405888824996497 0.2245444388811013 0.04679667745174321 0.07058643855836057
0 0.19365424885945387 0.24909349537742193 0.04616677625843739 0.0585672077891298
0 0.22655221358133307 0.23722055442708706 0.04376293010459124 0.05838505521964835
0 0.2542645452795365 0.21777176987625055 0.03364362453456197 0.04804106032633753
0 0.2863180844019077 0.3040011398099041 0.11788377691927028 0.14780209511922943
0 0.29392289600835597 0.24352274944949423 0.050848488327468536 0.05652766677424682
0 0.28728849024007685 0.20830267507976183 0.03326568381857861 0.040829521864798934
0 0.3052543462745924 0.2084668962739506 0.028080050794902816 0.0332536782642973
0 0.3481354147085555 0.2500250284166758 0.09258551299419711 0.12194210788595218
0 0.3740159221365301 0.2184659368118678 0.03376960477322313 0.05044490648018355
0 0.39919331663258417 0.2191766157145013 0.056412062067127684 0.0713150488362869
0 0.4355710703465715 0.20517305746454267 0.04667069721308204 0.06818259240451442
0 0.4671360209432244 0.2135506562524185 0.04123310371208392 0.05579905649632048
0 0.4818791592725962 0.1979077248771256 0.03845131684225427 0.04840536546530043
0 0.9002403846153846 0.21754807692307693 0.19951923076923078 0.43509615384615385
0 0.027644230769230768 0.6274038461538461 0.055288461538461536 0.038461538461538464
0 0.06971153846153846 0.6502403846153846 0.11538461538461539 0.08413461538461539
0 0.18091657272937625 0.7285352834426798 0.1531855877949956 0.13611130673837615
0 0.515625 0.6430288461538461 0.13221153846153846 0.06971153846153846