0 0.19831730769230768 0.37259615384615385 0.037259615384615384 0.06490384615384616
0 0.20192307692307693 0.33533653846153844 0.030048076923076924 0.05048076923076923
0 0.2920673076923077 0.375 0.037259615384615384 0.06971153846153846
0 0.28725961538461536 0.49759615384615385 0.06009615384615385 0.1045673076923077
0 0.3605769230769231 0.43990384615384615 0.046875 0.09014423076923077
0 0.34375 0.3329326923076923 0.03365384615384615 0.055288461538461536
0 0.30649038461538464 0.30528846153846156 0.026442307692307692 0.05048076923076923
0 0.43149038461538464 0.2980769230769231 0.04326923076923077 0.055288461538461536
0 0.4495192307692308 0.36778846153846156 0.039663461538461536 0.08533653846153846
0 0.421875 0.2548076923076923 0.030048076923076924 0.039663461538461536
0 0.5036057692307693 0.23197115384615385 0.03365384615384615 0.055288461538461536
0 0.5228365384615384 0.3870192307692308 0.052884615384615384 0.09495192307692307
0 0.43028846153846156 0.6478365384615384 0.08653846153846154 0.15504807692307693
0 0.6478365384615384 0.23798076923076922 0.04326923076923077 0.07451923076923077
0 0.7704326923076923 0.36778846153846156 0.0733173076923077 0.14543269230769232
0 0.9002403846153846 0.3269230769230769 0.06610576923076923 0.11538461538461539