0 0.015625 0.2608173076923077 0.03125 0.07932692307692307
0 0.06032026340937936 0.18509615384615385 0.040817967533604414 0.08173076923076923
0 0.07604009757293977 0.3485576923076923 0.05664112540547897 0.10576923076923077
0 0.11969378981547465 0.2800480769230769 0.04844953027978222 0.0889423076923077
0 0.15023077349540037 0.14783653846153846 0.043081805592570695 0.07932692307692307
0 0.18365202054126725 0.234375 0.045625659841296726 0.08173076923076923
0 0.24080688281971552 0.16105769230769232 0.0474694736156238 0.07211538461538461
0 0.23098260763724168 0.28846153846153844 0.05848493917980618 0.09615384615384616
0 0.23698149032664245 0.3918269230769231 0.056221101120839764 0.0985576923076923
0 0.14767842970192072 0.5012019230769231 0.06284889866196891 0.12980769230769232
0 0.296875 0.5528846153846154 0.07451923076923077 0.11057692307692307
0 0.36177147818432276 0.3954326923076923 0.07034045331326712 0.1346153846153846
0 0.4186581785434566 0.3473557692307692 0.053957263061873345 0.10096153846153846
0 0.4195326683488399 0.2704326923076923 0.0429417974976911 0.07692307692307693
0 0.45018707315798573 0.21875 0.040817967533604414 0.08173076923076923
0 0.32431146177737197 0.171875 0.04039794324896507 0.07451923076923077
0 0.2788021014900649 0.21033653846153846 0.042521773213051756 0.06971153846153846
0 0.5240384615384616 0.29086538461538464 0.04807692307692308 0.09615384615384616
0 0.5264423076923077 0.3629807692307692 0.04326923076923077 0.08653846153846154
0 0.5276442307692307 0.44350961538461536 0.040865384615384616 0.11778846153846154
0 0.6886923119569388 0.1141826923076923 0.06443640478742661 0.07451923076923077
0 0.745556425350413 0.14903846153846154 0.07036416185415707 0.09375
0 0.9341539031437915 0.2127403846153846 0.09353886628244996 0.1201923076923077
0 0.9807692307692307 0.1935096153846154 0.038461538461538464 0.13221153846153846
0 0.046875 0.8401442307692307 0.09375 0.29086538461538464
0 0.24639423076923078 0.6394230769230769 0.09375 0.0625
0 0.3605769230769231 0.6358173076923077 0.08653846153846154 0.055288461538461536
0 0.6057692307692307 0.8557692307692307 0.11538461538461539 0.18269230769230768
0 0.885389915438145 0.9483173076923077 0.050013327864349685 0.07451923076923077
0 0.9807692307692307 0.9579326923076923 0.038461538461538464 0.06490384615384616