0 0.15037414631597143 0.3982009541798726 0.08235968408249775 0.13504892481764325
0 0.24140472116103062 0.3422210281897281 0.07699195939528636 0.1254055698666292
0 0.27884615384615385 0.44591346153846156 0.125 0.10817307692307693
0 0.39585832446848374 0.41525943388088926 0.09535897151588693 0.15194577373364027
0 0.4675480769230769 0.4543269230769231 0.12259615384615384 0.09134615384615384
0 0.4787554539648408 0.35442286749570057 0.09281511726716091 0.14952794241197948
1 0.6947115384615384 0.11177884615384616 0.15384615384615385 0.22355769230769232
1 0.5829326923076923 0.24278846153846154 0.10817307692307693 0.44711538461538464
1 0.07853765631511592 0.7260042953201323 0.08859116587987785 0.11826395724416454
1 0.23737892764562205 0.8062822098084615 0.06018874485925338 0.08445627424435574
1 0.34984596000342205 0.774473604451019 0.04408557079761922 0.05552620939131304
0 0.636099567032528 0.6191799857360338 0.0658364857362243 0.09890732150306224
0 0.7859080730928283 0.6068259122943973 0.06611650192598385 0.10371501381075454
0 0.8148479395273122 0.6466711810144512 0.08674735210555085 0.12786535669173443
0 0.8521657046889224 0.6252463431470578 0.05806491489516684 0.08924998138423326
0 0.8924354941134527 0.5737804209404949 0.07050416994903695 0.09653144568484565
0 0.9201734374710135 0.6136186970766413 0.08336344928754627 0.11102444844699658
0 0.9342239071912313 0.7026728861114673 0.089151198259397 0.1278793418595493
0 0.9663461538461539 0.6033653846153846 0.0673076923076923 0.10096153846153846
0 0.9807692307692307 0.6694711538461539 0.038461538461538464 0.12259615384615384