0 0.19951923076923078 0.05048076923076923 0.13942307692307693 0.10096153846153846
0 0.21196739513721305 0.1269637797604236 0.17446525694815745 0.25131067975078886
0 0.7118626457020092 0.2152007675611065 0.12037729907834259 0.16862189071504324
0 0.040865384615384616 0.5 0.052884615384615384 0.04326923076923077
0 0.07944818447914313 0.5320311298656304 0.04541919885242401 0.06295373991115319
0 0.10802110947107459 0.5376540186716932 0.037843355251922346 0.0576417677096374
0 0.1414017267706984 0.5436130940736382 0.04800519757575172 0.06552567936294032
0 0.1679351107477469 0.5442601972740675 0.0383898129603671 0.06485330617117586
0 0.1924468850852052 0.555640561517834 0.042104589851169966 0.050766415843981165
0 0.23293003318633382 0.5475967932415551 0.037661202682440824 0.05523792155579125
0 0.25070358186125047 0.5681723088558533 0.042833200129096236 0.06038180045936578
0 0.28725961538461536 0.5600961538461539 0.040865384615384616 0.07211538461538461
0 0.2980769230769231 0.5817307692307693 0.019230769230769232 0.057692307692307696
0 0.4861313763027244 0.774364731560059 0.2282247724295952 0.29810986977678344
0 0.7166453095930257 0.8098165040421473 0.1883418761627896 0.24510770107689722
0 0.8637173750260522 0.7983515331829703 0.16820034408461274 0.23174372392413728