0 0.6524068842729295 0.40581057829821243 0.06391175971612958 0.09365168951265979
0 0.5552274450150665 0.46813853494536706 0.0849915552242512 0.12166379114508476
0 0.4893068023986085 0.4070364838987218 0.061339820264342176 0.09105161911629896
0 0.44591346153846156 0.6766826923076923 0.23798076923076922 0.1466346153846154
0 0.2945782306206999 0.4918327114120548 0.07778001676271273 0.12107511841754086
0 0.2999660127962211 0.44787669579402273 0.06547513938027003 0.08182868298594369
0 0.30095809923393774 0.35834571537417104 0.04215959101624323 0.05602420326485007
0 0.3445887865903859 0.3426963361184188 0.03136755331527082 0.038412383217868426
0 0.1940792287117195 0.42025664591446127 0.05535547487106207 0.07383224755434653
0 0.1719656034246159 0.3978860904373744 0.04473153046803064 0.058624273661210896
0 0.17106636027727484 0.36773990139304014 0.039251464968573804 0.048616440560796934
0 0.18931383971173243 0.3348219953316654 0.029636080353189122 0.047831543590738226
0 0.12857881934011434 0.36516421025243145 0.03958765156445603 0.05342413286848924
0 0.08120777612125601 0.41375607319139335 0.07369523762945528 0.09684043263656451
0 0.14632145891430864 0.49789088694209166 0.09527931303140033 0.13206407273052806
0 0.059976920631563284 0.3175776494157122 0.03220801980497646 0.050431613987099194
0 0.0922860204018804 0.2955997407897375 0.02896370716142467 0.03821615897535361
0 0.11629921194900678 0.3105625335627712 0.029131800459365784 0.04062000512919976
0 0.08579739511477678 0.2719537277363053 0.018844042652216644 0.030219723543756443
0 0.15274363083525166 0.2785767918363827 0.021415982104003913 0.03281979394011741
0 0.17287364321336193 0.30715318694059957 0.026559861007578515 0.03801993473283907
0 0.1639223951147768 0.26557643985457857 0.016272103200429308 0.02761965314739575
0 0.2037286799598443 0.2816676212051131 0.02124788880606287 0.030415947786271255
0 0.20744376583091922 0.26565017272008373 0.0212478888060628 0.030415947786271255
0 0.23400362683849776 0.2997456226026294 0.02398792155579125 0.035419864336478105
0 0.26349688388508097 0.3239313515060184 0.029131800459365784 0.04062000512919976
0 0.2591011881472764 0.2783563867041987 0.01644019649837049 0.030023499301241905
0 0.2879220720020951 0.2929267309922031 0.021415982104003913 0.03281979394011741
0 0.2907126447344938 0.26368812866102 0.019012135950157757 0.03262356969760273
0 0.3198949851765299 0.26614113005853623 0.01850785605633435 0.025412031236064274
0 0.35458266110935804 0.26089203238822734 0.016104009902488194 0.025215806993549597
0 0.32498832409743417 0.30440644427756003 0.024156014853732363 0.03782371049032426
0 0.3426474769890978 0.2630750766777238 0.013700163748642042 0.02501958275103492
0 0.38264712512344157 0.26464506898392404 0.021079795508121616 0.028012101632425103
0 0.4163597479349232 0.2800248878638221 0.018507856056334485 0.025412031236064135
0 0.4235965563877968 0.26251117993809775 0.01644019649837056 0.030023499301241905
0 0.43589319709527447 0.24821079275811322 0.016608289796311536 0.03242734545508806
0 0.4543170065026382 0.26967376152204897 0.01918022924809894 0.03502741585144875
0 0.4607215851407713 0.29211785149855807 0.02124788880606287 0.030415947786271255
0 0.4699420065026382 0.26839830394570363 0.016104009902488333 0.025215806993549597
0 0.5021165196413145 0.2790685426391668 0.02365173495990902 0.030612172028785797
0 0.5029234794647199 0.25603577993511367 0.016104009902488333 0.025215806993549597
0 0.5193301692967901 0.24865259485289556 0.013868257046583156 0.027423428904881073
0 0.5192796293141199 0.2825026652492564 0.021584075401945093 0.03522364009396357
0 0.5304666302686101 0.32147934193891664 0.024156014853732363 0.03782371049032426
0 0.5505296293141199 0.2799517500965657 0.016608289796311536 0.03242734545508806
0 0.5523704189165072 0.25441702911740904 0.019012135950157827 0.0326235696976026
0 0.5758287905871398 0.29601835382526515 0.024324108151673476 0.04022755664417055
0 0.5815357260421732 0.3257720943845701 0.02124788880606287 0.030415947786271255
0 0.6014053617984066 0.2987656915865534 0.01644019649837056 0.030023499301241905
0 0.5945805499154209 0.2703119862254289 0.01901213595015769 0.0326235696976026
0 0.5919498338059981 0.24997740603899388 0.01644019649837056 0.030023499301241905
0 0.642825566290285 0.2687913475289817 0.01918022924809894 0.03502741585144875
0 0.6558028168644922 0.31608337363584604 0.02398792155579125 0.035419864336478105
0 0.6713102635492215 0.2785539995092937 0.016272103200429308 0.02761965314739575
0 0.6878597766878977 0.2904996957791023 0.021584075401945093 0.03522364009396357
0 0.7068384059717552 0.2853241326082156 0.018675949354275464 0.02781587738991029
0 0.7235576923076923 0.2764423076923077 0.028846153846153848 0.04807692307692308
0 0.7262878084831359 0.2523081144255836 0.014036350344524133 0.029827275058727228
1 0.9459134615384616 0.5961538461538461 0.10817307692307693 0.25961538461538464
1 0.9567307692307693 0.2932692307692308 0.08653846153846154 0.23076923076923078
1 0.8076312911689125 0.5368689521943322 0.11965396116574417 0.13883400746336713
0 0.2644230769230769 0.9771634615384616 0.0673076923076923 0.04567307692307692
0 0.28966346153846156 0.984375 0.04567307692307692 0.03125
0 0.4696651565308313 0.8792699601185645 0.02946798705524801 0.04542769743689214
0 0.5420673076923077 0.9711538461538461 0.06009615384615385 0.057692307692307696
0 0.7247596153846154 0.9747596153846154 0.026442307692307692 0.05048076923076923
0 0.7824519230769231 0.8569711538461539 0.0889423076923077 0.21394230769230768