0 0.5437185932214379 0.0907183605696557 0.06120953275553594 0.11620095541300383
0 0.5649038461538461 0.018028846153846152 0.04807692307692308 0.036057692307692304
0 0.8305288461538461 0.013221153846153846 0.03125 0.026442307692307692
0 0.7800411761110438 0.1372337292124721 0.05121620742416784 0.1084293845719463
0 0.6602165875154354 0.19725875743595558 0.05614987997052131 0.11111324691555205
0 0.6995192307692307 0.03245192307692308 0.038461538461538464 0.06490384615384616
0 0.018028846153846152 0.7307692307692307 0.036057692307692304 0.28846153846153844
0 0.04326923076923077 0.5024038461538461 0.08653846153846154 0.19230769230769232
0 0.22982092857325556 0.5591539031437914 0.09637514177331592 0.14700722258747453
0 0.33533653846153844 0.6081730769230769 0.10817307692307693 0.21153846153846154
0 0.3942307692307692 0.5204326923076923 0.009615384615384616 0.05048076923076923
0 0.39903846153846156 0.4723557692307692 0.019230769230769232 0.040865384615384616
0 0.43659424468478697 0.5252781905771806 0.03629943116573045 0.05244088255908608
0 0.48346924468478697 0.5225480327270251 0.030861837664732324 0.040141635600095565
0 0.5214745198820852 0.5806140691974224 0.03086183766473246 0.0401416356000957
0 0.46315231099647164 0.571955032705306 0.030987817903393486 0.042545481753941856
0 0.4340490858633534 0.5917339800451492 0.03908121803556009 0.059792429115504135
0 0.40024038461538464 0.6081730769230769 0.021634615384615384 0.0673076923076923
0 0.4326923076923077 0.8846153846153846 0.08653846153846154 0.17307692307692307
0 0.5390743172235269 0.801417895114069 0.08006236127032168 0.11010948171050353
0 0.42427884615384615 0.7487980769230769 0.06971153846153846 0.10817307692307693
0 0.5126677851987138 0.6426121865948982 0.046292756497098554 0.06021245340014348
0 0.5465787026395243 0.6225532230652954 0.03920719827422112 0.062196275269350294
0 0.5697404133169999 0.5814196765305962 0.028709951988208495 0.04480931981290827
0 0.5834076088081099 0.5661565510382407 0.0335176442959008 0.04508933600266774
0 0.5964925607963184 0.6087957453805125 0.034273525727867786 0.05951241292574467
0 0.6341301168969173 0.6138371583714146 0.036173450927069285 0.050037036405239786
0 0.665128156419595 0.6072093608302853 0.0335176442959008 0.04508933600266774
0 0.6918905255181976 0.5887723446622448 0.031617719096699304 0.054564712523172486
0 0.828977857216401 0.5590872638220428 0.03174369933536033 0.05696855867701864
0 0.8935258662964577 0.7325497699475005 0.05198231047541887 0.07731939266682603
0 0.9927884615384616 0.6790865384615384 0.014423076923076924 0.055288461538461536