0 0.025240384615384616 0.07932692307692307 0.05048076923076923 0.09615384615384616
0 0.07692307692307693 0.04807692307692308 0.07692307692307693 0.09615384615384616
0 0.18874101955166872 0.07662320979727849 0.0896777458857063 0.10821729804891361
0 0.2948830802272409 0.10971388462510408 0.07981040079299936 0.10312982662354332
0 0.3991303265132536 0.12954843321706602 0.07791047559379785 0.11267526645950837
0 0.5108173076923077 0.18629807692307693 0.07451923076923077 0.11298076923076923
0 0.5673076923076923 0.038461538461538464 0.038461538461538464 0.07692307692307693
0 0.6745069129865835 0.05282594189612069 0.04983042479889504 0.08065587388589371
0 0.7704326923076923 0.013221153846153846 0.040865384615384616 0.026442307692307692
0 0.7992788461538461 0.007211538461538462 0.040865384615384616 0.014423076923076924
0 0.7846326836089084 0.093233072354614 0.04679667745174307 0.06856669833724337
0 0.8392912439540642 0.082822571512032 0.04983042479889504 0.08065587388589371
0 0.8401442307692307 0.016826923076923076 0.040865384615384616 0.03365384615384615
0 0.8774038461538461 0.018028846153846152 0.038461538461538464 0.036057692307692304
0 0.9014423076923077 0.020432692307692308 0.03365384615384615 0.040865384615384616
0 0.889955872733183 0.11069874718243959 0.038955237796898794 0.056337633229754186
0 0.9396756497223431 0.12054607669900111 0.046796677451743346 0.0685666983372435
0 0.9471153846153846 0.03365384615384615 0.04326923076923077 0.0673076923076923
0 0.9807692307692307 0.02283653846153846 0.03365384615384615 0.04567307692307692
0 0.9795673076923077 0.11298076923076923 0.040865384615384616 0.0673076923076923
1 0.18119919806455115 0.6348401033352324 0.20047596458209915 0.2530518466408755
1 0.3798076923076923 0.4254807692307692 0.14423076923076922 0.07211538461538461
1 0.6514423076923077 0.5480769230769231 0.20673076923076922 0.3173076923076923
1 0.9122596153846154 0.49399038461538464 0.17067307692307693 0.2091346153846154