0 0.125 0.026442307692307692 0.057692307692307696 0.052884615384615384
0 0.16105769230769232 0.04567307692307692 0.08173076923076923 0.09134615384615384
0 0.3076923076923077 0.03365384615384615 0.07211538461538461 0.0673076923076923
0 0.4362980769230769 0.0671893332503657 0.05048076923076923 0.07147436576761215
0 0.47115384615384615 0.04794329681375436 0.05048076923076923 0.07387821192145844
0 0.8966346153846154 0.2871793988671944 0.13942307692307693 0.20919568420798412
0 0.9591346153846154 0.21033653846153846 0.08173076923076923 0.12740384615384615
0 0.9555288461538461 0.36778846153846156 0.0889423076923077 0.2692307692307692
0 0.9807692307692307 0.28125 0.038461538461538464 0.15384615384615385
0 0.8016826923076923 0.23761057770114638 0.11057692307692307 0.16251527739572216
0 0.78125 0.20467025688547302 0.08413461538461539 0.13995727627935367
0 0.7307692307692307 0.17518308419154685 0.07451923076923077 0.11798688426501022
0 0.6622596153846154 0.2824519230769231 0.10817307692307693 0.25721153846153844
0 0.140625 0.7321389912116184 0.07932692307692307 0.13498169565679732
0 0.1875 0.6235309262955387 0.057692307692307696 0.09576465977837005
0 0.24759615384615385 0.6971534762058906 0.06009615384615385 0.11027168085887909
0 0.203125 0.7972641354260764 0.06490384615384616 0.11043956917374327
0 0.23798076923076922 0.9042200220663882 0.09134615384615384 0.15703603182857315
0 0.41225961538461536 0.953125 0.0985576923076923 0.09375
0 0.5084134615384616 0.7024686120475861 0.11298076923076923 0.2010607600146927
0 0.27884615384615385 0.6131295098515811 0.0673076923076923 0.1009081287157907