0 0.5240384615384616 0.23197115384615385 0.051682692307692304 0.10096153846153846
0 0.5685096153846154 0.6165865384615384 0.11298076923076923 0.1814903846153846
0 0.6081730769230769 0.5480769230769231 0.06129807692307692 0.09254807692307693
0 0.7163461538461539 0.5805288461538461 0.0625 0.10576923076923077
0 0.8293269230769231 0.7259615384615384 0.16105769230769232 0.26322115384615385
0 0.46875 0.6586538461538461 0.09254807692307693 0.15384615384615385
0 0.3954326923076923 0.7776442307692307 0.1346153846153846 0.21875
0 0.24759615384615385 0.6658653846153846 0.1045673076923077 0.1875
0 0.17548076923076922 0.6706730769230769 0.09014423076923077 0.11899038461538461
0 0.16105769230769232 0.5829326923076923 0.07211538461538461 0.11057692307692307
0 0.27403846153846156 0.5420673076923077 0.07091346153846154 0.10096153846153846