0 0.009615384615384616 0.16947115384615385 0.019230769230769232 0.04567307692307692
0 0.037259615384615384 0.16256160994804042 0.03365384615384615 0.03860782828043437
0 0.016826923076923076 0.21995192307692307 0.03365384615384615 0.06971153846153846
0 0.055288461538461536 0.21167623490769782 0.036057692307692304 0.05321305777299287
0 0.13822115384615385 0.17534389433750655 0.026442307692307692 0.03565752441814345
0 0.11899038461538461 0.1912241918164361 0.038461538461538464 0.04858751803478215
0 0.5288461538461539 0.06370192307692307 0.10096153846153846 0.12740384615384615
0 0.9290865384615384 0.04326923076923077 0.10817307692307693 0.08653846153846154
0 0.051682692307692304 0.5528846153846154 0.10336538461538461 0.14903846153846154
0 0.2800480769230769 0.6370192307692307 0.0985576923076923 0.20192307692307693
0 0.3449519230769231 0.8677884615384616 0.03125 0.125
0 0.42427884615384615 0.9615384615384616 0.11778846153846154 0.07692307692307693
0 0.5072115384615384 0.8129647963493372 0.07932692307692307 0.11658795786981511
0 0.5192307692307693 0.7375348027326984 0.06490384615384616 0.09386042706831023
0 0.5072115384615384 0.6975801809647219 0.06009615384615385 0.07907304500627013
0 0.43028846153846156 0.7526879093419783 0.07451923076923077 0.10180057580777503
0 0.4266826923076923 0.695268830503893 0.055288461538461536 0.07390104755961466
0 0.7259615384615384 0.7639369894495908 0.07692307692307693 0.123617343761872
0 0.7403846153846154 0.7123633048019321 0.06490384615384616 0.09386042706831023
0 0.7644230769230769 0.8740033175686547 0.0985576923076923 0.13967979381028306
0 0.8064903846153846 0.953125 0.1466346153846154 0.09375
0 0.9278846153846154 0.8315688659208308 0.10336538461538461 0.14965948356463082
0 0.8533653846153846 0.779523287882452 0.09134615384615384 0.12471025917876137
0 0.8341346153846154 0.7052593545921506 0.06971153846153846 0.09662857836111954