0 0.15985576923076922 0.036057692307692304 0.08413461538461539 0.07211538461538461
0 0.29086538461538464 0.036057692307692304 0.07692307692307693 0.07211538461538461
0 0.40625 0.020432692307692308 0.02403846153846154 0.040865384615384616
1 0.8513527967500705 0.11107780782378449 0.14648675292143926 0.20810394116557654
1 0.11177884615384616 0.45072115384615385 0.22355769230769232 0.12259615384615384
0 0.5208723123755628 0.7184794696184489 0.0661791053641086 0.07626785025471851
0 0.5571508065476048 0.7075443829302206 0.0533749776248192 0.06630274174223635
0 0.65625 0.8497596153846154 0.28365384615384615 0.3004807692307692
0 0.7683211988567892 0.7532580678884696 0.06897540000298417 0.08114548734183039
0 0.7791878601588499 0.6660422691187313 0.053178753382304524 0.0638988955883902
0 0.6221527648227083 0.7106348150514704 0.061371413056416295 0.07612796069587938
0 0.8488744242663875 0.7999674546760478 0.0427784717968612 0.05400373185532759
0 0.911816027995087 0.7778175021819129 0.042582247554346524 0.05159988570148144
0 0.9069835596994766 0.8508200583668327 0.11572751189380881 0.15444993320734676
0 0.9759615384615384 0.8353365384615384 0.04807692307692308 0.11778846153846154