0 0.4449901267561083 0.1323065180014962 0.07108517939213622 0.10973968085085471
0 0.021634615384615384 0.49278846153846156 0.04326923076923077 0.11538461538461539
0 0.16380885465709782 0.7527745566389961 0.1389270710561054 0.19538495002297024
0 0.1354892410896 0.6296189013900644 0.07066545860497578 0.09772045008162394
0 0.0915904291396285 0.6105829527112182 0.04022436576761215 0.051375971475213604
0 0.2439446848966574 0.7090037844853636 0.1065018528520562 0.16100375204551298
0 0.30660874367271124 0.6119847210353103 0.08517247968548466 0.10045999707713668
0 0.3800786724740408 0.5836710984608445 0.06552198966755512 0.08799316518568372
0 0.49310902191174744 0.41576755348151767 0.07804488538137842 0.10269599281014968
0 0.5204326923076923 0.6069711538461539 0.07451923076923077 0.11778846153846154
0 0.5432692307692307 0.546875 0.028846153846153848 0.08413461538461539
0 0.5853365384615384 0.34375 0.055288461538461536 0.11057692307692307
0 0.6526442307692307 0.47475961538461536 0.18990384615384615 0.30528846153846156