0 0.14657695865985987 0.04827797194181006 0.0757628971874191 0.09263743087079764
0 0.2230462956717837 0.08220315007557091 0.08157914928275822 0.10748112636851832
0 0.4699519230769231 0.14182692307692307 0.28125 0.28365384615384615
0 0.6358173076923077 0.040865384615384616 0.24278846153846154 0.08173076923076923
0 0.1604616890563732 0.585687963966739 0.14414616261535876 0.1822400877257832
0 0.265625 0.9423076923076923 0.12740384615384615 0.11538461538461539
0 0.2980769230769231 0.8353365384615384 0.0625 0.10817307692307693
0 0.31971153846153844 0.8076923076923077 0.019230769230769232 0.09615384615384616
0 0.5132211538461539 0.5144230769230769 0.16105769230769232 0.11057692307692307
0 0.4735576923076923 0.8653846153846154 0.23557692307692307 0.2692307692307692
0 0.703125 0.8822115384615384 0.19471153846153846 0.23557692307692307
0 0.8517366715179633 0.8624795170730786 0.1742865228623715 0.23743810527093984