0 0.5168269230769231 0.3173076923076923 0.057692307692307696 0.1201923076923077
0 0.5560835690439396 0.18917160759380341 0.06437948196063313 0.08523097160276344
0 0.6583049098920898 0.1592528060703917 0.059067868698296305 0.07533557079761923
0 0.7344193368831533 0.21593061586243623 0.0670352885918016 0.09017867200533548
0 0.8246265577717147 0.20947838922752185 0.0670352885918016 0.09017867200533548
0 0.0625 0.8365384615384616 0.125 0.17307692307692307
0 0.3088942307692308 0.9014423076923077 0.15144230769230768 0.1971153846153846
0 0.5144230769230769 0.6225961538461539 0.052884615384615384 0.1346153846153846
0 0.9230769230769231 0.48677884615384615 0.09134615384615384 0.036057692307692304
0 0.8941746799234718 0.6846698831672217 0.10611650662736184 0.1499711011208396
0 0.9273092726937471 0.6240255512119938 0.0858778954873033 0.12962026713103236
0 0.5985576923076923 0.9350961538461539 0.22115384615384615 0.12980769230769232