0 0.3915105675410771 0.3514495203087475 0.14916367818186088 0.22051562145046633
0 0.4375 0.055288461538461536 0.1346153846153846 0.11057692307692307
1 0.8723094455074839 0.25917199559193904 0.10024373417252264 0.14707582238114902
0 0.025240384615384616 0.8882211538461539 0.05048076923076923 0.11298076923076923
0 0.08052884615384616 0.9266826923076923 0.10817307692307693 0.1466346153846154
0 0.09442158745510178 0.8633968035072191 0.07922158999760921 0.10704448997949328
0 0.15745192307692307 0.9375 0.11298076923076923 0.125
0 0.18621558503729163 0.861237940107392 0.06697843736036055 0.1012556764592276
0 0.26836455080692095 0.8848345995510711 0.05898317236075894 0.0838400806547605
0 0.3137019230769231 0.9290865384615384 0.13221153846153846 0.14182692307692307
0 0.3894230769230769 0.953125 0.09134615384615384 0.09375
0 0.4122034567686586 0.9050215156404129 0.05898317236075894 0.0838400806547605
0 0.40426748616340913 0.8681789263626618 0.051211829229175374 0.07123217715798583
0 0.45401719539577223 0.9398035520056769 0.0667545154923425 0.09644798415153516
0 0.46330001113647745 0.8959210708870671 0.06893443977817061 0.09183651608635766
0 0.5504807692307693 0.9038461538461539 0.057692307692307696 0.09134615384615384
0 0.5540865384615384 0.9591346153846154 0.05048076923076923 0.08173076923076923
0 0.6849017010263595 0.8480895272963287 0.05898317236075894 0.0838400806547605