0 0.12379807692307693 0.16826923076923078 0.24759615384615385 0.33653846153846156
0 0.34375 0.15264423076923078 0.25 0.30528846153846156
0 0.4987980769230769 0.08173076923076923 0.06009615384615385 0.10096153846153846
0 0.5805302347164264 0.1014081616306063 0.08536071935120773 0.1087443701495008
0 0.5635314666527408 0.0607696469707982 0.05357120186733381 0.07066955826651498
0 0.5240384615384616 0.03125 0.052884615384615384 0.0625
0 0.6189903846153846 0.03365384615384615 0.04567307692307692 0.0673076923076923
0 0.6384923011506711 0.07942912297514357 0.06456015618032122 0.08816885453520253
0 0.6939524093098122 0.05882010069454502 0.05396365035236323 0.07547725057420716
0 0.760524359891116 0.09240693351579071 0.08055302704351529 0.10840818355361857
0 0.7271634615384616 0.025240384615384616 0.036057692307692304 0.05048076923076923
0 0.8154693298221354 0.06346849634570119 0.04675211189082463 0.07497297068038382
0 0.8533176179342947 0.05365151176607519 0.037970779489168896 0.05523792155579125
0 0.9055646037137789 0.08704498129804455 0.07034896970058678 0.10052427190031565
0 0.8945754510347087 0.045986233393383674 0.04297469603937588 0.05797795430551963
0 0.970762786231397 0.07890069302286484 0.04635966340579555 0.07016527837269151
0 0.009615384615384616 0.8701923076923077 0.019230769230769232 0.0673076923076923
0 0.07442230884447082 0.8815150152113186 0.03218196596890321 0.04288250419067825
0 0.125 0.9723557692307693 0.09615384615384616 0.055288461538461536
0 0.03125 0.9627403846153846 0.0625 0.07451923076923077
0 0.17435376921584875 0.9163543110921577 0.04395581725194912 0.0699971850747504
0 0.23513670791080388 0.903738517105168 0.04297469603937588 0.05797795430551963
0 0.28929697923784753 0.9429735087238116 0.053767426109848554 0.073073404420361
0 0.31767695173346683 0.9027469906338912 0.03816700373168357 0.0576417677096374
0 0.365508693690288 0.9316689544540504 0.04817483683209754 0.06312183320909416
0 0.44711538461538464 0.9651442307692307 0.04326923076923077 0.06971153846153846
0 0.9254807692307693 0.7668269230769231 0.14903846153846154 0.15384615384615385