0 0.05894398021173194 0.14302884615384615 0.043674800635859976 0.06971153846153846
0 0.09593867876301566 0.30408653846153844 0.04366081546804505 0.0673076923076923
0 0.12946665840652868 0.2824519230769231 0.04127095448201382 0.06971153846153846
0 0.3004404164376237 0.33413461538461536 0.053402066593762884 0.0889423076923077
0 0.3425480769230769 0.3473557692307692 0.06490384615384616 0.06490384615384616
0 0.43509615384615385 0.34375 0.07692307692307693 0.07211538461538461
0 0.47596153846153844 0.3425480769230769 0.0673076923076923 0.07451923076923077
0 0.6262019230769231 0.18870192307692307 0.19471153846153846 0.37740384615384615
0 0.7475961538461539 0.18990384615384615 0.24519230769230768 0.3798076923076923
0 0.8978365384615384 0.18990384615384615 0.20432692307692307 0.3798076923076923
0 0.9447115384615384 0.18990384615384615 0.11057692307692307 0.3798076923076923
0 0.07451923076923077 0.4651442307692308 0.14903846153846154 0.17067307692307693
0 0.20192307692307693 0.49158653846153844 0.2644230769230769 0.22355769230769232
0 0.3581730769230769 0.5180288461538461 0.24519230769230768 0.2764423076923077
0 0.4675480769230769 0.5552884615384616 0.12259615384615384 0.35096153846153844
0 0.5709134615384616 0.4495192307692308 0.07451923076923077 0.13942307692307693
0 0.7338024094747427 0.4855769230769231 0.08249995346058302 0.13221153846153846
0 0.7215540261468667 0.859375 0.12604888758610963 0.18028846153846154
0 0.8834134615384616 0.8725961538461539 0.19471153846153846 0.2548076923076923
0 0.892624878997516 0.7211538461538461 0.12354714525755985 0.16346153846153846