0 0.06610576923076923 0.6754807692307693 0.08052884615384616 0.12620192307692307
0 0.02403846153846154 0.6141826923076923 0.03125 0.052884615384615384
0 0.17908653846153846 0.7908653846153846 0.1045673076923077 0.16947115384615385
0 0.203125 0.6730769230769231 0.05889423076923077 0.078125
0 0.14903846153846154 0.6237980769230769 0.028846153846153848 0.051682692307692304
0 0.12139423076923077 0.6550480769230769 0.027644230769230768 0.040865384615384616
0 0.28365384615384615 0.6706730769230769 0.06971153846153846 0.1045673076923077
0 0.3737980769230769 0.6586538461538461 0.04326923076923077 0.07692307692307693
0 0.4579326923076923 0.5384615384615384 0.03365384615384615 0.06850961538461539
0 0.5264423076923077 0.6586538461538461 0.028846153846153848 0.04447115384615385
0 0.5564903846153846 0.6802884615384616 0.04326923076923077 0.055288461538461536
0 0.6298076923076923 0.6935096153846154 0.054086538461538464 0.08413461538461539
0 0.6947115384615384 0.7584134615384616 0.10336538461538461 0.15865384615384615
0 0.7848557692307693 0.6971153846153846 0.027644230769230768 0.051682692307692304
0 0.9002403846153846 0.8317307692307693 0.19230769230769232 0.33533653846153844
0 0.8233173076923077 0.6899038461538461 0.03365384615384615 0.06370192307692307