0 0.021634615384615384 0.1622596153846154 0.04326923076923077 0.18028846153846154
0 0.9208225263149162 0.1898515359120937 0.0473407846183688 0.08123025895507616
0 0.9516065433304646 0.21179570082890764 0.03895190070174227 0.06647129922997244
0 0.9758412291114408 0.2105114640151517 0.030121413056416364 0.07563884010932097
0 0.15384615384615385 0.9807692307692307 0.09615384615384616 0.038461538461538464
0 0.13142783168797714 0.8073170140600141 0.0625487585115043 0.09151740917451488
0 0.17535926968417423 0.7864397919436333 0.03218196596890321 0.042208915823492725
0 0.18804110441253707 0.8823433829596331 0.04155197109810311 0.06898710631782748
0 0.21818729345687132 0.8825409715578226 0.0407670741280444 0.05937172170244286
0 0.2657736559275078 0.8907898056226181 0.04797861258958273 0.05970760450446978
0 0.25009950068383763 0.8611039447713968 0.039982177157985695 0.04975633708705825
0 0.2992802347164264 0.8646010669955047 0.027962946388754926 0.04919653241701315
0 0.32089027247920676 0.8511296580115043 0.02776672214624025 0.04679268626316713
0 0.37259615384615385 0.8641826923076923 0.014423076923076924 0.05048076923076923
0 0.39783653846153844 0.5360576923076923 0.036057692307692304 0.028846153846153848
0 0.5148660692143566 0.5835256362512132 0.06681693333532274 0.055795599668849644
0 0.4776308330854935 0.5371511465269062 0.043612524010590084 0.03555718203199936
0 0.6161465216615021 0.599101283638904 0.053620357111003915 0.040812718075727616
0 0.5642921827331302 0.6135770271016378 0.05141273519967244 0.04310460329556475
0 0.4237652948543876 0.6058253893851876 0.05720154871993813 0.05534775593281356
0 0.5738827913605969 0.5404276608103437 0.038608607460382964 0.03292941401013517
0 0.42427884615384615 0.7427884615384616 0.0889423076923077 0.11057692307692307
0 0.7292507740996954 0.854113192399481 0.15845722517916572 0.1223261932931741
0 0.9286225391379157 0.7765316055817404 0.0885986177187825 0.08794128714092181
0 0.7787744046414777 0.7056082022612361 0.10581798928073519 0.09353270598667726
0 0.6798486431045082 0.6611864010273916 0.07981728531712662 0.06837463510812551
0 0.7883648149028614 0.5733406833326931 0.051020286714643086 0.03829691098787258
0 0.8850829545284995 0.6152466774786824 0.0520014079272166 0.05031614175710321
0 0.8173584344800257 0.6615585588812898 0.054209029838547945 0.04802425653726608
0 0.8558445505633991 0.6778289912155154 0.07760966340579555 0.07066652032796264
0 0.9286710992833372 0.6281352624501568 0.031593293241359316 0.03499737736195426