0 0.025240384615384616 0.11538461538461539 0.05048076923076923 0.07211538461538461
0 0.06850961538461539 0.021634615384615384 0.07932692307692307 0.04326923076923077
0 0.4014423076923077 0.03245192307692308 0.08653846153846154 0.06490384615384616
0 0.5625 0.026442307692307692 0.07211538461538461 0.052884615384615384
0 0.6995192307692307 0.020432692307692308 0.07211538461538461 0.040865384615384616
0 0.8341346153846154 0.018028846153846152 0.07211538461538461 0.036057692307692304
0 0.04966874606718452 0.6673075206066588 0.06508795683852184 0.0900332492503212
0 0.24380425137591097 0.518560044334233 0.037736367013760486 0.058321697052700086
0 0.13656256714820605 0.44715188436844894 0.020209996142642312 0.03398952047938873
0 0.11335419422665169 0.501616056446223 0.02515757800917375 0.03888113136846682
0 0.010817307692307692 0.4807692307692308 0.021634615384615384 0.04326923076923077
0 0.016826923076923076 0.43990384615384615 0.019230769230769232 0.02403846153846154
0 0.23254155135350343 0.4514831281253512 0.015052579937852455 0.021886371128772453
0 0.20793269230769232 0.4375 0.016826923076923076 0.019230769230769232
0 0.5174487678914382 0.7360269324447384 0.05554251700255678 0.09226925824139606
0 0.5719457262933669 0.8035505044980723 0.07703724282833317 0.08783919954993936
0 0.6639784661069245 0.737073184943245 0.05024521123892793 0.07535841658308748
0 0.7073783376988673 0.8144009584200812 0.07512301013042343 0.10462416333616968
0 0.7663517619836445 0.7280783766272612 0.050105321680088806 0.07055072427539517
0 0.7688476634798285 0.683586243135761 0.0473517516291451 0.05848953421547151
0 0.8693674227019316 0.7382933578967001 0.05024521123892793 0.07535841658308734
0 0.8711510145771292 0.6769952809736233 0.04522768459297693 0.06806295954016324
0 0.8693931463555143 0.8199821678367767 0.08042031589405241 0.12153500499447827
0 0.9470598921986232 0.7105083529022219 0.04522768459297693 0.06806295954016324
0 0.9855769230769231 0.7836538461538461 0.028846153846153848 0.09615384615384616