0 0.03575765586336132 0.2979739485244306 0.025703598362007155 0.04296847748860399
0 0.03085610447419674 0.23688618088867555 0.02550769991217823 0.03816078518091168
0 0.07814534360836206 0.27255376596802033 0.02589949681183608 0.04777616979629629
0 0.0809940514177654 0.22405622431645345 0.020895906054314847 0.04254785891396008
0 0.12973008669113995 0.2656282701367527 0.030805138344442814 0.05060063452478621
0 0.17506034132701623 0.25321893213917446 0.02800949529093881 0.04077494062207972
0 0.22283932658575384 0.30090574798775005 0.027911546066024383 0.038371094468233564
0 0.16394509581652306 0.30605832552713735 0.028107444515853376 0.04317878677592587
0 0.13843330576090265 0.3312082661492171 0.03360078139794682 0.06042632842749285
0 0.09735576923076923 0.35216346153846156 0.040865384615384616 0.055288461538461536
0 0.03245192307692308 0.359375 0.040865384615384616 0.040865384615384616
0 0.22355769230769232 0.3557692307692308 0.04326923076923077 0.04807692307692308
0 0.255656514184385 0.33663326571410335 0.03360078139794682 0.06042632842749285
0 0.270720351212848 0.2918918699336191 0.025703598362007085 0.04296847748860399
0 0.2808520143307546 0.27411855506374727 0.028205393740767668 0.04558263292977202
0 0.30169894577261225 0.31209954230363335 0.02869513986534008 0.05760186369900279
0 0.34016048423415063 0.3087345937064825 0.030707189119528387 0.04819678837094006
0 0.3686148411806467 0.2965954976432346 0.028205393740767803 0.04558263292977216
0 0.391722785082421 0.2716558663084768 0.028499241415511085 0.052794171391310485
0 0.9266826923076923 0.35336538461538464 0.040865384615384616 0.052884615384615384
0 0.9879807692307693 0.3245192307692308 0.02403846153846154 0.07692307692307693
0 0.9106148221694319 0.28277719741816404 0.02589949681183594 0.047776169796296224
0 0.828125 0.3473557692307692 0.036057692307692304 0.06490384615384616
0 0.7441086774486612 0.3407680782999301 0.0409102690843997 0.06346110244330479
0 0.683402386018513 0.3014495019931636 0.028793089090254506 0.06000570985284895
0 0.6348846914294749 0.2948383800472945 0.031098986019186096 0.05781217298632468
0 0.5234486675628294 0.31303122344622597 0.033698730622861245 0.06283017458133901
0 0.4651442307692308 0.22355769230769232 0.03125 0.07692307692307693
0 0.6514423076923077 0.3425480769230769 0.07692307692307693 0.07451923076923077
0 0.43149038461538464 0.5552884615384616 0.036057692307692304 0.14903846153846154
0 0.4699519230769231 0.46634615384615385 0.040865384615384616 0.17307692307692307
0 0.5851160991510566 0.6749299348940891 0.031196935244100662 0.06021601914017083
0 0.632209439835393 0.7057898276657416 0.03320898449828897 0.05081094381210823
0 0.6660816266735755 0.7378064215176648 0.025213852237434945 0.030949246719373217
0 0.7045696975130636 0.705490164430699 0.03350283217303239 0.058022482273646696
0 0.8386647134824842 0.7697494621178076 0.023299752208160933 0.04275816820128197
0 0.8533326634678473 0.7744972217784915 0.018198212225725614 0.03512601116509974
0 0.8905922788524627 0.7712374278250014 0.02281000608358852 0.030738937432051198
0 0.9286130458018861 0.7570551715355429 0.018002313775896485 0.030318318857407434
0 0.9449991973666941 0.7447656988319816 0.04061642140965642 0.05624956398176632
0 0.9795673076923077 0.7451923076923077 0.040865384615384616 0.0625