0 0.8834134615384616 0.05048076923076923 0.11298076923076923 0.10096153846153846
0 0.016826923076923076 0.6658653846153846 0.03365384615384615 0.14903846153846154
0 0.056490384615384616 0.5906565553185363 0.07451923076923077 0.1166853533960932
0 0.08774038461538461 0.5407212568667739 0.04567307692307692 0.08973953421547151
0 0.06009615384615385 0.48735410963919096 0.03125 0.048622393855929966
0 0.12139423076923077 0.4776067638595505 0.03365384615384615 0.06789512237739195
0 0.25721153846153844 0.5100255407067723 0.038461538461538464 0.07038288711262375
0 0.2668269230769231 0.48254914710031294 0.03125 0.05823777847131458
0 0.3329326923076923 0.5017318737482118 0.03365384615384615 0.0654912762235458
0 0.3762019230769231 0.4880640640576059 0.026442307692307692 0.0629615521976211
0 0.41225961538461536 0.48628960726415227 0.03365384615384615 0.06308743006969965
0 0.45913461538461536 0.5087424288172778 0.040865384615384616 0.08725176948023972
0 0.4951923076923077 0.4697083566392087 0.03125 0.06544931693285304
0 0.5600961538461539 0.5093027959494536 0.04326923076923077 0.0752744980017017
0 0.6298076923076923 0.9615384615384616 0.0625 0.07692307692307693
0 0.6237980769230769 0.9326923076923077 0.05048076923076923 0.08173076923076923
0 0.7367788461538461 0.9228245435782172 0.07451923076923077 0.10226227647301628
0 0.84375 0.7864705781678942 0.052884615384615384 0.09467310439524222
0 0.9579326923076923 0.9471153846153846 0.06971153846153846 0.10576923076923077