0 0.10817307692307693 0.5264423076923077 0.21634615384615385 0.22596153846153846
0 0.018028846153846152 0.3245192307692308 0.036057692307692304 0.14423076923076922
0 0.020432692307692308 0.28125 0.040865384615384616 0.10096153846153846
0 0.1482357754776693 0.2586191761933171 0.07902104145771843 0.12512176244427417
0 0.2817602185350404 0.32974572200925856 0.10866442182703596 0.17264338489933861
0 0.2301431949322015 0.1158661379447441 0.04941962037909365 0.08000398614305605
0 0.45885033716530627 0.17985632562399048 0.04419233516447299 0.05565743368259664
0 0.5647664254519618 0.1782208643694831 0.06641438061878802 0.09069768898543328
0 0.5434045454568499 0.16120945522049246 0.05435319055886449 0.08752361552659238
0 0.6177884615384616 0.33052884615384615 0.019230769230769232 0.08413461538461539
0 0.6189903846153846 0.25600961538461536 0.021634615384615384 0.06490384615384616
0 0.6816405956561726 0.2488658876252958 0.04187240759201261 0.06031108052928994
0 0.8262699781485239 0.2352720768236947 0.04174652971993408 0.05309954206775148
0 0.8525234690327138 0.24778388458699088 0.03972031718232326 0.07458011199136785
0 0.9091877741030471 0.3103752064201966 0.08138292832087182 0.12287196175142703
0 0.9711538461538461 0.25240384615384615 0.057692307692307696 0.08653846153846154
0 0.9903846153846154 0.24278846153846154 0.019230769230769232 0.0625
0 0.9675480769230769 0.4567307692307692 0.06490384615384616 0.25
0 0.36177884615384615 0.6887019230769231 0.10817307692307693 0.0985576923076923
0 0.5132211538461539 0.7055288461538461 0.10336538461538461 0.13221153846153846