0 0.3004807692307692 0.31971153846153844 0.038461538461538464 0.038461538461538464
0 0.8990384615384616 0.3233173076923077 0.08653846153846154 0.03125
0 0.2522049773801276 0.6737058730281025 0.26345761429743525 0.36245889605413584
0 0.05048076923076923 0.5721153846153846 0.10096153846153846 0.20673076923076922
0 0.4675480769230769 0.7788461538461539 0.036057692307692304 0.125
0 0.5504807692307693 0.8473557692307693 0.20192307692307693 0.30528846153846156
0 0.6558511724069788 0.7891827717366535 0.15468521090427315 0.21150439490572134
0 0.7656773023279189 0.7610254644321943 0.11589349786139581 0.1777329954366045
0 0.8117415765249275 0.714074654458189 0.09486038903803398 0.1284794192740935
0 0.756544649025355 0.5883687746001242 0.06484282346125361 0.08576500838135637
0 0.953125 0.875 0.09375 0.25