0 0.043467227845205104 0.12955663047581856 0.0361025767767074 0.06146744299495611
0 0.05853106487366814 0.1735115058194504 0.04360796291298914 0.06897282913123785
0 0.09926787774274647 0.08969318034408598 0.03629847522653625 0.06627513530264842
0 0.1531360755199485 0.12680178174788745 0.0361025767767074 0.06146744299495611
0 0.18892236238740495 0.10538550704760855 0.03840847370563912 0.05916154606602438
0 0.2228965885939442 0.1284403861934834 0.038702321380382404 0.06637308452756284
0 0.2587359402173001 0.1648143684104266 0.043216166013331433 0.05935744451585324
0 0.3068353055287306 0.13667630137318143 0.043510013688074986 0.0665689829773917
0 0.27937271126170554 0.27882360450279753 0.046305656741578854 0.07628231681769088
0 0.20558809967933322 0.2577583323766035 0.043216166013331433 0.05935744451585324
0 0.13702950968226058 0.25616870254346485 0.040518472184741854 0.052047956829400346
0 0.46033653846153844 0.3076923076923077 0.06490384615384616 0.2403846153846154
0 0.564001959521254 0.2274144162614865 0.16952621011934996 0.2732915719212767
0 0.28125 0.9807692307692307 0.07692307692307693 0.038461538461538464
0 0.34615384615384615 0.9615384615384616 0.08653846153846154 0.07692307692307693
0 0.3385342573277299 0.7686654090069414 0.09933310582012375 0.14083925054089427
0 0.4982349224342432 0.5620265073403476 0.023789498332733208 0.05376615840884551
0 0.5199940194217227 0.5893993326693425 0.023495650657989788 0.046554619947307044
0 0.5271790255053115 0.5607980518854749 0.020993855279229343 0.044052824568546464
0 0.5810513134259557 0.6568988332834216 0.026291293711493927 0.05626795378760609
0 0.6275079841483482 0.6395290993260269 0.023397701433075496 0.04415077379346089
0 0.6089363271140305 0.5930234539911772 0.01868795835029748 0.04635872149747806
0 0.526189361451986 0.7919101049419062 0.04267335513285968 0.10493257221401574
0 0.4512701534962131 0.6805047035966525 0.03178463059358723 0.07329077531435803
0 0.8501800432883684 0.6112808126335408 0.026095395261664798 0.05146026147991378