0 0.026442307692307692 0.546875 0.04447115384615385 0.08173076923076923
0 0.08173076923076923 0.5216346153846154 0.039663461538461536 0.06850961538461539
0 0.1814903846153846 0.6346153846153846 0.06610576923076923 0.09975961538461539
0 0.17427884615384615 0.5673076923076923 0.07211538461538461 0.10336538461538461
0 0.2824519230769231 0.6262019230769231 0.16346153846153846 0.2536057692307692
0 0.21875 0.8798076923076923 0.13341346153846154 0.234375
0 0.28125 0.35096153846153844 0.038461538461538464 0.06610576923076923
0 0.36658653846153844 0.36538461538461536 0.04447115384615385 0.07451923076923077
0 0.41466346153846156 0.65625 0.11778846153846154 0.1814903846153846
0 0.48197115384615385 0.5793269230769231 0.06009615384615385 0.1346153846153846
0 0.43149038461538464 0.59375 0.06370192307692307 0.11298076923076923
0 0.5432692307692307 0.5769230769230769 0.05048076923076923 0.109375
0 0.6334134615384616 0.7175480769230769 0.1622596153846154 0.2283653846153846
0 0.6430288461538461 0.5480769230769231 0.06610576923076923 0.109375
0 0.6574519230769231 0.4543269230769231 0.03365384615384615 0.06610576923076923
0 0.7475961538461539 0.5384615384615384 0.04567307692307692 0.078125
0 0.7740384615384616 0.6550480769230769 0.06370192307692307 0.12139423076923077
0 0.8533653846153846 0.7079326923076923 0.0985576923076923 0.1971153846153846
0 0.8233173076923077 0.4579326923076923 0.030048076923076924 0.07211538461538461
0 0.9122596153846154 0.5685096153846154 0.051682692307692304 0.11899038461538461
0 0.8858173076923077 0.5829326923076923 0.06370192307692307 0.11538461538461539