0 0.09014423076923077 0.4795673076923077 0.08413461538461539 0.1346153846153846
0 0.12259615384615384 0.4230769230769231 0.06610576923076923 0.10817307692307693
0 0.15865384615384615 0.3786057692307692 0.054086538461538464 0.09615384615384616
0 0.12620192307692307 0.33774038461538464 0.051682692307692304 0.09254807692307693
0 0.23557692307692307 0.38100961538461536 0.054086538461538464 0.09014423076923077
0 0.2608173076923077 0.35697115384615385 0.042067307692307696 0.07211538461538461
0 0.24639423076923078 0.31971153846153844 0.03245192307692308 0.056490384615384616
0 0.20192307692307693 0.5420673076923077 0.1045673076923077 0.17067307692307693
0 0.31850961538461536 0.453125 0.04567307692307692 0.10216346153846154
0 0.36658653846153844 0.47475961538461536 0.08052884615384616 0.14423076923076922
0 0.4098557692307692 0.5661057692307693 0.1045673076923077 0.17067307692307693
0 0.36658653846153844 0.2932692307692308 0.03365384615384615 0.056490384615384616
0 0.4795673076923077 0.28365384615384615 0.10576923076923077 0.18870192307692307
0 0.6526442307692307 0.7932692307692307 0.1502403846153846 0.29447115384615385
0 0.7319711538461539 0.44711538461538464 0.04807692307692308 0.10817307692307693
0 0.7235576923076923 0.36778846153846156 0.04807692307692308 0.06850961538461539
0 0.7584134615384616 0.3389423076923077 0.036057692307692304 0.06610576923076923
0 0.8245192307692307 0.30649038461538464 0.039663461538461536 0.06610576923076923
0 0.8894230769230769 0.4579326923076923 0.07572115384615384 0.15264423076923078
0 0.9026442307692307 0.38100961538461536 0.038461538461538464 0.06009615384615385