0 0.027644230769230768 0.36778846153846156 0.055288461538461536 0.28365384615384615
0 0.262998830127224 0.43133273953027584 0.1741380039772133 0.274405605493978
0 0.34594987452598175 0.33637939704507624 0.14382261175734273 0.23616208235250669
0 0.5841346153846154 0.07211538461538461 0.052884615384615384 0.11538461538461539
0 0.759211424394249 0.1549305528133837 0.10924233811025151 0.152063329718477
0 0.71875 0.01201923076923077 0.052884615384615384 0.02403846153846154
0 0.8798076923076923 0.03245192307692308 0.0673076923076923 0.06490384615384616
0 0.021097993273731373 0.7242641129854959 0.028205393740767803 0.04527290903352807
0 0.07030542258061277 0.7516889090263829 0.030707189119528387 0.04785890775685581
0 0.07143183866712896 0.7240446782571521 0.025409750687263803 0.03547537184866187
0 0.1255449095066171 0.7487013230052297 0.03100103679427167 0.05507044621839427
0 0.11591526294360932 0.8968110903209906 0.08952182275491001 0.13858687839339354
0 0.1676163073423669 0.8042257312390514 0.058324887510809345 0.07870873986730696
0 0.21411786253377454 0.7216200619114599 0.02830334296568223 0.04767675518737423
0 0.22797568634187224 0.7049932227793113 0.023201802983246502 0.04010091158687273
0 0.3626972004690557 0.8098129891339952 0.061316429014142346 0.09331396935986547
0 0.4127249277573834 0.6406688582679423 0.03889821983021126 0.0724438270037621
0 0.48629937894230363 0.8052398241133865 0.06931156127499623 0.11309119629907946
0 0.5204326923076923 0.9158653846153846 0.07451923076923077 0.16826923076923078
0 0.7424252956428988 0.782114964238886 0.05111334904927102 0.0781622821588622
0 0.7977402895593102 0.8066805327022227 0.061316429014142346 0.09331396935986547
0 0.8551122171989248 0.7807653319347904 0.043510013688074715 0.06800043983503297
0 0.9579326923076923 0.8557692307692307 0.08413461538461539 0.13942307692307693
0 0.9723557692307693 0.7980769230769231 0.055288461538461536 0.08173076923076923
0 0.8438235154731102 0.7049351704286029 0.03561283065213512 0.050627059049665135