0 0.09014423076923077 0.48197115384615385 0.11298076923076923 0.11298076923076923
0 0.12739728937820077 0.42464141852360615 0.0976831591852467 0.12914255455833348
0 0.16770785411709163 0.3999904857754427 0.06681988576379894 0.09895286950407153
0 0.19272960545186485 0.3698041146485283 0.061507913562283426 0.09151740917451488
0 0.2199871096425431 0.34213355060946904 0.04780774981364125 0.06691914296600839
0 0.1389874902611738 0.3106266676169274 0.03992383816033833 0.05696787554859671
0 0.115201168669624 0.30590128904606806 0.04009193145827958 0.05937172170244286
0 0.09222180690147944 0.3241244098707562 0.04506771706391314 0.06199948972430706
0 0.060551573656626584 0.3286785331132544 0.056027848062826666 0.08167810269111236
0 0.026442307692307692 0.35096153846153844 0.052884615384615384 0.09134615384615384
0 0.3329326923076923 0.5 0.10817307692307693 0.07692307692307693
0 0.7884873684193134 0.19892019341787143 0.10948375667386592 0.1608403982943695
0 0.3076923076923077 0.6766826923076923 0.057692307692307696 0.1658653846153846
0 0.42470899597298384 0.6566287857085935 0.07934339642685326 0.10672421263565496
0 0.4743069954063422 0.5853827552954525 0.05088396915925199 0.07664648851540189
0 0.4359723668679194 0.8404407027409913 0.13743890404764364 0.1837065839530839
0 0.749446860022826 0.703105472733819 0.07934339642685319 0.10672421263565496
0 0.8025336353381227 0.840631841633438 0.16058635911372932 0.20634884774378046
0 0.8594354565569552 0.716669137236695 0.1052308842426671 0.13428612966805284
0 0.9202962669188092 0.6568002191859068 0.05463256169662719 0.09598921868018014
0 0.9903846153846154 0.6923076923076923 0.019230769230769232 0.09134615384615384