0 0.9718850843012047 0.35846088093084355 0.04288068142754698 0.04374474256965017
0 0.969059727681151 0.32361909734126304 0.0424328376915109 0.034129357954265555
0 0.7890148934258406 0.20184893839056267 0.04506060571337496 0.03896502154433534
0 0.8085058595764991 0.33631048095287047 0.08223790736115734 0.06342305231846104
0 0.6105769230769231 0.40865384615384615 0.0625 0.019230769230769232
0 0.5987751644699675 0.1968471312368552 0.030189685054262092 0.029181809234685146
0 0.6599382611165545 0.2706950512290234 0.03236960934009021 0.024402088209370457
0 0.5913461538461539 0.2608173076923077 0.02403846153846154 0.03125
0 0.8411487433969166 0.802407419453568 0.06832859642316381 0.22903669539244723
0 0.9052951962825281 0.759570901495876 0.07246452312680199 0.21466956103412554
0 0.9261987516687373 0.6919834963644077 0.03354851307453243 0.10129719385006976
0 0.9891826923076923 0.7487980769230769 0.021634615384615384 0.16105769230769232