0 0.5528846153846154 0.057692307692307696 0.10576923076923077 0.11538461538461539
0 0.7632211538461539 0.03365384615384615 0.08413461538461539 0.0673076923076923
0 0.8161057692307693 0.08653846153846154 0.12259615384615384 0.17307692307692307
0 0.9146634615384616 0.16346153846153846 0.17067307692307693 0.30288461538461536
0 0.06141156097589414 0.7493105934918654 0.04115907313949534 0.053338355295768435
0 0.1155120846052474 0.7554965388493871 0.07510660781745224 0.10617243069771352
0 0.18298060634280985 0.7878473819609694 0.055708016572905396 0.07598153046803063
0 0.24065892886730275 0.7894777749577104 0.046022706118446846 0.06328992650703527
0 0.2743687156924081 0.8014464657442708 0.03637935116743266 0.05780986100757838
0 0.3259395266575821 0.7858297024192359 0.09941078754439495 0.15352644060020174
0 0.4197664450805634 0.8056064948850938 0.046064661621891205 0.07050146496857387
0 0.4559569964824963 0.8309644328157493 0.038783197321278814 0.05797795430551963
0 0.4963942307692308 0.7932692307692307 0.007211538461538462 0.04326923076923077
0 0.6213942307692307 0.7584134615384616 0.24278846153846154 0.37740384615384615
0 0.9098557692307693 0.6454326923076923 0.18028846153846154 0.25240384615384615
0 0.9735576923076923 0.6045673076923077 0.052884615384615384 0.17067307692307693