0 0.41225961538461536 0.44711538461538464 0.0889423076923077 0.19230769230769232
0 0.4423227663934301 0.3448184563781621 0.09470316226282066 0.15061831455253236
0 0.6726464059185371 0.41298420845837 0.10996549129006429 0.18768456664787136
0 0.6796601090110049 0.30053298911275933 0.08000033463835485 0.13759052399565463
0 0.8598356653298617 0.23135156050281935 0.08273988163386757 0.15218169421667282
0 0.9627403846153846 0.3798076923076923 0.07451923076923077 0.20192307692307693
0 0.8536632242196589 0.48339395006944813 0.13249329904102572 0.12446165347343634
0 0.03668118336314137 0.7847986724724536 0.06870644581463682 0.06480276618850557
0 0.009615384615384616 0.7367788461538461 0.019230769230769232 0.040865384615384616
0 0.1380903229469021 0.7969695231896954 0.05629556406346153 0.04713537662187679
0 0.08668738134059868 0.8126027598646604 0.051543821896047164 0.04920303617984072
0 0.09462426174764989 0.7398150020575114 0.039244840425427495 0.036343338920904245
0 0.3029795949245732 0.8986039948094382 0.10800723638034199 0.10354995126325597
0 0.2032749247411863 0.8562169738711785 0.08100542728525649 0.0776624634474419
0 0.310719644901603 0.7656360365071647 0.05143192161549155 0.04439534387214841
0 0.3389423076923077 0.8521634615384616 0.057692307692307696 0.055288461538461536
0 0.35336538461538464 0.8677884615384616 0.028846153846153848 0.07692307692307693
0 0.37259615384615385 0.9855769230769231 0.009615384615384616 0.028846153846153848
0 0.39731405658034225 0.955219049482179 0.024877713642628245 0.037738625287103714
0 0.5264513521437504 0.969062596503867 0.024821763502350436 0.03533477913325743
0 0.5817957638224898 0.967600296805067 0.024877713642628245 0.037738625287103714