0 0.024119245589874574 0.35216346153846156 0.02522752278859331 0.040865384615384616
0 0.03970927320016479 0.35336538461538464 0.030384938993383032 0.052884615384615384
0 0.08053968542583963 0.3545673076923077 0.03512268652165591 0.05048076923076923
0 0.10832380575390939 0.34975961538461536 0.03250900602955106 0.04326923076923077
0 0.13313165986598557 0.3233173076923077 0.04756158596740366 0.06490384615384616
0 0.2318770759490181 0.3581730769230769 0.062334386787578265 0.07692307692307693
0 0.3853385335083645 0.3713942307692308 0.027981092839537015 0.052884615384615384
0 0.4077204309036763 0.3870192307692308 0.02777125850127832 0.04567307692307692
0 0.4477557269021536 0.3329326923076923 0.0376664222343412 0.055288461538461536
0 0.4898358964212529 0.3737980769230769 0.05003537690066924 0.0673076923076923
0 0.5420673076923077 0.328125 0.03125 0.08413461538461539
0 0.6363563459006121 0.22716346153846154 0.040000323608767784 0.052884615384615384
0 0.6660711738440472 0.40384615384615385 0.04254405932145279 0.057692307692307696
0 0.6611806749301441 0.36538461538461536 0.040000323608767645 0.052884615384615384
0 0.7367788461538461 0.4375 0.055288461538461536 0.02403846153846154
0 0.7776751580493446 0.4098557692307692 0.04982554256241082 0.06009615384615385
0 0.7679070220483296 0.3737980769230769 0.03993037882934822 0.05048076923076923
0 0.8822115384615384 0.43149038461538464 0.052884615384615384 0.036057692307692304
0 0.8805030949922915 0.3870192307692308 0.045087795034137804 0.0625
0 0.9124654046132782 0.40384615384615385 0.049965432121249674 0.06490384615384616
0 0.1352814505557365 0.6478365384615384 0.21171534604180828 0.33653846153846156
0 0.30408653846153844 0.47836538461538464 0.08413461538461539 0.057692307692307696
0 0.4206730769230769 0.5504807692307693 0.22115384615384615 0.20192307692307693
0 0.5396634615384616 0.4951923076923077 0.036057692307692304 0.09134615384615384
0 0.5793269230769231 0.6814903846153846 0.04326923076923077 0.06009615384615385
0 0.5721153846153846 0.6454326923076923 0.028846153846153848 0.05048076923076923
0 0.6240074792424041 0.7992788461538461 0.06261416590525624 0.08653846153846154
0 0.6838680750967167 0.7247596153846154 0.05271900217219365 0.07692307692307693
0 0.6809838642230607 0.6586538461538461 0.045087795034137804 0.0625
0 0.7129461738440473 0.6754807692307693 0.049965432121249674 0.06490384615384616
0 0.7316909427095445 0.8161057692307693 0.06763169255120698 0.09375
0 0.8262416945822044 0.6646634615384616 0.05222938871625697 0.06009615384615385
0 0.8637625916122439 0.8209134615384616 0.06000048541315168 0.07932692307692307
0 0.9110576923076923 0.9266826923076923 0.125 0.1466346153846154
0 0.9635571793865692 0.8197115384615384 0.05822614227408106 0.10096153846153846
0 0.9670672801843359 0.7403846153846154 0.054982958767200676 0.07211538461538461
0 0.9303672230350766 0.7211538461538461 0.047491641187984227 0.0625
0 0.9222556511772114 0.6694711538461539 0.045087795034137804 0.0625