0 0.28846153846153844 0.4098557692307692 0.038461538461538464 0.12259615384615384
0 0.17372188043460007 0.6309534567686585 0.0722051535534148 0.12332721384456
0 0.06490384615384616 0.6790865384615384 0.09134615384615384 0.06009615384615385
0 0.36538461538461536 0.5649038461538461 0.11538461538461539 0.17307692307692307
0 0.33533653846153844 0.3329326923076923 0.055288461538461536 0.11778846153846154
0 0.33679361351377746 0.25346084717223655 0.040812319859485226 0.05948368263645188
0 0.4069948980998882 0.23819474931674448 0.03531898297739177 0.042432837691510766
0 0.4261991349527077 0.2085088884655231 0.025409750687263803 0.03477345549393636
0 0.46630336800328426 0.19584422536206672 0.025213852237434945 0.02996576318624405
0 0.46981527815258123 0.25686239995012106 0.05562719368221991 0.06977083285589049
0 0.4576307714549134 0.3498023401422295 0.09383976893803012 0.12433486225064104
0 0.5103378404807652 0.2633725256104294 0.04071437063457078 0.05707983648260573
0 0.5524541227855302 0.2602112861883486 0.04022462450999857 0.04506060571337496
0 0.5781577211475374 0.21822629223287393 0.03031539221987054 0.03740122351580055
0 0.5485014411241182 0.21001041929260195 0.020602058379571495 0.03454953362591832
0 0.5217652857570672 0.21845352802823947 0.030217442994956108 0.0349973773619544
0 0.6165519329055532 0.306411206656947 0.055823092132048766 0.07457852516358279
0 0.6245695074009148 0.2568524581680783 0.040420522959827426 0.049868298021067264
0 0.6240756711329004 0.21008941910208728 0.025311801462349372 0.03236960934009007
0 0.6645492588486271 0.2178014678393187 0.03031539221987054 0.03740122351580055
0 0.6843677234288831 0.20248270344416974 0.020602058379571495 0.03454953362591832
0 0.7024271921041212 0.2892154396534732 0.05601899058187776 0.0793862174712751
0 0.7379502538182261 0.3595394493247136 0.0990392581453802 0.13417416873404384
0 0.7447128404807652 0.2524563345445508 0.03600462755179297 0.05925976076843384
0 0.7103957919870254 0.24085861424152763 0.03561283065213512 0.04964437615304922
0 0.730997850366597 0.20630908061560937 0.025605649137092658 0.03958114780162853
0 0.8503616797905741 0.2799259960580729 0.04302026756350257 0.05478795126276859
0 0.882889109857904 0.30600277375117746 0.07054001672986925 0.08246182922917537
0 0.9603365384615384 0.36778846153846156 0.07932692307692307 0.1346153846153846
0 0.9891826923076923 0.24879807692307693 0.021634615384615384 0.07932692307692307
0 0.9580674528235863 0.25691488834082576 0.03600462755179297 0.05925976076843384
0 0.9519068234581571 0.2020182900713957 0.030609239894614095 0.04461276197733888
0 0.9168061811651017 0.20965133899914173 0.035221033752477274 0.04002899153766461
0 0.8876661796442046 0.21820640866878832 0.025605649137092658 0.03958114780162866
0 0.8700291303900161 0.20943073105847135 0.023103853758332075 0.037065340713773494
0 0.8396872057921959 0.21804178119512244 0.025409750687263803 0.03477345549393622
0 0.7937916980413403 0.19618655786983666 0.027813596841109955 0.034885416427945376
0 0.808877977304311 0.20867996564493188 0.025311801462349372 0.03236960934009021
0 0.8314431103256136 0.18483577877731236 0.028107444515853237 0.04209695488948384
0 0.025240384615384616 0.7836538461538461 0.05048076923076923 0.14903846153846154
0 0.23317307692307693 0.7536057692307693 0.0673076923076923 0.0889423076923077
0 0.8260028381994194 0.945175595536408 0.05361514442803161 0.07927425653726608