0 0.17672304510083783 0.3125 0.08501568095694759 0.15144230769230768
0 0.4338942307692308 0.28725961538461536 0.05048076923076923 0.1466346153846154
0 0.47115384615384615 0.3425480769230769 0.02403846153846154 0.1466346153846154
0 0.4675480769230769 0.23317307692307693 0.016826923076923076 0.07692307692307693
0 0.5294800749162788 0.21033653846153846 0.019482502251435517 0.04326923076923077
0 0.5474879433184028 0.21394230769230768 0.03158564402755514 0.057692307692307696
0 0.5405071601258085 0.17427884615384615 0.03147376268503672 0.038461538461538464
0 0.6195124243429913 0.22956730769230768 0.06551919353769729 0.10576923076923077
0 0.657184602178143 0.15865384615384615 0.024276209391313038 0.040865384615384616
0 0.7277694122729569 0.21514423076923078 0.09468700624359136 0.16105769230769232
0 0.7652947458460535 0.16947115384615385 0.05337409625813331 0.08413461538461539
0 0.9039564324783734 0.09375 0.07280065783830955 0.11778846153846154
0 0.14783653846153846 0.9879807692307693 0.06009615384615385 0.02403846153846154
0 0.09323094608055367 0.9326923076923077 0.02911187203463492 0.04567307692307692
0 0.1415665947620505 0.8882211538461539 0.021886348405281808 0.04326923076923077
0 0.17515051507682272 0.9002403846153846 0.029139842370264766 0.05048076923076923
0 0.23885943073765312 0.8990384615384616 0.029125857202449843 0.04807692307692308
0 0.24639423076923078 0.9771634615384616 0.05048076923076923 0.04567307692307692
0 0.27363828154544095 0.9122596153846154 0.031515718188481076 0.04567307692307692
0 0.28952899973392204 0.8665865384615384 0.029097886866820268 0.04326923076923077
0 0.3651942129088167 0.8762019230769231 0.031501733020666424 0.04326923076923077
0 0.41446606647875556 0.8774038461538461 0.031543688524110644 0.05048076923076923
0 0.40024038461538464 0.9771634615384616 0.06009615384615385 0.04567307692307692
0 0.4362980769230769 0.9675480769230769 0.04567307692307692 0.06490384615384616
0 0.4212370721541279 0.953125 0.04366081546804505 0.0673076923076923
1 0.7199519230769231 0.5456730769230769 0.10817307692307693 0.07211538461538461