0 0.3329272327700639 0.32725667601225783 0.029937095404167353 0.06468583083377889
0 0.24341847465340294 0.3664482441599992 0.027533249250321197 0.0645036782642973
0 0.20449538399424336 0.3958049929640121 0.034954584165323974 0.07706936674197283
0 0.19242811064214244 0.3307010628653915 0.02736541208754991 0.054888293648912824
0 0.16541935252548148 0.3651566642066119 0.024961565933703758 0.0547061410794311
0 0.11850239323478864 0.3711124854653488 0.032382900848706396 0.06727182955710663
0 0.07247266234082264 0.395006076593191 0.029979054694860244 0.06708967698762518
0 0.004807692307692308 0.4375 0.009615384615384616 0.09615384615384616
0 0.5396634615384616 0.0625 0.08413461538461539 0.125
0 0.5612980769230769 0.025240384615384616 0.06009615384615385 0.05048076923076923
0 0.9879807692307693 0.028846153846153848 0.02403846153846154 0.057692307692307696
1 0.05231270542263371 0.6049976606993358 0.04469584665278713 0.08500951548143763
1 0.14365885926878763 0.5980758630590359 0.037022755993627414 0.058020750080685045
1 0.16875238636674725 0.6045767226179409 0.029769258241396066 0.05507044621839427
1 0.3515705719311335 0.5835215888758027 0.034576950549088374 0.05543475135735744