0 0.019230769230769232 0.14423076923076922 0.038461538461538464 0.0673076923076923
0 0.313109252363914 0.10606558753035703 0.05300637782888957 0.07972323882067232
0 0.3690300372547337 0.13034962402247338 0.06579583590311508 0.0924425100643019
0 0.4257819306726854 0.10429289937870025 0.045024612062356355 0.06728398376680221
0 0.531121308075644 0.1795832962450002 0.09291520666155588 0.14191951409002274
0 0.5490104078711974 0.12465670921418312 0.0675835002129655 0.08296713354379702
0 0.4150093626941525 0.02948179814926489 0.0391386015276713 0.05017704450011966
0 0.59375 0.078125 0.009615384615384616 0.06490384615384616
0 0.8509615384615384 0.39783653846153844 0.08653846153846154 0.06009615384615385
0 0.8914062817389314 0.3464846441510772 0.03688880083482415 0.05244088255908608
0 0.9532273762671424 0.29738136890344585 0.02906108052928994 0.042405473659062116
0 0.7584134615384616 0.390625 0.055288461538461536 0.07451923076923077
0 0.7741569793139663 0.3449315792617242 0.026657234375443786 0.042265465564182245
0 0.6153846153846154 0.39783653846153844 0.03365384615384615 0.06009615384615385
0 0.7011943446630874 0.3623529759542711 0.026503188914444784 0.03986161941033609
1 0.6598557692307693 0.5396634615384616 0.12259615384615384 0.22355769230769232