0 0.03245192307692308 0.328125 0.042067307692307696 0.07932692307692307
0 0.11177884615384616 0.30408653846153844 0.051682692307692304 0.09495192307692307
0 0.18509615384615385 0.38822115384615385 0.057692307692307696 0.1045673076923077
0 0.2247596153846154 0.5384615384615384 0.078125 0.12620192307692307
0 0.3137019230769231 0.4110576923076923 0.06370192307692307 0.10817307692307693
0 0.25240384615384615 0.36538461538461536 0.04807692307692308 0.0733173076923077
0 0.27403846153846156 0.3137019230769231 0.036057692307692304 0.07572115384615384
0 0.37259615384615385 0.33533653846153844 0.042067307692307696 0.08173076923076923
0 0.4795673076923077 0.484375 0.1045673076923077 0.21514423076923078
0 0.4699519230769231 0.3713942307692308 0.04807692307692308 0.07932692307692307
0 0.5528846153846154 0.3389423076923077 0.038461538461538464 0.07572115384615384
0 0.6394230769230769 0.30649038461538464 0.042067307692307696 0.06971153846153846
0 0.6370192307692307 0.4795673076923077 0.08173076923076923 0.12980769230769232
0 0.703125 0.3786057692307692 0.05048076923076923 0.08533653846153846
0 0.8137019230769231 0.32572115384615385 0.051682692307692304 0.09495192307692307
0 0.6670673076923077 0.65625 0.10576923076923077 0.19951923076923078
0 0.9194711538461539 0.5348557692307693 0.09014423076923077 0.18990384615384615
0 0.9014423076923077 0.38822115384615385 0.06370192307692307 0.1045673076923077
0 0.9675480769230769 0.38341346153846156 0.057692307692307696 0.1201923076923077