0 0.7788461538461539 0.3701923076923077 0.09735576923076923 0.13701923076923078
0 0.8485576923076923 0.5084134615384616 0.021634615384615384 0.046875
0 0.8629807692307693 0.49278846153846156 0.026442307692307692 0.051682692307692304
0 0.6225961538461539 0.4543269230769231 0.028846153846153848 0.04447115384615385
0 0.5661057692307693 0.46033653846153844 0.03365384615384615 0.05048076923076923
0 0.5480769230769231 0.4483173076923077 0.027644230769230768 0.04326923076923077
0 0.48677884615384615 0.44711538461538464 0.027644230769230768 0.039663461538461536
0 0.4639423076923077 0.45552884615384615 0.025240384615384616 0.04326923076923077
0 0.4567307692307692 0.42788461538461536 0.02403846153846154 0.037259615384615384
0 0.42908653846153844 0.45552884615384615 0.03245192307692308 0.056490384615384616
0 0.36538461538461536 0.4675480769230769 0.037259615384615384 0.05889423076923077
0 0.3545673076923077 0.5192307692307693 0.04447115384615385 0.07451923076923077
0 0.26322115384615385 0.5396634615384616 0.04807692307692308 0.08173076923076923
0 0.30288461538461536 0.46033653846153844 0.037259615384615384 0.06490384615384616
0 0.21514423076923078 0.44711538461538464 0.040865384615384616 0.06129807692307692
0 0.2247596153846154 0.40865384615384615 0.03245192307692308 0.039663461538461536
0 0.2548076923076923 0.40024038461538464 0.025240384615384616 0.038461538461538464
0 0.2848557692307692 0.40625 0.02283653846153846 0.037259615384615384
0 0.32091346153846156 0.4254807692307692 0.02283653846153846 0.038461538461538464
0 0.3389423076923077 0.4170673076923077 0.020432692307692308 0.04326923076923077
0 0.18389423076923078 0.42788461538461536 0.028846153846153848 0.046875
0 0.15384615384615385 0.44471153846153844 0.037259615384615384 0.05889423076923077
0 0.11298076923076923 0.4579326923076923 0.052884615384615384 0.08173076923076923
0 0.13942307692307693 0.4170673076923077 0.028846153846153848 0.04807692307692308
0 0.036057692307692304 0.4411057692307692 0.038461538461538464 0.06009615384615385
0 0.07211538461538461 0.3870192307692308 0.030048076923076924 0.04326923076923077
0 0.016826923076923076 0.38221153846153844 0.026442307692307692 0.04447115384615385