0 0.009615384615384616 0.4519230769230769 0.019230769230769232 0.04807692307692308
0 0.034109053056761256 0.4867979169865392 0.061389398756282694 0.0627397305880341
0 0.05367835382059697 0.4611821357931631 0.036580709912826276 0.04861740694558396
0 0.14456237128375393 0.4604019213364682 0.047274412755203644 0.06628556717179471
0 0.2257539814010268 0.4616648671059839 0.12176136050770972 0.14690376727336157
0 0.4426106961552646 0.5466734110773519 0.08456446875088758 0.08867097571239299
0 0.3158230318454142 0.5482044186900297 0.0757193114404977 0.0998489693323361
0 0.4117135267910373 0.4692992042333347 0.0441003392963626 0.05405602711524205
0 0.44797184667915957 0.48166441027984475 0.0391386015276713 0.051231562386752
0 0.47836538461538464 0.47836538461538464 0.019230769230769232 0.057692307692307696
0 0.6548691180679777 0.45668881737086947 0.12638272433767833 0.21901915188874618
0 0.8486905091859034 0.6213996809971518 0.1962769064656282 0.3398718087437319
0 0.9362980769230769 0.6189903846153846 0.12740384615384615 0.2956730769230769