0 0.2501917688849361 0.15193480462526665 0.1476323397687424 0.20282028904561963
0 0.30012584170714063 0.09063572276314055 0.0798607576586963 0.10275194295042749
0 0.14512198590990033 0.1784350723359505 0.12268459609782721 0.17101078764284183
0 0.07211538461538461 0.28365384615384615 0.14423076923076922 0.2403846153846154
0 0.38461538461538464 0.09134615384615384 0.052884615384615384 0.18269230769230768
0 0.42908653846153844 0.018028846153846152 0.09375 0.036057692307692304
0 0.5901442307692307 0.030048076923076924 0.08413461538461539 0.06009615384615385
0 0.019230769230769232 0.9783653846153846 0.038461538461538464 0.04326923076923077
0 0.07541406053902641 0.9519750073071579 0.059720706295473484 0.07105434182820516
0 0.12379807692307693 0.9795673076923077 0.055288461538461536 0.040865384615384616
0 0.18990384615384615 0.9771634615384616 0.0673076923076923 0.04567307692307692
0 0.42480184146362593 0.6943468576106837 0.09731718375039498 0.12477820931698726
0 0.5628352715344396 0.7260134688456195 0.09038542440653458 0.13422574351153843
0 0.9675480769230769 0.5625 0.06490384615384616 0.12980769230769232
0 0.9555288461538461 0.8076923076923077 0.0889423076923077 0.14903846153846154
0 0.9759615384615384 0.7487980769230769 0.04807692307692308 0.12740384615384615