0 0.047122951984086114 0.19524276190776446 0.07449635543516742 0.14311820010156687
0 0.12680091889657966 0.1439365562236478 0.0895909856177009 0.16361082505626767
0 0.21152314338321979 0.11974880809045704 0.06918499818288272 0.12827450460384604
0 0.30280062027778354 0.07941028673896153 0.06868133323828993 0.11385142768076911
0 0.33880107330091774 0.11220818509316384 0.043803430125507796 0.08770987326908834
0 0.4495192307692308 0.04567307692307692 0.0673076923076923 0.09134615384615384
0 0.24969087729374587 0.12479732103176772 0.04637516459421785 0.0927278748641024
1 0.7716994118479952 0.21017581135320584 0.16755192684164724 0.26868810527093984
0 0.10817307692307693 0.4639423076923077 0.07211538461538461 0.07211538461538461
0 0.15967639229947367 0.4914383419123935 0.0804487315352245 0.10769143565584034
0 0.23677884615384615 0.46153846153846156 0.0985576923076923 0.0673076923076923
0 0.28365384615384615 0.44350961538461536 0.08653846153846154 0.03125
0 0.42427884615384615 0.5036057692307693 0.16105769230769232 0.15144230769230768
1 0.5877403846153846 0.5 0.11778846153846154 0.14423076923076922
1 0.984375 0.44711538461538464 0.03125 0.038461538461538464
1 0.8305288461538461 0.4519230769230769 0.0985576923076923 0.04807692307692308
1 0.953125 0.4483173076923077 0.05048076923076923 0.040865384615384616