0 0.15625 0.4110576923076923 0.125 0.1778846153846154
0 0.051682692307692304 0.35216346153846156 0.10336538461538461 0.20432692307692307
0 0.021634615384615384 0.20552884615384615 0.04326923076923077 0.13221153846153846
0 0.2932692307692308 0.3088942307692308 0.09134615384615384 0.17067307692307693
0 0.3125 0.4266826923076923 0.052884615384615384 0.1466346153846154
0 0.3161057692307692 0.23557692307692307 0.04567307692307692 0.13942307692307693
0 0.390625 0.49158653846153844 0.026442307692307692 0.016826923076923076
0 0.43509615384615385 0.4879807692307692 0.02403846153846154 0.02403846153846154
0 0.7811540422923822 0.12666122337471403 0.021679499853630473 0.061778628144729314
0 0.8568037792915713 0.10214112056901584 0.023691549107818642 0.052373552816666585
0 0.8548957609230363 0.37862865025797604 0.026683090611151636 0.06700693902706525
0 0.921875 0.4879807692307692 0.03125 0.02403846153846154
0 0.9720434623561117 0.43199272681865963 0.028988987540083364 0.06481340216054139
0 0.9808426391334921 0.1776655857326196 0.024181295232391056 0.06439278358589735
0 0.9605834030411213 0.15074272681865958 0.021091804504143632 0.047355551221652394
0 0.03125 0.9290865384615384 0.0625 0.10336538461538461
0 0.04065511710908373 0.8618829107519228 0.04581591061700644 0.06628556717179471
0 0.08819331944897736 0.8528679426522078 0.038016676805981274 0.051231562386752
0 0.10129408183570923 0.8216778752992162 0.038016676805981274 0.051231562386752
0 0.14608152559111393 0.8627230578556264 0.04821975677085259 0.06649587645911673
0 0.18125767487457622 0.84424308178084 0.040812319859485205 0.061057256289458635
0 0.20105369722032462 0.8304057107230765 0.033404882948117824 0.055618636119800544
0 0.2189356195367991 0.8283772611472217 0.031001036794271738 0.055408326832478524
0 0.17699688359079774 0.7396757740885322 0.030609239894613956 0.04579294221709391
0 0.36950456449176106 0.5229100917133189 0.025605649137092727 0.040564631334757836
0 0.36189713898712267 0.5713477007178772 0.036004627551792935 0.06063663771481473
0 0.4295476535820155 0.5856498223013529 0.02570359836200722 0.04296847748860399
0 0.42704994834669713 0.524351745378276 0.023103853758332075 0.03795047589358966
0 0.4732352136288538 0.5703097748860395 0.023495650657989923 0.047565860508974274
0 0.47728584451518025 0.5227586250274212 0.020895906054314912 0.04254785891396008
0 0.5248689313240888 0.5736295014865379 0.028401292190596658 0.05039032523746433
0 0.5690462374954994 0.5703086848404552 0.02550769991217823 0.03816078518091168
0 0.6157212489022282 0.6282859451174494 0.02550769991217823 0.03816078518091168
0 0.556729068908083 0.6207295214242159 0.025605649137092658 0.040564631334757836
0 0.5311683042400055 0.64005073464829 0.031098986019186096 0.05781217298632468
0 0.490031514184385 0.6592068605816946 0.03860437215546798 0.06565463930982893
0 0.4243175418532736 0.6630387397957261 0.03889821983021133 0.07286617777136738
0 0.42496438361939853 0.8846584265208686 0.07990643813952539 0.1387311263685183
0 0.5625 0.9254807692307693 0.08653846153846154 0.14903846153846154
0 0.6654510383723705 0.8494092799249991 0.06651591822149236 0.10402573377806262
0 0.5423916707795942 0.7979232762998569 0.061708225913800055 0.10360511520341859
0 0.48438307317803553 0.7557213926631761 0.05111334904927096 0.07872541651566937
0 0.6158640825961578 0.6905756358301276 0.04061642140965642 0.05624956398176632
0 0.6473365134239365 0.6693763496705121 0.031196935244100662 0.06021601914017083
0 0.6636512481417797 0.6288863616331188 0.023299752208160933 0.04275816820128197
0 0.6749848343366094 0.6131109849928055 0.028107444515853376 0.04317878677592587
0 0.6946788173140012 0.6555536892631045 0.026291293711493927 0.05739155441168091
0 0.7331893303879967 0.6601205609371785 0.030707189119528387 0.04819678837094006
0 0.7616926619469501 0.6542308108465803 0.028107444515853237 0.04317878677592587
0 0.7860025289256474 0.6336025199019221 0.026095395261664933 0.052583862103988604
0 0.9177018790281062 0.6032073776559816 0.0261933444865795 0.05498770825783476
0 0.9915865384615384 0.7752403846153846 0.016826923076923076 0.07451923076923077