0 0.1582409602936442 0.3687223227722226 0.16094944055759702 0.28290087290669474
0 0.4776344505516233 0.08396026767151099 0.05962243506417791 0.11562434597264949
0 0.5260862774759676 0.26453477184024327 0.09913295579303713 0.17908544841595428
0 0.7297303090719995 0.638858621981625 0.14092144480366395 0.23554532168504247
0 0.5985576923076923 0.3762019230769231 0.019230769230769232 0.07451923076923077
0 0.5973557692307693 0.3016826923076923 0.016826923076923076 0.04567307692307692
0 0.6259149150887997 0.3299180791701576 0.03727451173778435 0.07286617777136738
0 0.6375294493042711 0.28329861045413196 0.024709810189546825 0.040564631334757836
0 0.6656473988554779 0.3912466674395309 0.049713335413943474 0.09795618574643875
0 0.694766288091135 0.3730979559916677 0.04225004120824794 0.0829021809613959
0 0.6969332748539933 0.3177043398095452 0.029643380369317532 0.04819678837094006
0 0.6974787456329999 0.2864543398095452 0.02711365634339298 0.040774940622079855
0 0.7335783972313852 0.28089585434587 0.022305964035700673 0.04035432204743582
0 0.7656168106935574 0.3704996012464399 0.049587457541864936 0.09074464728490028
0 0.8115687062983151 0.41928318552827765 0.05945459790140662 0.10600896135726473
0 0.7605932386402235 0.3145349898493601 0.03208918581385671 0.05081094381210823
0 0.7574700012524218 0.2872062230111123 0.02226400474500778 0.03795047589358966
0 0.7902575986548876 0.2651362784014969 0.02226400474500778 0.03795047589358966
0 0.855209487391604 0.3254585422309131 0.03714863386570581 0.06565463930982893
0 0.8255600237301088 0.3052508698608988 0.029643380369317532 0.04819678837094006
0 0.8440294424362297 0.2784331655905996 0.027197574924778624 0.04558263292977202
0 0.893266329299383 0.2765256713543461 0.029685339660010558 0.05060063452478621
0 0.907869409969586 0.40245735249693876 0.061942362636638285 0.11102696295227907
0 0.96875 0.4266826923076923 0.0625 0.14182692307692307
0 0.9399585957834428 0.35164640868483055 0.03963639860093775 0.07067264090484325
0 0.9154944580458756 0.30938350235555695 0.03221506368593525 0.058022482273646696
0 0.9221544424362299 0.27159811375263676 0.029643380369317532 0.04819678837094006
0 0.9651719174613036 0.28223562350391884 0.02972729895070331 0.053004480678632365
0 0.9939903846153846 0.35096153846153844 0.01201923076923077 0.057692307692307696
0 0.6670673076923077 0.8701923076923077 0.13221153846153846 0.16346153846153846
0 0.78125 0.8413461538461539 0.10096153846153846 0.10576923076923077
0 0.8341346153846154 0.8028846153846154 0.08173076923076923 0.028846153846153848
0 0.9603365384615384 0.8942307692307693 0.07932692307692307 0.21153846153846154