0 0.013221153846153846 0.28125 0.026442307692307692 0.04807692307692308
0 0.02834664737200665 0.30504567819939477 0.033714727375983314 0.04064675133477321
0 0.053540449867960374 0.28533589906613727 0.031002790300139218 0.03567096572913979
0 0.08240274522247656 0.32041030157751804 0.048753986143056045 0.05127069573780464
0 0.09177092013800034 0.2862521755298484 0.03852241968367555 0.0409829379306553
0 0.13148096379589283 0.30142343561869533 0.031156835761138223 0.03807481188298594
0 0.15242237460601296 0.3107279036295329 0.05177401414089808 0.061054173651130236
0 0.19328775922139757 0.3078703175645337 0.04215862952551346 0.06038180045936578
0 0.23453825748927956 0.29900311611491903 0.04363820291336587 0.04612681683422997
0 0.2207940860379917 0.3454326128787311 0.05688979737058826 0.06619805255470478
0 0.13942307692307693 0.4543269230769231 0.11057692307692307 0.09134615384615384
0 0.027644230769230768 0.3858173076923077 0.055288461538461536 0.08413461538461539
0 0.28725961538461536 0.46153846153846156 0.09375 0.07692307692307693
0 0.2928020073118083 0.3607384595992189 0.05960173444643228 0.07117383816033833
0 0.28414133607348596 0.3278410332861078 0.04138840222051858 0.04836256969013501
0 0.3307852678819875 0.328168983207025 0.04138840222051858 0.04836256969013501
0 0.4127166646931866 0.33799476442805604 0.05208210506289609 0.06586186595882254
0 0.40313356309452664 0.412850181793169 0.07510312959650196 0.08900932102490809
0 0.49375422934946056 0.3430968999903652 0.049216122526052924 0.058482234199343106
0 0.5395204705113994 0.37579272633923494 0.07060352821080766 0.09348082673671818
0 0.5874899302467542 0.3927795060391341 0.060063870829429024 0.07838537662187679
0 0.5964729915097807 0.36463099537607985 0.05161996867989908 0.058650327497284084
0 0.8509615384615384 0.13581730769230768 0.2980769230769231 0.27163461538461536
0 0.5012019230769231 0.5360576923076923 0.09375 0.07211538461538461
0 0.3412174619217978 0.6110411395288009 0.04712036729420464 0.06312183320909416
0 0.3167938867308389 0.6187316878928276 0.0426207659085102 0.06759333892090424
0 0.29326414369480513 0.631145881915576 0.06517965405911934 0.08352925552545133
0 0.152732307933667 0.6768689388548833 0.08866281497572223 0.11388824905307533
0 0.06568512789277764 0.672187036537427 0.07889338489933867 0.11081202970746472
0 0.030048076923076924 0.6790865384615384 0.06009615384615385 0.14182692307692307
0 0.09972224529346506 0.5704943482264885 0.04231267498651233 0.06278564661321194
0 0.11776723295567357 0.6063251705786044 0.0496782589090498 0.06569377266088157
0 0.15789283087713196 0.5963400927010372 0.049370167987051926 0.060886080353189126
0 0.19581521022517406 0.6020640614724406 0.04456247567935962 0.0605498937573069
0 0.03310775756026807 0.5643836528765326 0.049832304370048666 0.06809761881472773
0 0.013221153846153846 0.5612980769230769 0.026442307692307692 0.06971153846153846
0 0.6790865384615384 0.6165865384615384 0.0985576923076923 0.18509615384615385
0 0.8464817633955186 0.6382739336945839 0.11476474872930709 0.185112627196084
0 0.9747596153846154 0.7331730769230769 0.05048076923076923 0.20673076923076922
0 0.9723557692307693 0.8569711538461539 0.055288461538461536 0.25240384615384615