0 0.27919648930577 0.2386022388071819 0.05480682027122496 0.07944268169630006
0 0.33164577546538554 0.26815661639489835 0.06787759747706527 0.09209181365883665
0 0.3909154028126077 0.24710424451318447 0.04654373537307681 0.06704551021108593
0 0.48770126687400384 0.3305664118237318 0.09612224476196556 0.14142853912237122
0 0.5104620719925935 0.27553502157223464 0.0694402064816239 0.08260240928211306
0 0.38693314695826275 0.16954615558715963 0.04026387805413105 0.04996662665684039
0 0.5774237890230065 0.23493692986309864 0.04633342608575493 0.06464166405723965
1 0.7566754147752145 0.08443768395835857 0.07959607496566933 0.11663419615194283
1 0.8952583445945879 0.1824591300499282 0.05501712955854684 0.0818465278501462
1 0.9939903846153846 0.16346153846153846 0.01201923076923077 0.052884615384615384
1 0.1088704777055566 0.7792019909199434 0.05700035713774916 0.07716481578111506