0 0.042067307692307696 0.12980769230769232 0.08413461538461539 0.25961538461538464
0 0.49038461538461536 0.1622596153846154 0.08173076923076923 0.19471153846153846
0 0.6862980769230769 0.203125 0.16105769230769232 0.11298076923076923
0 0.8545673076923077 0.10336538461538461 0.19471153846153846 0.20673076923076922
0 0.05251762045245037 0.5735882878586562 0.05134787898447503 0.0762820580753046
0 0.14485591275769522 0.5948489840736377 0.05129193641971979 0.07147436576761229
0 0.25534892198748543 0.6059219537770522 0.04408039795818133 0.07122253329531603
0 0.34276763685552764 0.636630146292554 0.041564666674824696 0.061523204522499327
0 0.3495735917225908 0.6717377479956196 0.05621151385692258 0.08125763869786108
0 0.4362980769230769 0.6887019230769231 0.026442307692307692 0.09375
0 0.5899459055966454 0.4238934893171805 0.06837060103804138 0.09369659025425228
0 0.6250385886623102 0.5080853439863542 0.07829366975957967 0.12047467457628833
0 0.7327081825025903 0.5551320618400287 0.09042478565832085 0.13050977997883337
0 0.7915299588699349 0.8734203791640323 0.07091430360377557 0.105799765180915
0 0.8404032214293058 0.9099970036221592 0.05878318770503445 0.09576465977837009
0 0.938681200913222 0.9374771756153363 0.06361885129510424 0.09833639424708042
0 0.9819711538461539 0.9242788461538461 0.036057692307692304 0.09375