0 0.12740384615384615 0.5240384615384616 0.055288461538461536 0.08774038461538461
0 0.21153846153846154 0.3870192307692308 0.037259615384615384 0.056490384615384616
0 0.35697115384615385 0.5024038461538461 0.03365384615384615 0.06971153846153846
0 0.37740384615384615 0.49399038461538464 0.02283653846153846 0.05889423076923077
0 0.4338942307692308 0.47115384615384615 0.06850961538461539 0.11778846153846154
0 0.5817307692307693 0.34375 0.07572115384615384 0.12620192307692307
0 0.5012019230769231 0.5204326923076923 0.03365384615384615 0.06009615384615385
0 0.7259615384615384 0.46875 0.028846153846153848 0.05048076923076923
0 0.7920673076923077 0.4735576923076923 0.03485576923076923 0.04567307692307692
0 0.7788461538461539 0.45552884615384615 0.02403846153846154 0.042067307692307696
0 0.8918269230769231 0.4723557692307692 0.028846153846153848 0.0625
0 0.9855769230769231 0.48197115384615385 0.028846153846153848 0.05048076923076923