0 0.015625 0.5216346153846154 0.03125 0.0625
0 0.1045673076923077 0.49412609117990536 0.04326923076923077 0.058314140901401856
0 0.18389423076923078 0.4789636277324635 0.03365384615384615 0.0576417677096374
0 0.26322115384615385 0.4625992412080984 0.036057692307692304 0.06502139946911697
0 0.3605769230769231 0.4449741549491749 0.040865384615384616 0.06776143221884535
0 0.4423076923076923 0.44166282897302267 0.04326923076923077 0.07754491013217109
0 0.546875 0.42233153974335264 0.036057692307692304 0.06742524562296313
0 0.4074519230769231 0.5805288461538461 0.05048076923076923 0.036057692307692304
0 0.47475961538461536 0.5889423076923077 0.055288461538461536 0.019230769230769232
0 0.5456730769230769 0.5733173076923077 0.057692307692307696 0.05048076923076923
0 0.5841346153846154 0.5733173076923077 0.028846153846153848 0.05048076923076923
0 0.6598557692307693 0.4673135302589752 0.04567307692307692 0.07530915727626605
0 0.7331730769230769 0.4681963000563861 0.04326923076923077 0.058314140901401995
0 0.8088942307692307 0.4412667457866251 0.040865384615384616 0.07016527837269151
0 0.8762019230769231 0.4305505180596581 0.040865384615384616 0.07016527837269151
0 0.9507211538461539 0.4109165489004061 0.04567307692307692 0.06569377266088143
0 0.3545673076923077 0.9519230769230769 0.17067307692307693 0.09615384615384616
0 0.38822115384615385 0.890937596503867 0.1201923076923077 0.1646546648970565
0 0.12259615384615384 0.9362980769230769 0.1346153846153846 0.12740384615384615
0 0.23076923076923078 0.8214188613651647 0.0985576923076923 0.13189182521558634
0 0.11298076923076923 0.8428765868104341 0.08413461538461539 0.11886403465870875
0 0.07091346153846154 0.7797124502936346 0.057692307692307696 0.08816885453520265
0 0.028846153846153848 0.7405867753152967 0.05048076923076923 0.07564534387214841
0 0.03125 0.8257211538461539 0.0625 0.09375
0 0.03365384615384615 0.90625 0.0673076923076923 0.1346153846153846
0 0.1141826923076923 0.7286098478537711 0.04807692307692308 0.06586186595882254
0 0.18629807692307693 0.7319805104539987 0.04807692307692308 0.073073404420361
0 0.203125 0.7091692419837954 0.038461538461538464 0.07240103122859655
0 0.2439903846153846 0.7231385789957193 0.04807692307692308 0.08509263518959177
0 0.2932692307692308 0.7136830510033108 0.04326923076923077 0.06792952551678647
0 0.3557692307692308 0.7237357021799183 0.04807692307692308 0.08749648134343793
0 0.37259615384615385 0.7129436644789457 0.038461538461538464 0.07480487738244271
0 0.3942307692307692 0.6669596709513217 0.038461538461538464 0.06278564661321194
0 0.34134615384615385 0.6262019230769231 0.04326923076923077 0.055288461538461536
0 0.4567307692307692 0.7238873221279292 0.06490384615384616 0.08626928827517971
0 0.4831730769230769 0.710019065081346 0.05048076923076923 0.08526072848753302
0 0.47836538461538464 0.6730956362926128 0.038461538461538464 0.06038180045936578
0 0.46875 0.6497295479459159 0.038461538461538464 0.06278564661321194
0 0.4987980769230769 0.635609150952421 0.04326923076923077 0.06312183320909416
0 0.5348557692307693 0.6294819822525348 0.03365384615384615 0.052834075401945096
0 0.5709134615384616 0.6666240443218794 0.040865384615384616 0.07016527837269151
0 0.5829326923076923 0.6213942307692307 0.03125 0.04567307692307692