0 0.17361994050631338 0.2921612227936017 0.22387430330797067 0.2970972735448971
0 0.13341346153846154 0.06610576923076923 0.12740384615384615 0.13221153846153846
0 0.19951923076923078 0.057692307692307696 0.09615384615384616 0.11538461538461539
0 0.2531137302990343 0.11861240632595844 0.14684568938480097 0.19788269646044981
0 0.33042151915136225 0.3830548340326049 0.1985760393828975 0.2712372863116197
0 0.42493762220261344 0.3590909368118678 0.15076129840258107 0.22691100287608526
0 0.4807692307692308 0.41586538461538464 0.09615384615384616 0.20673076923076922
0 0.40804604860273425 0.08246647655007852 0.08284414814015133 0.11880965145417968
0 0.4721310232052829 0.07175959592608105 0.09599720105733257 0.14135502968620287
0 0.5168269230769231 0.14783653846153846 0.02403846153846154 0.10817307692307693
0 0.6370192307692307 0.3713942307692308 0.21634615384615385 0.2956730769230769
0 0.7041974924322454 0.2530111950295524 0.19566827227440683 0.2614397491267535
0 0.9086538461538461 0.2860576923076923 0.18269230769230768 0.27884615384615385
0 0.08680907525196115 0.7049715541114916 0.06450546219929429 0.08868842962165474
0 0.13217231238802732 0.6796773753702284 0.05679000278311118 0.07852658729782537
0 0.18086891503897196 0.7408305818826861 0.07968442055433819 0.10420442196162118
0 0.22654710277169096 0.7215460185260383 0.059445809414279654 0.08351643217499927
0 0.3393967809541569 0.7504488053146239 0.05463811710658735 0.0831521270360361
0 0.35875353042358743 0.7543098720243226 0.07753253487781436 0.1088299616998319
0 0.479381658141567 0.7945764242136607 0.056664022544450014 0.07612274114397923
0 0.6237980769230769 0.6177884615384616 0.18990384615384615 0.1971153846153846
0 0.7043269230769231 0.8918269230769231 0.15865384615384615 0.21634615384615385
0 0.7831890216739471 0.7622278311636648 0.14785353129409026 0.21711346569121906
0 0.9100463999923865 0.67008276094669 0.1245811728068799 0.1842240925658848
0 0.9603365384615384 0.6009615384615384 0.07932692307692307 0.16346153846153846
0 0.9819711538461539 0.8954326923076923 0.036057692307692304 0.20432692307692307