0 0.06129807692307692 0.13581730769230768 0.12259615384615384 0.27163461538461536
0 0.19831730769230768 0.13341346153846154 0.18990384615384615 0.2668269230769231
0 0.5272252616168515 0.20625461761521924 0.027449330668935623 0.059695985956605
0 0.45876368881510626 0.2774606587914726 0.036980796702934596 0.05561690392683903
0 0.5741273245543753 0.26991925853328 0.039510520728859216 0.06301059495785907
0 0.9511623501529776 0.12491691923261584 0.042082204045476655 0.07280813214272527
0 0.46875 0.9471153846153846 0.1201923076923077 0.10576923076923077
0 0.4362980769230769 0.8016826923076923 0.055288461538461536 0.1466346153846154
0 0.41947115384615385 0.6310096153846154 0.021634615384615384 0.06490384615384616
0 0.475599424953021 0.5764412476744205 0.02968533966001042 0.050262753910702104
0 0.45668335040244795 0.559869622076427 0.03217310439524222 0.055252598787875855
0 0.5165487281497912 0.5685369616855415 0.029853176822781845 0.05987813852608658
0 0.5533887506274783 0.5897520583970386 0.04423429445516588 0.05856720778912994
0 0.5521299719066934 0.6618674430124231 0.05907696428517102 0.08369858474448086
0 0.6420644062224599 0.6670559524260948 0.07864340784148283 0.10438657453110277
0 0.7071002135405622 0.7233448336884284 0.08614866133787139 0.1217599553164706
0 0.8999594599194386 0.745941167229777 0.12523958915980196 0.160732088735868
0 0.9783653846153846 0.6490384615384616 0.04326923076923077 0.11538461538461539
0 0.9783653846153846 0.5637019230769231 0.04326923076923077 0.07451923076923077
0 0.892477915837211 0.5556550845616749 0.04191436688270537 0.06319274752734066
0 0.8532550268510241 0.5334202173427363 0.03208918581385671 0.05044490648018355
0 0.7824519230769231 0.5204326923076923 0.026442307692307692 0.040865384615384616
0 0.7087515222307516 0.5599743715116309 0.03934268356608793 0.05339521034247446
0 0.7295889110922033 0.6040080753093735 0.058951086413092484 0.0764870462829424
0 0.669444714663179 0.5425471966003845 0.03946856143816619 0.06060674880401292
0 0.6841195473304129 0.5270312042604182 0.019818199300468874 0.0351110667096987
0 0.7295673076923077 0.5168269230769231 0.026442307692307692 0.03365384615384615
0 0.6034648233044883 0.5403448537995893 0.029685339660010558 0.050262753910701966
0 0.5686719930097582 0.539380296826303 0.024709810189546825 0.04028306415635418