0 0.1658653846153846 0.47475961538461536 0.05889423076923077 0.10697115384615384
0 0.12860576923076922 0.7463942307692307 0.09014423076923077 0.15745192307692307
0 0.4206730769230769 0.7391826923076923 0.08533653846153846 0.11298076923076923
0 0.5745192307692307 0.7487980769230769 0.07572115384615384 0.11538461538461539
0 0.5564903846153846 0.8461538461538461 0.09615384615384616 0.1310096153846154
0 0.6658653846153846 0.8810096153846154 0.08413461538461539 0.15384615384615385
0 0.7740384615384616 0.8413461538461539 0.0733173076923077 0.13942307692307693
0 0.8521634615384616 0.7740384615384616 0.08413461538461539 0.11899038461538461
0 0.8629807692307693 0.8713942307692307 0.10216346153846154 0.16346153846153846
0 0.9555288461538461 0.8233173076923077 0.08533653846153846 0.12139423076923077
0 0.2692307692307692 0.9350961538461539 0.11057692307692307 0.125
0 0.12740384615384615 0.9314903846153846 0.10817307692307693 0.0829326923076923