0 0.014423076923076924 0.2860576923076923 0.028846153846153848 0.0625
0 0.1658653846153846 0.3884634727747702 0.040865384615384616 0.07282869255716279
0 0.18509615384615385 0.37918376248492824 0.028846153846153848 0.060599665334467846
0 0.23918269230769232 0.35128169267936304 0.07932692307692307 0.12638465659286333
0 0.37259615384615385 0.21178351023589212 0.0889423076923077 0.13616787837101937
0 0.3112980769230769 0.3946077790924557 0.040865384615384616 0.06321330794177818
0 0.515625 0.32211538461538464 0.007211538461538462 0.052884615384615384
0 0.5757211538461539 0.2704326923076923 0.11298076923076923 0.2764423076923077
0 0.6045673076923077 0.0639773882352407 0.07692307692307693 0.1143234665329398
0 0.640625 0.16677023913409467 0.11057692307692307 0.19183397352571638
0 0.7223557692307693 0.33766800886380477 0.19230769230769232 0.3014336663323495
0 0.7680288461538461 0.09567677384850701 0.0889423076923077 0.13136018606332706
0 0.8990384615384616 0.04807692307692308 0.07692307692307693 0.09615384615384616
0 0.9759615384615384 0.08653846153846154 0.04807692307692308 0.15865384615384615
0 0.010817307692307692 0.8834134615384616 0.021634615384615384 0.07451923076923077
0 0.01201923076923077 0.8353365384615384 0.02403846153846154 0.06009615384615385
0 0.06009615384615385 0.9327126635831052 0.0673076923076923 0.11896332167786082
0 0.08653846153846154 0.8802896003961109 0.04567307692307692 0.08012414960008676
0 0.140625 0.8523875305905458 0.03365384615384615 0.05827973776200734
0 0.15384615384615385 0.8850702297662795 0.040865384615384616 0.0776363848648551
0 0.12259615384615384 0.812409374371888 0.028846153846153848 0.04617658841139079
0 0.17908653846153846 0.8085877253954771 0.02403846153846154 0.048496515983851435
0 0.19471153846153846 0.8328989223234421 0.03365384615384615 0.053472045454315026
0 0.22355769230769232 0.8862870491963715 0.04567307692307692 0.08012414960008676
0 0.25721153846153844 0.9495192307692307 0.0673076923076923 0.10096153846153846
0 0.20552884615384615 0.9651442307692307 0.08413461538461539 0.06971153846153846
0 0.23317307692307693 0.8503971940514504 0.036057692307692304 0.05351400474500778
0 0.2283653846153846 0.8130536600854494 0.028846153846153848 0.04858043456523708
0 0.25600961538461536 0.8075265765438016 0.026442307692307692 0.04373078296685188
0 0.2692307692307692 0.8341996603349199 0.03125 0.05583393231746843
0 0.28846153846153844 0.8225161038912318 0.026442307692307692 0.0581538598899288
0 0.31490384615384615 0.8001411176273143 0.026442307692307692 0.04373078296685188
0 0.36658653846153844 0.813062473146441 0.026442307692307692 0.048538475274544184
0 0.34615384615384615 0.9088596653293981 0.05048076923076923 0.08982345279685716
0 0.31490384615384615 0.9023045791657759 0.036057692307692304 0.06312938936039239
0 0.43509615384615385 0.9543269230769231 0.07692307692307693 0.09134615384615384
0 0.4050480769230769 0.8666184371821418 0.04567307692307692 0.08493184190777921
0 0.42427884615384615 0.8405118038153767 0.04326923076923077 0.06806295954016324
0 0.44711538461538464 0.8108623401538816 0.03125 0.048622393855929966
0 0.47596153846153844 0.8967023901037341 0.04567307692307692 0.08973953421547137
0 0.5024038461538461 0.859375 0.03365384615384615 0.07451923076923077
0 0.3870192307692308 0.8098133578865608 0.021634615384615384 0.04845455669315868
0 0.8353365384615384 0.6120476042654374 0.06009615384615385 0.09479898226732075
0 0.7235576923076923 0.6233176510943745 0.06971153846153846 0.0973706655839382
0 0.640625 0.6266777478731643 0.07211538461538461 0.10222031718232326
0 0.5588942307692307 0.6048184396819157 0.057692307692307696 0.08754548451508953