0 0.06123431926993001 0.11253582596102109 0.0551010363618016 0.08285688233368688
0 0.014423076923076924 0.051682692307692304 0.028846153846153848 0.07932692307692307
0 0.21875 0.014423076923076924 0.038461538461538464 0.028846153846153848
0 0.35336538461538464 0.01201923076923077 0.03365384615384615 0.02403846153846154
0 0.38461538461538464 0.015625 0.03365384615384615 0.03125
0 0.4098557692307692 0.010817307692307692 0.036057692307692304 0.021634615384615384
0 0.45913461538461536 0.009615384615384616 0.028846153846153848 0.019230769230769232
0 0.5060096153846154 0.009615384615384616 0.026442307692307692 0.019230769230769232
0 0.8307592021113647 0.06589761249088255 0.08098331167459022 0.07509052399565465
0 0.9459134615384616 0.11057692307692307 0.10817307692307693 0.08653846153846154
0 0.25961538461538464 0.9723557692307693 0.08173076923076923 0.055288461538461536
0 0.2512019230769231 0.9579326923076923 0.06490384615384616 0.08413461538461539
0 0.3666616673280409 0.93306368085381 0.08520726306187335 0.1065086172935959
0 0.46056465126859614 0.7840927926143888 0.06329263148749849 0.1001880853044333
0 0.5588942307692307 0.890625 0.07932692307692307 0.18509615384615385
0 0.7783872020244881 0.8608313028895945 0.11598982169545408 0.18287687434017905
0 0.5966642183011241 0.786647698749806 0.08011955456442156 0.10136473839002122
0 0.5862906434343459 0.7535821791387539 0.06231257482333993 0.08336116222751021
0 0.5408653846153846 0.7295673076923077 0.04326923076923077 0.06971153846153846
0 0.5228365384615384 0.7055288461538461 0.007211538461538462 0.05048076923076923
0 0.5264423076923077 0.8016826923076923 0.014423076923076924 0.0985576923076923