0 0.5588942307692307 0.16346153846153846 0.021634615384615384 0.07692307692307693
0 0.5661057692307693 0.046875 0.036057692307692304 0.06971153846153846
0 0.6081730769230769 0.015625 0.03365384615384615 0.03125
0 0.6095631930535688 0.14518176064217536 0.0420402447547839 0.06754544016054381
0 0.6439154507960241 0.11653839172933612 0.03942660214747357 0.05551222422349839
0 0.6833542195278525 0.0350453703514184 0.03719059315639871 0.06511362367106809
0 0.703125 0.01201923076923077 0.021634615384615384 0.02403846153846154
0 0.6975553334131104 0.1601152961904924 0.0445280094900157 0.0723671176360509
0 0.7413551386081789 0.12191248333352768 0.03461890983978126 0.05548425388786868
0 0.7238149075894776 0.0809492025434395 0.03208918581385664 0.04825873025851543
0 0.7438489866355881 0.05823153800832678 0.02711365634339298 0.03861537530750125
0 0.7463942307692307 0.014423076923076924 0.021634615384615384 0.028846153846153848
0 0.7901365565658884 0.024850402626869165 0.022138126872929247 0.028972020356487056
0 0.7799066789432805 0.058441315525548716 0.024667850898853934 0.036197543985840304
0 0.7829608941028655 0.09571491607797888 0.027239534215471376 0.045826913769039704
0 0.7828079532932631 0.15580407734022533 0.0396783578916305 0.06993530114657517
0 0.8209967563652983 0.14040284002526213 0.03221506368593511 0.055470268720053895
0 0.8323865977741366 0.10441507355664374 0.029643380369317532 0.045840898936854356
0 0.8172921721999743 0.06586962408821656 0.024667850898853934 0.03619754398584017
0 0.8323087624849284 0.03110475844824351 0.019734280719083095 0.028958035188672133
0 0.8401442307692307 0.009615384615384616 0.021634615384615384 0.019230769230769232
0 0.8966346153846154 0.008413461538461538 0.019230769230769232 0.016826923076923076
0 0.8889250249723913 0.03864494835342965 0.02222204545431503 0.03377971266417937
0 0.8724757355117039 0.060181667563341465 0.02222204545431503 0.03377971266417937
0 0.8781645729239457 0.11069040712974033 0.02711365634339298 0.03861537530750125
0 0.8717292813402244 0.15511960547244977 0.03714863386570581 0.06270977751722193
0 0.904900595651103 0.12767116705262613 0.03221506368593511 0.055470268720053895
0 0.9279949731489759 0.0737244802692356 0.02226400474500778 0.03618355881802552
0 0.9237178552671212 0.035241964055975024 0.02222204545431503 0.03377971266417937
0 0.9521653958516934 0.012573247608214135 0.01724651598385143 0.024136357713165177
0 0.9867788461538461 0.07932692307692307 0.026442307692307692 0.038461538461538464
0 0.9576803128089864 0.12196922535993625 0.029643380369317532 0.045840898936854495
0 0.9551025462001915 0.18084247837744483 0.03959443931024499 0.06512760883888287
0 0.9831730769230769 0.15985576923076922 0.03365384615384615 0.05048076923076923
0 0.17643639610116374 0.9076275390297575 0.12338121378496283 0.18339156608304755
0 0.09711555631641805 0.8386634056911612 0.0739196341151763 0.10378493964982848
0 0.06129472339971373 0.7831721592193852 0.06156472902040292 0.08448424457998531
0 0.03597042020294346 0.7782176226496375 0.05186542582363263 0.07962061160103386
0 0.02450274350489689 0.7408950740098554 0.034576950549088444 0.053080407734022526
0 0.10836462350000886 0.7257595548833733 0.02943358391585349 0.03382166816762373
0 0.13526848338993774 0.7523556994216438 0.03204722652316382 0.04585488410466928
0 0.16259801947897223 0.7344876826976677 0.034451072677009975 0.04586886927248406
0 0.1478751442288681 0.7860794714145639 0.04431821303655152 0.0603478868668202
0 0.2518130625607834 0.7506301339068153 0.027155615634085868 0.0410192214613474
0 0.3133838748733636 0.7666117556860925 0.03217310439524222 0.05306642256620774
0 0.3194293662564945 0.8375531875601836 0.05671507742201776 0.08205242809050958
0 0.37862339535275247 0.7862201244478614 0.03693883741224177 0.05069054674799116
0 0.4162816239989497 0.8092734330105291 0.0444021316179373 0.0651555791745125
0 0.4554205944037509 0.7794561113563964 0.032047226523163684 0.04585488410466928
0 0.4778883123100455 0.8961615237443605 0.10343713661241558 0.1424143001251445
0 0.6038086869364736 0.8216353003912223 0.04174652971993408 0.05071851708362073
0 0.6268008959764285 0.9683887897022636 0.03938464285678068 0.0531083780696521
0 0.7198585676799969 0.9292707497085791 0.03938464285678068 0.0531083780696521
0 0.6575264048427681 0.9385225199607791 0.03449303196770286 0.04827271542633022
0 0.7524038461538461 0.9855769230769231 0.052884615384615384 0.028846153846153848
0 0.9268830519456159 0.9473003972175746 0.044150375873779964 0.050732502251435656