0 0.01201923076923077 0.35216346153846156 0.02403846153846154 0.055288461538461536
0 0.036057692307692304 0.3557692307692308 0.0625 0.04807692307692308
0 0.025512947851888325 0.32034872777050033 0.041388402220518615 0.047016183441990315
0 0.08731974327739303 0.32898348736957383 0.05494808759973891 0.07147436576761215
0 0.07326563849845116 0.2863018657023676 0.04185053860351546 0.05422772190352877
0 0.13942307692307693 0.34615384615384615 0.07692307692307693 0.0673076923076923
0 0.11983254757645323 0.28947264694013425 0.03913860152767143 0.049336085438404245
0 0.12866156337848075 0.26398042985245335 0.036580709912826276 0.04684829512712614
0 0.17034375741829105 0.26852102248200727 0.04410033929636267 0.05190781990711471
0 0.18643089380128788 0.26076384699716026 0.03417686375898012 0.04676435096969405
0 0.22309046885026979 0.30625376839953083 0.060371961751427033 0.08125763869786108
0 0.25721153846153844 0.34975961538461536 0.07692307692307693 0.06009615384615385
0 0.22453775922139757 0.24624155871080908 0.0392926469886703 0.051739931592250536
0 0.24575682034244697 0.27068447383058886 0.03913860152767143 0.049336085438404384
0 0.2824306944941351 0.259809926853723 0.03913860152767143 0.049336085438404245
0 0.31015194799386536 0.2576426459663309 0.03975478337166731 0.05895147005378899
0 0.32169290087173685 0.22725879241352567 0.04215862952551346 0.059035414211221084
0 0.34767307218104765 0.23354694514331117 0.0426207659085102 0.06624695267275954
0 0.3551479618508093 0.30404068589461225 0.07075757367180639 0.0936126460968202
0 0.4038249252633659 0.25557074690340265 0.05479404213873998 0.06907051961376613
0 0.403885806485503 0.21719315259929625 0.034484954680977994 0.05157204327738636
0 0.45165463864042815 0.2203219617583469 0.05223615052389482 0.06658272930248789
0 0.5064039410653933 0.2268047076758704 0.060371961751427033 0.08125763869786108
0 0.48704956698469376 0.2106913099371201 0.04440843021836061 0.056715512214807015
0 0.5460978432149235 0.2062308319261878 0.05285233236789056 0.07619811391787251
0 0.6887019230769231 0.056490384615384616 0.12259615384615384 0.11298076923076923
1 0.7632211538461539 0.11298076923076923 0.026442307692307692 0.17307692307692307
1 0.8834134615384616 0.07932692307692307 0.18509615384615385 0.15865384615384615
1 0.7896634615384616 0.109375 0.07932692307692307 0.13221153846153846
0 0.15264423076923078 0.9543269230769231 0.2620192307692308 0.09134615384615384
0 0.06400492692449535 0.8666742612083813 0.11276215773632092 0.15024421415419498
0 0.021634615384615384 0.9194711538461539 0.04326923076923077 0.11298076923076923
0 0.15769404570235815 0.9017780333726364 0.09408668912741028 0.12081045120601666
0 0.17473589546241738 0.8604089838126593 0.06339198974926906 0.09095696747067777
0 0.26003646609591896 0.595997344556614 0.07633549328449345 0.10579976518091513
0 0.31309311085555175 0.7224625377728651 0.06339198974926893 0.09095696747067777
0 0.3786615633784808 0.822107674588364 0.08068104920918902 0.09875611503424071
0 0.34375 0.9338942307692307 0.09615384615384616 0.13221153846153846
0 0.41346153846153844 0.9555288461538461 0.1201923076923077 0.0889423076923077
0 0.6105769230769231 0.9278846153846154 0.2548076923076923 0.14423076923076922
0 0.5256204111934563 0.8493550599044978 0.11005022066047697 0.14535257768907073
0 0.48512215631655065 0.7140566843626247 0.06579583590311536 0.09104091162810973
0 0.570408427847346 0.506009513485816 0.06727540929096748 0.07670177886246501
0 0.6265496666382702 0.7714780628379836 0.07633549328449345 0.10579976518091513
0 0.6919460897861818 0.7428112349737256 0.0785852939773406 0.10347986318450107
0 0.6903608954624173 0.8424029620434769 0.10191440943294448 0.1306776682936974
0 0.7175480769230769 0.8942307692307693 0.06490384615384616 0.21153846153846154
0 0.7259615384615384 0.7199519230769231 0.04807692307692308 0.0889423076923077
0 0.4157187087770101 0.711683372620463 0.06564179044211621 0.08863706547426371