0 0.14423076923076922 0.14302884615384615 0.25 0.2860576923076923
0 0.22638269620628115 0.28899946901674917 0.055791927579794114 0.09105161911629896
0 0.4723557692307692 0.25961538461538464 0.11298076923076923 0.15865384615384615
0 0.5132211538461539 0.2980769230769231 0.03125 0.08173076923076923
0 0.5661057692307693 0.19831730769230768 0.07451923076923077 0.11778846153846154
0 0.6189903846153846 0.2824519230769231 0.11298076923076923 0.11298076923076923
0 0.748401102350654 0.17986925340468526 0.08966953641867711 0.13226029697304276
0 0.10417113447503426 0.6075098778656962 0.0678251435168398 0.09443658648271835
0 0.15110207514629342 0.6209516352101168 0.06062759022311613 0.09625175990902061
0 0.14041143531946834 0.8483358986129281 0.17679537500536008 0.24028590816510914
0 0.1865871769287285 0.7319699636496565 0.1356502870336796 0.188873172965437
0 0.2438669221704997 0.665765883931547 0.08481988860754044 0.12465631002647506
0 0.3017759999639368 0.7077348811365145 0.07998422596421843 0.1194561692337534
0 0.3738004809885252 0.6979966084119545 0.0896835215864919 0.13466414312688904
0 0.3775592857101078 0.5181005953585223 0.05085836876176873 0.06902455524665421
0 0.5084134615384616 0.7752403846153846 0.040865384615384616 0.11778846153846154
0 0.501092445799853 0.6891657240344627 0.04849647811136693 0.07603986946567814
0 0.5180288461538461 0.7079326923076923 0.021634615384615384 0.06971153846153846
0 0.64637829384549 0.7062152342704817 0.0968670897124008 0.13044512354674062
0 0.7136160603141082 0.6996902822916617 0.07753842430692792 0.11204840652970013