0 0.65625 0.010817307692307692 0.0673076923076923 0.021634615384615384
0 0.06009615384615385 0.4987980769230769 0.1201923076923077 0.14182692307692307
0 0.27890172631082544 0.6179097229406815 0.19056201522535565 0.2675583721714026
0 0.3173076923076923 0.47836538461538464 0.125 0.10096153846153846
0 0.5793269230769231 0.8016826923076923 0.0625 0.1658653846153846
0 0.5697115384615384 0.7199519230769231 0.04326923076923077 0.12259615384615384
0 0.6298474640764236 0.7351337953954056 0.0676672881897434 0.0910922757755009
0 0.622606504314173 0.6800274864264255 0.04852696295227906 0.0633749000968221
0 0.6704878287541303 0.7018069722216603 0.09465007975071196 0.1265676476241629
0 0.7610831894443012 0.6586453297041864 0.059404203291595244 0.07852658729782537
0 0.8266926067574777 0.7032792853362525 0.08136899325754963 0.11123380785367806
0 0.8171529554850421 0.6495570520136772 0.04936820010156687 0.07299028471220673
0 0.8750555724646716 0.6475892364999656 0.06703636032777774 0.08388073731396244
0 0.9175887207282756 0.6358970287108356 0.05093080910612521 0.0635570526663037
0 0.8761387202931619 0.5216784736525577 0.038070341187606646 0.05303090520351129