0 0.40821558790194834 0.6787108780563625 0.11589838136969878 0.1740622502420554
0 0.24278846153846154 0.7103365384615384 0.17307692307692307 0.19471153846153846
0 0.05048076923076923 0.7451923076923077 0.08653846153846154 0.125
0 0.9603365384615384 0.4639423076923077 0.07932692307692307 0.1778846153846154
0 0.8986760673176538 0.29122117330468816 0.06871051791015258 0.08664888860677177
0 0.7593386180587575 0.2742328678501295 0.0887250136789848 0.10493303223954752
0 0.6137906508897084 0.33915748419582176 0.10013177323851369 0.14412318097901233
0 0.6076460552286032 0.2653668637045173 0.06904640071217957 0.09386042706831023
0 0.5600961538461539 0.3173076923076923 0.02403846153846154 0.09615384615384616
0 0.5710351861055611 0.17711730353955019 0.04366440796560992 0.06319274752734066
0 0.5600961538461539 0.14903846153846154 0.02403846153846154 0.052884615384615384
0 0.6382309174792444 0.1744208777479122 0.04332852516358286 0.0559812090658022
0 0.667159385062231 0.19618243216785408 0.04539648851540202 0.04895182317374532
0 0.6683382887966733 0.11944150781425875 0.030973411592325098 0.04785890775685581
0 0.7151276611324928 0.143442687193858 0.030637528790298036 0.04064736929531735
0 0.7623385439345198 0.13267917362742884 0.025829836482605728 0.04028306415635418
0 0.7679793153925846 0.21728710181104097 0.041148600877754675 0.06060674880401292
0 0.8371343631114255 0.17252336832709536 0.043552447031600834 0.060788901373494506
0 0.8268241935495061 0.11102520745924402 0.030525567856289015 0.0382435231414712
0 0.8597766269021221 0.14924937981714578 0.03634090857006237 0.06024244366504975
0 0.8735872326154971 0.10987707850819947 0.030637528790298036 0.04064736929531735
0 0.9042214474784475 0.1207302489510928 0.03326529681216223 0.04563721417249124
0 0.920626860089163 0.1542198739107502 0.035669142966008247 0.04581936674197283
0 0.9653219358033348 0.14604235906764879 0.033489218680180136 0.05044490648018355
0 0.9445006941539587 0.10450357770849297 0.037849067251836496 0.041193827003762104
0 0.9879807692307693 0.109375 0.02403846153846154 0.03125
0 0.9903846153846154 0.171875 0.019230769230769232 0.055288461538461536