0 0.3839364568482413 0.05889423076923077 0.047491641187984227 0.0625
0 0.36392343321706605 0.0733173076923077 0.0403500475058652 0.06490384615384616
0 0.34765606837549906 0.09254807692307693 0.06480817772084385 0.07932692307692307
0 0.23592144334748952 0.17668269230769232 0.08735207523791289 0.11057692307692307
0 0.15124938029043644 0.19951923076923078 0.07759680106368914 0.10576923076923077
0 0.09789726201280279 0.2247596153846154 0.10728229226287721 0.1346153846153846
0 0.1362225240061668 0.09615384615384616 0.04268394888029192 0.0625
0 0.16947881204641418 0.12379807692307693 0.049895487341830386 0.0625
0 0.2025031551854848 0.10216346153846154 0.04982554256241082 0.06009615384615385
0 0.24199175477539756 0.09615384615384616 0.04494790547529895 0.057692307692307696
0 0.06936947276470125 0.11177884615384616 0.04996543212124981 0.06490384615384616
0 0.0383992518823793 0.12139423076923077 0.05250916783393496 0.06971153846153846
0 0.020432692307692308 0.16105769230769232 0.040865384615384616 0.09134615384615384
0 0.014423076923076924 0.11057692307692307 0.028846153846153848 0.04807692307692308
0 0.4963942307692308 0.4735576923076923 0.055288461538461536 0.10576923076923077
0 0.671875 0.5 0.12259615384615384 0.11538461538461539
0 0.6380374751804095 0.3762019230769231 0.08933625271524193 0.09615384615384616
0 0.6085397077565617 0.3125 0.07944108898217926 0.08653846153846154
0 0.58844749060984 0.24158653846153846 0.06445845382374629 0.0673076923076923
0 0.49399038461538464 0.2956730769230769 0.05048076923076923 0.08653846153846154
0 0.5132509226093325 0.25961538461538464 0.06226444200815863 0.07451923076923077
0 0.6354402696057607 0.20432692307692307 0.05979065107489298 0.07211538461538461
0 0.7053009463622651 0.2920673076923077 0.08693240656139577 0.09615384615384616
0 0.7308247231859923 0.1778846153846154 0.062334386787578265 0.07692307692307693
0 0.8307206150387823 0.30649038461538464 0.07456345189506745 0.08413461538461539
0 0.814478973850798 0.2439903846153846 0.062334386787578265 0.07692307692307693
0 0.8142876369847933 0.4026442307692308 0.09463355847887091 0.11298076923076923
0 0.9867788461538461 0.4423076923076923 0.026442307692307692 0.15865384615384615
0 0.9771634615384616 0.3293269230769231 0.04567307692307692 0.10096153846153846
0 0.9639423076923077 0.24759615384615385 0.07211538461538461 0.09134615384615384
0 0.8630362616475308 0.1778846153846154 0.05271900217219365 0.07692307692307693
0 0.889482182430503 0.054086538461538464 0.07166999228528476 0.0673076923076923
0 0.964106330368863 0.057692307692307696 0.05972070629547342 0.06971153846153846
0 0.9891826923076923 0.19831730769230768 0.021634615384615384 0.07451923076923077
0 0.0889423076923077 0.9182692307692307 0.1778846153846154 0.16346153846153846
0 0.20460511165873457 0.8341346153846154 0.18525454087724663 0.17067307692307693
0 0.16335864384720708 0.6971153846153846 0.08884663925930525 0.07932692307692307
0 0.16892647999238714 0.640625 0.09358438678757813 0.07692307692307693
0 0.2860576923076923 0.6105769230769231 0.1346153846153846 0.10576923076923077
0 0.41012832216711825 0.6274038461538461 0.11372443815080101 0.10817307692307693
0 0.44711538461538464 0.734375 0.04326923076923077 0.1466346153846154
0 0.39302884615384615 0.5889423076923077 0.07932692307692307 0.0625
0 0.7644230769230769 0.9771634615384616 0.04326923076923077 0.04567307692307692