0 0.06850961538461539 0.359375 0.13341346153846154 0.4423076923076923
0 0.14903846153846154 0.5336538461538461 0.040865384615384616 0.0625
0 0.203125 0.5324519230769231 0.042067307692307696 0.06971153846153846
0 0.34615384615384615 0.5504807692307693 0.040865384615384616 0.07692307692307693
0 0.3449519230769231 0.4987980769230769 0.03125 0.04927884615384615
0 0.40024038461538464 0.5144230769230769 0.026442307692307692 0.05048076923076923
0 0.4254807692307692 0.5504807692307693 0.039663461538461536 0.07692307692307693
0 0.4411057692307692 0.5120192307692307 0.028846153846153848 0.057692307692307696
0 0.42427884615384615 0.49158653846153844 0.02283653846153846 0.04567307692307692
0 0.47596153846153844 0.49759615384615385 0.02283653846153846 0.039663461538461536
0 0.48677884615384615 0.5228365384615384 0.03365384615384615 0.06370192307692307
0 0.43990384615384615 0.4266826923076923 0.021634615384615384 0.040865384615384616
0 0.47596153846153844 0.41466346153846156 0.026442307692307692 0.042067307692307696
0 0.5084134615384616 0.43028846153846156 0.02403846153846154 0.042067307692307696
0 0.5444711538461539 0.49158653846153844 0.02283653846153846 0.04447115384615385
0 0.5528846153846154 0.4266826923076923 0.021634615384615384 0.040865384615384616
0 0.5685096153846154 0.5036057692307693 0.02283653846153846 0.051682692307692304
0 0.5709134615384616 0.5649038461538461 0.03365384615384615 0.0673076923076923
0 0.6466346153846154 0.578125 0.03245192307692308 0.06971153846153846
0 0.5865384615384616 0.4254807692307692 0.02283653846153846 0.04447115384615385
0 0.609375 0.4375 0.020432692307692308 0.046875
0 0.6274038461538461 0.41586538461538464 0.019230769230769232 0.036057692307692304
0 0.6466346153846154 0.4375 0.02283653846153846 0.04567307692307692
0 0.6526442307692307 0.4098557692307692 0.021634615384615384 0.039663461538461536
0 0.6730769230769231 0.4951923076923077 0.019230769230769232 0.037259615384615384
0 0.6802884615384616 0.42908653846153844 0.019230769230769232 0.039663461538461536
0 0.7127403846153846 0.5024038461538461 0.028846153846153848 0.0625
0 0.7259615384615384 0.6057692307692307 0.05889423076923077 0.10096153846153846
0 0.7524038461538461 0.5264423076923077 0.03365384615384615 0.057692307692307696
0 0.7572115384615384 0.4254807692307692 0.026442307692307692 0.04447115384615385
0 0.7932692307692307 0.5012019230769231 0.030048076923076924 0.04447115384615385
0 0.8497596153846154 0.5372596153846154 0.039663461538461536 0.0673076923076923
0 0.890625 0.671875 0.06129807692307692 0.11538461538461539
0 0.9747596153846154 0.5769230769230769 0.04927884615384615 0.09495192307692307
0 0.9110576923076923 0.5396634615384616 0.04447115384615385 0.07692307692307693
0 0.9507211538461539 0.4987980769230769 0.040865384615384616 0.06971153846153846
0 0.8870192307692307 0.5132211538461539 0.03245192307692308 0.06370192307692307