0 0.038461538461538464 0.4651442307692308 0.07692307692307693 0.13221153846153846
0 0.3523717053408534 0.3226940101494315 0.12560377936119294 0.11409115826880321
0 0.38822115384615385 0.12139423076923077 0.06009615384615385 0.09375
0 0.5697115384615384 0.125 0.18269230769230768 0.25
0 0.7211538461538461 0.16947115384615385 0.30288461538461536 0.3389423076923077
0 0.042067307692307696 0.8389423076923077 0.08413461538461539 0.2692307692307692
0 0.09940468786098676 0.7443374499382481 0.08007059199695486 0.1149029741173788
0 0.08653846153846154 0.6923076923076923 0.052884615384615384 0.028846153846153848
0 0.19471153846153846 0.6995192307692307 0.0673076923076923 0.04326923076923077
0 0.4699519230769231 0.8341346153846154 0.10336538461538461 0.21634615384615385
0 0.5132211538461539 0.7415865384615384 0.10336538461538461 0.12740384615384615
0 0.46274038461538464 0.7151442307692307 0.07932692307692307 0.07451923076923077
0 0.6526442307692307 0.7211538461538461 0.0985576923076923 0.08653846153846154
0 0.7692307692307693 0.71875 0.09615384615384616 0.08173076923076923
0 0.9543269230769231 0.7956730769230769 0.09134615384615384 0.23557692307692307