0 0.01201923076923077 0.11177884615384616 0.02403846153846154 0.06009615384615385
0 0.009615384615384616 0.18509615384615385 0.019230769230769232 0.07211538461538461
0 0.05492158250568179 0.08397976029049276 0.03394798415153515 0.06401176286393383
0 0.09512475989410006 0.104611644575461 0.03355553566650594 0.059204070556241654
0 0.1222292748133741 0.08045231360798036 0.02914029184384285 0.06375980238661157
0 0.11281051117266991 0.1958369289925957 0.036351830305381444 0.06413774310259512
0 0.16635733378425158 0.17029181539984237 0.03954057342928617 0.0738791079566409
0 0.16341357341436574 0.08906496712371782 0.03394798415153529 0.0640117628639339
0 0.2008694130414958 0.0847084272706237 0.026343997204967478 0.0588261298402581
0 0.22591357341436574 0.08578948091852771 0.0261477729624528 0.05642228368641194
0 0.2178683794712643 0.18434717322622 0.033163087181476585 0.05439637824854934
0 0.26844726082329085 0.1804996651374127 0.038755676459227464 0.06426372334125616
0 0.2721017885655644 0.0917463278030967 0.03434043263656451 0.0688194551716262
0 0.30391588367127326 0.06853695943521688 0.02595154871993799 0.054018437532565786
0 0.3104899908937634 0.16393492415709604 0.03635183030538131 0.06413774310259512
0 0.35162493588500215 0.0851851337734324 0.02914029184384285 0.0637598023866115
0 0.3764482943935224 0.07430994677143622 0.028551619116298957 0.05654826392507303
0 0.35944992306200246 0.15059801169156523 0.03635183030538131 0.06413774310259512
0 0.3931283468376839 0.1631943751540554 0.03635183030538131 0.06413774310259512
0 0.4086058811066735 0.07621498278027981 0.02914029184384285 0.06375980238661164
0 0.4446389957925308 0.05996519239661612 0.038755676459227464 0.06426372334125621
0 0.4464054107073285 0.15561511759581764 0.03674427879041066 0.06894543541028729
0 0.5024038461538461 0.09495192307692307 0.014423076923076924 0.07451923076923077
1 0.09014423076923077 0.609375 0.18028846153846154 0.28125
0 0.5626488542935907 0.7726356860806369 0.05597504802118003 0.0699532773195766
0 0.6027295403049995 0.8387516769306905 0.09654589790670969 0.12713144243795546
0 0.776493049864641 0.7626253679167172 0.07456798928073506 0.09246975437482
0 0.6953017981177456 0.7309769839621654 0.048763509559641566 0.06957533660359311
0 0.6489908932234546 0.7118619733507731 0.04160112634177315 0.04047722228011694
0 0.5720678163003777 0.7158933409879301 0.04238602331183185 0.05009260689550169
0 0.531177854063158 0.7036749182414235 0.03478203636526404 0.04490697387182575
0 0.515625 0.6887019230769231 0.01201923076923077 0.036057692307692304
0 0.5390024445079926 0.6518032555757394 0.021585460140945277 0.029853995755443154
0 0.584822788795997 0.676927881571747 0.021781684383459954 0.032257841909289306
0 0.6173974016160125 0.6883853120766447 0.021585460140945277 0.029853995755443154
0 0.5935062074424784 0.7171633649938258 0.022174132868489238 0.03706553421698162
0 0.5520765293553019 0.6822343840244418 0.019181613987099125 0.02972801551678199
0 0.533532544973334 0.6748287643952696 0.01638531934822362 0.02479434297042852
0 0.573588454996825 0.6679423981496682 0.01638531934822362 0.02479434297042852
0 0.5996383142041033 0.6713643078320877 0.01638531934822362 0.02479434297042852
0 0.6120499934583634 0.6659267143310897 0.015992870863194265 0.01998665066273621
0 0.630471288097239 0.6601741702334387 0.01638531934822362 0.02479434297042852
0 0.6512228943905384 0.6698576557777959 0.016973992075767576 0.03200588143196698
0 0.6635610391453761 0.6799820721574673 0.019377838229613732 0.03213186167062814
0 0.6682460417099759 0.6665719479533218 0.015992870863194335 0.01998665066273621
0 0.6931185554621664 0.6844169345588182 0.024381754779820852 0.03478766830179662
0 0.7184080953212212 0.7118143156603688 0.032378190211417884 0.04478099363316473
0 0.7562809610552155 0.7170101703033287 0.0427784717968612 0.054900299203193864
0 0.8312172179313106 0.7226571774008869 0.037970779489168896 0.05464833872587167
0 0.8069087992848293 0.6832405655301057 0.021781684383459884 0.032257841909289306
0 0.7877761421753173 0.6830464843624717 0.027178049418696358 0.03972134084815009
0 0.7850288044140291 0.6580580602244095 0.02099678741340118 0.02264245729390469
0 0.7541958305208936 0.6692481978230584 0.021585460140945208 0.029853995755443154
0 0.7373934850658055 0.684490146297433 0.01878916550206984 0.02492032320908968
0 0.7247610039471957 0.6779714991485309 0.0219779086259747 0.03466168806313546
0 0.710705797887313 0.6595596014690592 0.021389235898430534 0.027450149601596998
0 0.8077672307543102 0.6580631710340514 0.016385319348223685 0.02479434297042852
0 0.8198845736447983 0.6562313467638228 0.016189095105708873 0.022390496816582364
0 0.8400475072105537 0.6731263707697184 0.02457797902233539 0.037191514455642775
0 0.8853527132704363 0.6899005253465951 0.032378190211417884 0.04478099363316473
0 0.9025231279548015 0.7141330680526905 0.037970779489168896 0.054648338725871534
0 0.9151558074394942 0.779293985493501 0.06456015618032122 0.08715814111248317
0 0.871076705346204 0.6595323870172233 0.015992870863194335 0.01998665066273621
0 0.8906018109407452 0.6549187758771647 0.015992870863194335 0.01998665066273621
0 0.9009285580267663 0.6603614801878048 0.016189095105709008 0.022390496816582364
0 0.9118685554621664 0.672952732840653 0.021585460140945346 0.029853995755443154
0 0.917951705346204 0.6570757723633307 0.01878916550206984 0.02492032320908968
0 0.9358089048793705 0.6728948535309645 0.021781684383459884 0.032257841909289306
0 0.9373786988194879 0.6536640843001952 0.016385319348223685 0.02479434297042852
0 0.9629379974204796 0.6630956093672302 0.01918161398709919 0.02972801551678199
0 0.9693892165337944 0.6866931400703777 0.032378190211418016 0.04478099363316473
0 0.9903846153846154 0.7403846153846154 0.019230769230769232 0.0625
0 0.9915865384615384 0.6766826923076923 0.016826923076923076 0.040865384615384616
0 0.9915865384615384 0.6478365384615384 0.016826923076923076 0.026442307692307692
0 0.9608039100085703 0.6452557335713759 0.013589024709348179 0.019860670424075046