0 0.021634615384615384 0.4735576923076923 0.04326923076923077 0.19230769230769232
0 0.04679968428731744 0.38298851663040906 0.09191954572656048 0.09908912868465446
0 0.13328919773842723 0.3750785211332802 0.06788108418809895 0.09894927700650659
0 0.4209116261310778 0.23252597204028655 0.10175869302698168 0.1376066078174522
0 0.5805288461538461 0.30408653846153844 0.06490384615384616 0.21394230769230768
0 0.7475961538461539 0.056490384615384616 0.12980769230769232 0.11298076923076923
0 0.7805811160103381 0.3303144801181651 0.11402965681687888 0.18094576442575688
0 0.9314903846153846 0.40865384615384615 0.13701923076923078 0.2644230769230769
0 0.051740235689250284 0.9011152589589588 0.09460309523670264 0.14718003692939247
0 0.15124811805319938 0.8584264126540421 0.060669545726560484 0.09890732150306224
0 0.21033653846153846 0.9375 0.0889423076923077 0.125
0 0.28360650077679317 0.8844359814992406 0.06792303969154344 0.10616081546804505
0 0.4388355835263131 0.7098642481764331 0.05345800726502203 0.09886536599961787
0 0.5240384615384616 0.8257211538461539 0.04807692307692308 0.17548076923076922
0 0.5733173076923077 0.5769230769230769 0.04567307692307692 0.014423076923076924
0 0.5877403846153846 0.8305288461538461 0.07932692307692307 0.17067307692307693
0 0.7008773947575648 0.7618669966335668 0.07995625562858887 0.10863458746096527
0 0.5899088869818274 0.693915986606394 0.07514856332089662 0.10860661712533556
0 0.5600961538461539 0.6430288461538461 0.02403846153846154 0.08413461538461539
0 0.6915269269755121 0.6007603562385226 0.048426552272293005 0.06037585720244984
0 0.7271634615384616 0.5925480769230769 0.040865384615384616 0.04567307692307692
0 0.7776442307692307 0.5877403846153846 0.036057692307692304 0.036057692307692304
0 0.8161057692307693 0.5901442307692307 0.036057692307692304 0.040865384615384616
0 0.8461538461538461 0.5889423076923077 0.03365384615384615 0.038461538461538464
0 0.875 0.5829326923076923 0.03365384615384615 0.026442307692307692