0 0.11899038461538461 0.078125 0.2091346153846154 0.15625
0 0.30408653846153844 0.037259615384615384 0.13221153846153846 0.07451923076923077
0 0.4879807692307692 0.203125 0.019230769230769232 0.11778846153846154
0 0.5211755089121753 0.17730951996524633 0.04609263195752078 0.07264683898055925
0 0.4933984190487041 0.15479465125105035 0.026763966552048046 0.05559614564461522
0 0.5692594245730058 0.1779520173946173 0.02191431874091138 0.04832866461832152
0 0.5848214913178393 0.16695289636685515 0.021844392901837314 0.03630943384909075
0 0.6408503653953356 0.08696864815405828 0.02426222422349839 0.03874125128531452
0 0.615568826631656 0.2867955630294428 0.12388278928511512 0.22258038155510407
0 0.6859928072965997 0.20183579481468797 0.03165556986662907 0.07007516513244738
0 0.6655041743176482 0.192458166099513 0.03401746051703087 0.06289159795328654
0 0.717179874041433 0.19065486045147134 0.02191431874091138 0.04832866461832152
0 0.7303940353036794 0.18929909532147143 0.026763966552048046 0.05559614564461522
0 0.7764517043416633 0.25487341018706616 0.04613458746096528 0.07985837744209771
0 0.7797637850483219 0.20435068403273052 0.029153827538079415 0.053220270773146686
0 0.7508966534504459 0.20108057019049258 0.026735996216418336 0.05078845333692291
0 0.8098538174748432 0.21121258146454885 0.034003475349215946 0.06048775179944039
0 0.8277847674539858 0.1941758737697937 0.02429019455912796 0.04354894359300683
0 0.8725985579116021 0.2525526358150388 0.05092829460084266 0.07751047385300666
0 0.9122596153846154 0.36538461538461536 0.14182692307692307 0.22596153846153846
0 0.9879807692307693 0.21394230769230768 0.02403846153846154 0.04807692307692308
0 0.9542104532159456 0.2311689199065078 0.04361885996460083 0.060599636928950866
0 0.9228206015377977 0.2074940850389551 0.04361885996460083 0.06059963692895073
0 0.12259615384615384 0.5685096153846154 0.07211538461538461 0.18028846153846154
0 0.15745192307692307 0.5384615384615384 0.07451923076923077 0.1201923076923077
0 0.09975961538461539 0.515625 0.05048076923076923 0.07451923076923077
0 0.2608173076923077 0.5793269230769231 0.16105769230769232 0.20192307692307693
0 0.4074519230769231 0.6478365384615384 0.14182692307692307 0.3389423076923077
0 0.5457314216597844 0.7921609968540592 0.03882515282472317 0.06294754051804165
0 0.6431431315618128 0.8006435445331507 0.04364683030023041 0.06540732923664304
0 0.7225819359812543 0.8189512614454587 0.046120602293150355 0.07745453128825155
0 0.8272051843448213 0.8273498952774175 0.038839137992537826 0.06535138667188779
0 0.898034734876394 0.8121016655242012 0.03885312316035275 0.06775523282573423
0 0.5096153846153846 0.9819711538461539 0.0625 0.036057692307692304
0 0.6550480769230769 0.9639423076923077 0.055288461538461536 0.07211538461538461
0 0.7175480769230769 0.9819711538461539 0.06009615384615385 0.036057692307692304
0 0.7920673076923077 0.9759615384615384 0.06009615384615385 0.04807692307692308
0 0.8401442307692307 0.9819711538461539 0.055288461538461536 0.036057692307692304
0 0.9134615384615384 0.9735576923076923 0.0625 0.052884615384615384
0 0.9699519230769231 0.9867788461538461 0.05048076923076923 0.026442307692307692