0 0.22596153846153846 0.28966346153846156 0.028846153846153848 0.036057692307692304
0 0.22484350859264784 0.272306944074292 0.03035714867993141 0.04494932790778801
0 0.17307692307692307 0.28725961538461536 0.03365384615384615 0.040865384615384616
0 0.1894993416231282 0.2539743731897962 0.02761752589635691 0.03519393519752366
0 0.16537693592723457 0.25777830029244 0.02761752589635691 0.03519393519752366
0 0.12512586528674843 0.27691535693487934 0.027785414211221084 0.040001627505215964
0 0.14776781056054886 0.24680913023480755 0.025045791427646583 0.030246234794951546
0 0.11278612509363156 0.2524450168413334 0.0228098335886646 0.03491391900776405
0 0.10346454502925918 0.24459158768239095 0.02761752589635691 0.03519393519752352
0 0.40625 0.17307692307692307 0.052884615384615384 0.12980769230769232
0 0.5295863331078008 0.19128246171221455 0.08061661985008868 0.1102494898053834
0 0.5705929011651757 0.15051078968515996 0.04321582102348305 0.06968782992064836
0 0.5970619137303572 0.18255454274788877 0.04279610023632262 0.057668599151417595
0 0.6331615781167657 0.17925249824776918 0.040308309925044375 0.0551247449026917
0 0.6683531239772631 0.1676069962566279 0.030441092837363497 0.04735317406163402
0 0.6598557692307693 0.24519230769230768 0.11298076923076923 0.125
0 0.6947801644637287 0.20085267239627982 0.04992369454042899 0.05568477728221078
0 0.7043688442062395 0.16670879791035448 0.03259310651891339 0.04028164369497544
0 0.7210278789682983 0.17053643355388842 0.02512973558507853 0.03265008094879763
0 0.743303513200686 0.21961712183586002 0.09056778109520171 0.12042490680028696
0 0.7825205490791133 0.19574237693316832 0.03292888314864174 0.04989702831036005
0 0.8063071781452785 0.20155383444590907 0.05523505179271382 0.07038787039504718
0 0.8472145348393793 0.19797177375602995 0.04553572301989698 0.06742399186168194
0 0.8731112055083785 0.2120566847123525 0.040308309925044375 0.0551247449026917
0 0.8950815975227222 0.20118122724305001 0.03765263129890196 0.04777319834627337
0 0.22933452101526441 0.4333968344676282 0.13808762948178455 0.175969675987618
0 0.17548076923076922 0.8064903846153846 0.32211538461538464 0.3870192307692308
0 0.3245192307692308 0.7331730769230769 0.11057692307692307 0.2692307692307692
0 0.4651442307692308 0.47115384615384615 0.17067307692307693 0.3269230769230769
0 0.53125 0.3581730769230769 0.18269230769230768 0.10096153846153846
0 0.7199519230769231 0.39663461538461536 0.16105769230769232 0.1778846153846154
0 0.8941734789968113 0.46426349456955446 0.19044570458774393 0.30136599173136724