0 0.5120192307692307 0.15985576923076922 0.052884615384615384 0.28125
0 0.4675480769230769 0.2776442307692308 0.14182692307692307 0.3245192307692308
0 0.2167086862981557 0.26259364303450805 0.07905221527056319 0.1315421466563034
0 0.15378896551099533 0.2520291159124995 0.09797774228328872 0.19202995148440175
0 0.08052884615384616 0.21033653846153846 0.16105769230769232 0.30528846153846156
0 0.01201923076923077 0.25 0.02403846153846154 0.23557692307692307
1 0.9639423076923077 0.12379807692307693 0.07211538461538461 0.12259615384615384
1 0.6902816458116903 0.06850057093317269 0.08086845232238488 0.11477117371965825
1 0.6449023734396255 0.07797708513691202 0.038324184558358516 0.06574309825801286
1 0.31971153846153844 0.7199519230769231 0.4375 0.5600961538461539
1 0.6262019230769231 0.7752403846153846 0.17548076923076922 0.28125
1 0.8461538461538461 0.8004807692307693 0.3076923076923077 0.39903846153846156
1 0.8269230769230769 0.6862980769230769 0.34615384615384615 0.3581730769230769