0 0.47475961538461536 0.140625 0.007211538461538462 0.06009615384615385
0 0.4407584658119649 0.12619993941609403 0.032389199449129845 0.05764315244863765
0 0.3285174832751218 0.1242870506007004 0.034947091063975005 0.06024322284499835
0 0.2764423076923077 0.03125 0.038461538461538464 0.0625
0 0.44350961538461536 0.20072115384615385 0.06971153846153846 0.11778846153846154
0 0.3422814810460843 0.3054339436086429 0.04850677644319527 0.0852628055960334
0 0.11953875575716157 0.19905225595436465 0.05044848621404455 0.07824749137700948
0 0.07845660205298471 0.14253749208322788 0.044161220518499834 0.09208189557254237
0 0.015625 0.2668269230769231 0.03125 0.11538461538461539
0 0.5420673076923077 0.3545673076923077 0.06490384615384616 0.0889423076923077
0 0.4891826923076923 0.18870192307692307 0.021634615384615384 0.06490384615384616
0 0.5201481125166812 0.11805703008390107 0.03929264698867044 0.05342413286848924
0 0.5333997069739037 0.09980738206570522 0.036426664451827406 0.046016370164436236
0 0.5481147333106161 0.058721195585970914 0.023945297299599762 0.03782371049032426
0 0.5634620829996867 0.04547546411798191 0.018829514069909584 0.0326235696976026
0 0.5594246179969893 0.03306378486372186 0.015963531533066417 0.025215806993549597
0 0.5713202439162897 0.017119870878114823 0.01867546860891058 0.030219723543756443
0 0.5973557692307693 0.008413461538461538 0.026442307692307692 0.016826923076923076
0 0.6442307692307693 0.009615384615384616 0.02403846153846154 0.019230769230769232
0 0.5803069899906282 0.1785454340490014 0.04231267498651233 0.06323574172638853
0 0.6102457611664811 0.10728848090309767 0.031156835761138087 0.038412383217868426
0 0.6178728538915854 0.0825386568939998 0.026041052531448044 0.03321224242514676
0 0.6052678818894275 0.07184403894478447 0.01836737768691257 0.025412031236064274
0 0.6167783941562305 0.061909740343792825 0.018521423147911574 0.02781587738991029
0 0.6268093330351809 0.03735614057720951 0.023945297299599624 0.03782371049032426
0 0.6234650726069788 0.014127153630641697 0.015963531533066417 0.025215806993549597
0 0.6628204432234425 0.022172545939826094 0.023175069994604877 0.02580447972109349
0 0.6615880795354508 0.041403315170595326 0.023175069994604877 0.02580447972109349
0 0.6634993486952314 0.06813995922667496 0.026349143453445915 0.03801993473283907
0 0.6813275672686477 0.053888528924277694 0.021387405684754605 0.03522364009396357
0 0.6777074989351722 0.11037891353966231 0.031464926683136094 0.04322007552556073
0 0.6933790810546032 0.1297813293911112 0.0424667204475112 0.06563958788023481
0 0.6613749952579707 0.17670548463478125 0.044716521140358484 0.0634319659689032
0 0.668264143694805 0.2388865706491742 0.04456247567935962 0.061028119815057055
0 0.6838942307692307 0.3641826923076923 0.06490384615384616 0.06971153846153846
0 0.9807692307692307 0.2764423076923077 0.038461538461538464 0.07692307692307693
0 0.9203580565209972 0.17005724781462014 0.0394466924496693 0.05582797902233539
0 0.9073213887469109 0.14724528697491676 0.032235153988130844 0.05523930629479136
0 0.9819711538461539 0.14903846153846154 0.036057692307692304 0.0625
0 0.9206643050373391 0.07100899490064122 0.026349143453446053 0.03801993473283907
0 0.9159640760712148 0.05008574198666215 0.026657234375443786 0.04282762704053138
0 0.8686735218076488 0.07159786599426805 0.02890703506829121 0.04062000512919976
0 0.877070841837748 0.03482881121593943 0.02363720637760189 0.03301601818263195
0 0.8549740900701358 0.0402743314948458 0.02363720637760189 0.03301601818263195
0 0.8172989204219545 0.06257135247251042 0.026349143453446053 0.03801993473283907
0 0.8338016110685172 0.03129677485067539 0.02092526930175773 0.028012101632425103
0 0.8006564834170988 0.03946505526903502 0.018983559530908585 0.03502741585144875
0 0.7903013121077881 0.03137050771618045 0.023637206377601753 0.03301601818263195
0 0.06129807692307692 0.5168269230769231 0.12259615384615384 0.23557692307692307
0 0.15221621980861472 0.555973064360351 0.07756785697248521 0.12828665687907925
0 0.5 0.9242788461538461 0.04326923076923077 0.15144230769230768
0 0.5 0.8233173076923077 0.04326923076923077 0.08413461538461539
0 0.5707418723059868 0.824125790453787 0.08129723105318483 0.1118521822871856
0 0.6618103758412114 0.8170611226250101 0.05075657713604242 0.08305518368470206
0 0.7490706401595807 0.6997384457049173 0.04052501067666206 0.07265490209925847
0 0.8148397202629395 0.8235117466400763 0.03417686375898012 0.04822399207576758
0 0.8435784107675253 0.846397241979202 0.049370167987051926 0.0614205683000864
0 0.9174044369622608 0.8632975011894644 0.06323794428827006 0.09124784335881377
0 0.9591346153846154 0.9230769230769231 0.08173076923076923 0.15384615384615385