0 0.5865384615384616 0.4543269230769231 0.0625 0.07692307692307693
0 0.5997596153846154 0.4170673076923077 0.036057692307692304 0.055288461538461536
0 0.5092720508068347 0.48775936927135793 0.047351960071718664 0.049671862068132594
0 0.5116606297548387 0.4527776838044406 0.04461233728814416 0.039972533295316026
0 0.3572917142194397 0.3053379907959991 0.04958791791070064 0.044948113917872505
0 0.35121725142204485 0.44153304719675124 0.08905678626142415 0.07513737428293975
0 0.1330281556511956 0.4996947068325563 0.08150947117015733 0.06527015719525887
0 0.07104325826281982 0.44770677230681993 0.08888889794655998 0.07032968197524744
0 0.013221153846153846 0.4266826923076923 0.026442307692307692 0.055288461538461536
0 0.055998208287223475 0.2580967307039861 0.04237637944916218 0.04469628144557625
0 0.16960855869873337 0.27218020145852423 0.032425218204049214 0.03474512020046328
0 0.21697578597629422 0.353559926853723 0.0346611760430312 0.03002137205020306
0 0.14771067317479003 0.334317719955922 0.037232910511741525 0.03491300851532746
0 0.07567923271683748 0.3392398908327308 0.05414377774609669 0.03790446377119822
0 0.008413461538461538 0.3389423076923077 0.016826923076923076 0.052884615384615384
0 0.8746223022409553 0.11817376742572747 0.058226507048584446 0.08606533100555339
0 0.14903846153846154 0.9603365384615384 0.22596153846153846 0.07932692307692307
0 0.1846383414684875 0.8691467843138174 0.14588677704534747 0.18996491497721488
0 0.08489016375090384 0.8040369073052015 0.13943073600069786 0.211347697889534
0 0.06610576923076923 0.6658653846153846 0.0985576923076923 0.11538461538461539
0 0.018028846153846152 0.6586538461538461 0.036057692307692304 0.10096153846153846
0 0.34735582018016886 0.7732104066817728 0.1190247485658795 0.17702229847623116
0 0.375 0.9074519230769231 0.17307692307692307 0.18509615384615385
0 0.400251873231816 0.7027700756762193 0.1107219360577239 0.1455204660039349
0 0.5901442307692307 0.6935096153846154 0.055288461538461536 0.13221153846153846
0 0.6502403846153846 0.6286057692307693 0.06490384615384616 0.040865384615384616
0 0.8149038461538461 0.7475961538461539 0.23557692307692307 0.27884615384615385
0 0.9158653846153846 0.6995192307692307 0.16346153846153846 0.18269230769230768