0 0.025240384615384616 0.0733173076923077 0.05048076923076923 0.14182692307692307
0 0.05048076923076923 0.078125 0.10096153846153846 0.15625
0 0.20793269230769232 0.09975961538461539 0.1466346153846154 0.19951923076923078
0 0.2800480769230769 0.054086538461538464 0.06971153846153846 0.10817307692307693
0 0.33657287643835604 0.0867333887824325 0.07209250928132113 0.14211950271471488
0 0.4110576923076923 0.09134615384615384 0.1346153846153846 0.18269230769230768
0 0.5036057692307693 0.10096153846153846 0.03125 0.20192307692307693
1 0.9110576923076923 0.0733173076923077 0.11538461538461539 0.1466346153846154
1 0.5673076923076923 0.6334134615384616 0.09615384615384616 0.18028846153846154
1 0.6897779808670977 0.6551462502492007 0.12142859471972564 0.18182024641203862
1 0.9579326923076923 0.5973557692307693 0.08413461538461539 0.28125
1 0.9226152811604463 0.663199664873529 0.1126526516786619 0.2051300976725738