0 0.010817307692307692 0.30408653846153844 0.021634615384615384 0.06009615384615385
0 0.021674791400856135 0.2417352447375731 0.02756142416301963 0.03923093103515312
0 0.045083749924542144 0.2626704123279934 0.027631368942439193 0.04163477718899928
0 0.06462927066269913 0.2512935464003296 0.03236911647071221 0.03937082059399198
0 0.08418765322764771 0.28074709269834064 0.03547241041875319 0.06347922691187308
0 0.1064774952806215 0.3401437987502994 0.06021031975140982 0.08821713624452972
0 0.18990384615384615 0.2980769230769231 0.038461538461538464 0.08173076923076923
0 0.1971153846153846 0.2403846153846154 0.02403846153846154 0.0673076923076923
0 0.12991781310335263 0.236183883509849 0.04014021316760664 0.058811424163019904
0 0.3894230769230769 0.038461538461538464 0.12980769230769232 0.07692307692307693
0 0.6838942307692307 0.0673076923076923 0.12259615384615384 0.1346153846153846
0 0.8521634615384616 0.1201923076923077 0.18990384615384615 0.2403846153846154
0 0.02283653846153846 0.6502403846153846 0.04567307692307692 0.16105769230769232
0 0.37740384615384615 0.5709134615384616 0.20673076923076922 0.12259615384615384
0 0.24278846153846154 0.5588942307692307 0.0673076923076923 0.0985576923076923
0 0.4567307692307692 0.5228365384615384 0.038461538461538464 0.026442307692307692
0 0.546875 0.5300480769230769 0.0889423076923077 0.040865384615384616
0 0.7223557692307693 0.5564903846153846 0.1466346153846154 0.09375