0 0.14507959110746194 0.3628179939283878 0.043510013688074715 0.06537935795426555
0 0.16845485030602989 0.37630487495712894 0.046011809066835295 0.06781117539048918
0 0.22716346153846154 0.3870192307692308 0.06009615384615385 0.08173076923076923
0 0.25841346153846156 0.4026442307692308 0.06490384615384616 0.05048076923076923
0 0.30408653846153844 0.40384615384615385 0.09375 0.04807692307692308
0 0.4675480769230769 0.025240384615384616 0.036057692307692304 0.05048076923076923
0 0.47671650125675885 0.044810177495941246 0.03899616905512569 0.07253495385104877
0 0.496583940449472 0.06065894775496213 0.05101539982435646 0.07267481026293673
0 0.584177401227485 0.05807413033097561 0.06901771360025294 0.10171676308573378
0 0.6586538461538461 0.04326923076923077 0.052884615384615384 0.08653846153846154
0 0.6790865384615384 0.013221153846153846 0.040865384615384616 0.026442307692307692
0 0.7354462527044714 0.08506272009496064 0.05420283977751804 0.09193355077608359
0 0.859375 0.036057692307692304 0.12259615384615384 0.07211538461538461
0 0.9603365384615384 0.042067307692307696 0.07932692307692307 0.08413461538461539
0 0.3786057692307692 0.9795673076923077 0.036057692307692304 0.040865384615384616
0 0.32558230318681775 0.941991074952234 0.030511290669699393 0.04120104000391578
0 0.3083146085977796 0.9309779682832832 0.03090308756935724 0.05081642461930053
0 0.22115384615384615 0.9723557692307693 0.038461538461538464 0.055288461538461536
0 0.17307692307692307 0.9795673076923077 0.0625 0.040865384615384616
0 0.17973128160151794 0.9595155959579693 0.04571796139209201 0.06059963692895073
0 0.2180234539911772 0.9263232759633536 0.025703598362007085 0.04114509743916081
0 0.24812050552671133 0.9278748400699968 0.025605649137092658 0.03874125128531452
0 0.16450216864461792 0.9100829077510463 0.018002313775896485 0.02904195282279705
0 0.1343296101186768 0.936161588772445 0.03541693220230627 0.04366082872251731
0 0.10216346153846154 0.9627403846153846 0.040865384615384616 0.07451923076923077
0 0.0847079416776301 0.9271747159452425 0.0381146260308957 0.05090033846643339
0 0.07718011330684081 0.8898451723546832 0.02800949529093881 0.03876922256769214
0 0.016826923076923076 0.9603365384615384 0.03365384615384615 0.07932692307692307
0 0.027211532435151328 0.9313110974758723 0.028499241415511085 0.05078845333692291
0 0.03444960327463946 0.90256284311804 0.025605649137092658 0.03874125128531452
0 0.03020716408192631 0.8868958861944736 0.023103853758332075 0.03630943384909075
0 0.010817307692307692 0.8810096153846154 0.021634615384615384 0.036057692307692304
1 0.7497815522068147 0.9549333580399259 0.03782077835615256 0.04368880000489493
1 0.8954366753422855 0.9326011447264982 0.07024616905512569 0.07289858052195743
1 0.8085288591386739 0.9520128852274079 0.05013385680012661 0.05104019487832163
1 0.522944659490634 0.4885715344219551 0.04262847066384459 0.0437447425696501