0 0.052884615384615384 0.5144230769230769 0.10576923076923077 0.04807692307692308
0 0.020432692307692308 0.4026442307692308 0.040865384615384616 0.10336538461538461
0 0.21766724774842905 0.33998213428049506 0.0968549875112695 0.1844402540043195
0 0.0279102591120078 0.8891445470519502 0.04212416333616954 0.07497297068038396
0 0.05321358266343168 0.8945152959111013 0.036980796702934526 0.05540601485373223
0 0.04319350149428774 0.9394319529934432 0.04925178321632236 0.07066955826651486
0 0.1502403846153846 0.9639423076923077 0.12740384615384615 0.07211538461538461
0 0.10154226148451169 0.9123002387930009 0.05414339410540032 0.07581343717008952
0 0.14866901722866877 0.9300011350259297 0.036980796702934526 0.0554060148537325
0 0.18257461912667183 0.9467775181201825 0.044611928071401345 0.07994875628601725
0 0.21344698551043637 0.9273281156088019 0.03474478771185966 0.06485330617117586
0 0.2550317613597765 0.902625517553541 0.03693883741224177 0.05300216869988621
0 0.2800480769230769 0.9555288461538461 0.06009615384615385 0.0889423076923077
0 0.3389423076923077 0.9795673076923077 0.09615384615384616 0.040865384615384616
0 0.34198981580516635 0.9327153378178832 0.05920284215724955 0.09057270068904881
0 0.3366217563652982 0.8315016594094331 0.032424860139399284 0.06949290518092706
0 0.38768387237358964 0.9371110335556878 0.04191436688270537 0.06295373991115291
0 0.42427884615384615 0.9723557692307693 0.03125 0.055288461538461536
0 0.43509615384615385 0.9399038461538461 0.009615384615384616 0.0673076923076923