0 0.016826923076923076 0.25961538461538464 0.03365384615384615 0.08653846153846154
0 0.007211538461538462 0.18990384615384615 0.014423076923076924 0.04326923076923077
0 0.028437469506945454 0.20006602468429582 0.024913361635283647 0.04415077379346089
0 0.029985766347538793 0.1796333323766035 0.029174596234531336 0.03713513378175129
0 0.06252876570920265 0.17975372383602548 0.024366903926838893 0.036939235331922435
0 0.08197755026003915 0.20948142070640932 0.03321781551371162 0.0588676983912811
0 0.05407802201187885 0.22763474846311962 0.0383898129603671 0.06387128914880226
0 0.07842699456342504 0.17678462456720018 0.021416600064547982 0.029629747645469544
0 0.1201923076923077 0.3449519230769231 0.07692307692307693 0.10817307692307693
0 0.14970334183257322 0.2544382305336933 0.05980641302491508 0.09350103679427181
0 0.16760524895109277 0.2250268235725603 0.043561810407022575 0.06887487990632343
0 0.14435061122471268 0.18188207440619364 0.024913361635283647 0.04415077379346076
0 0.201769690062798 0.18783862503490967 0.025095514204765232 0.046554619947307044
0 0.25124862016141863 0.20311671260426692 0.03248920523578555 0.049252313775896485
0 0.2626123855621711 0.19634594565484345 0.02935674880401306 0.03953897993559744
0 0.2874705336632996 0.18650813021168025 0.024549056496320477 0.03934308148576845
0 0.26840256621844255 0.24721851178527046 0.043561810407022575 0.06887487990632343
0 0.286194046268652 0.28290684942781247 0.04800519757575172 0.06426308604845997
0 0.28365384615384615 0.3485576923076923 0.08173076923076923 0.10096153846153846
0 0.3753916514398893 0.26725122690642067 0.05427011043929643 0.0836897537290582
0 0.345198704106193 0.2202068608345415 0.032307052666303696 0.04684846762205033
0 0.32152454770669464 0.2144196762777046 0.02935674880401306 0.03953897993559744
0 0.37828816117630165 0.213115713832425 0.027317207789130073 0.04424872301837532
0 0.4088095508983753 0.22400443837169745 0.033035662944230035 0.05646385223743495
0 0.453125 0.3329326923076923 0.05048076923076923 0.10817307692307693
0 0.4857684905720379 0.29518123217235925 0.05463441557825974 0.0884974460367505
0 0.6786957854976229 0.2789297340145963 0.044108268115467336 0.07608641836786188
0 0.7538539696683159 0.19398090230927348 0.06181009128921252 0.11994334448657937
0 0.7884615384615384 0.375 0.09134615384615384 0.04807692307692308
1 0.3918269230769231 0.6911057692307693 0.07211538461538461 0.13221153846153846
0 0.4987980769230769 0.49278846153846156 0.14182692307692307 0.1875