0 0.6346763515399539 0.1293637662320543 0.05067919195731777 0.07535841658308748
0 0.7079516871535455 0.1318454476751088 0.047687736701447006 0.05848953421547138
0 0.6682692307692307 0.28846153846153844 0.09615384615384616 0.038461538461538464
0 0.7833103594970972 0.10910772414812503 0.048107457488607445 0.07050876498470228
0 0.8509538284345178 0.1006671996721397 0.04810745748860731 0.07050876498470228
0 0.9249426893862822 0.08271618880750178 0.050343415327589285 0.06574303196770273
0 0.9891826923076923 0.06490384615384616 0.021634615384615384 0.07211538461538461
0 0.046875 0.8846153846153846 0.09375 0.1201923076923077
0 0.188232520184026 0.8788602547437404 0.08626375373210192 0.13123430819124865
0 0.5512095108253845 0.6097878858602019 0.08849971157108391 0.12646857517424911
0 0.5769230769230769 0.8473557692307693 0.0625 0.1466346153846154
0 0.5889423076923077 0.7836538461538461 0.038461538461538464 0.125
0 0.8930288461538461 0.7331730769230769 0.21394230769230768 0.38461538461538464
0 0.6538461538461539 0.36778846153846156 0.09134615384615384 0.1201923076923077
0 0.719837393558407 0.4754905494483767 0.1507784135104719 0.19001755744156987
0 0.7379807692307693 0.3329326923076923 0.08653846153846154 0.05048076923076923
0 0.9302884615384616 0.3641826923076923 0.11057692307692307 0.11298076923076923