0 0.021634615384615384 0.13822115384615385 0.04326923076923077 0.10336538461538461
0 0.006009615384615385 0.054086538461538464 0.01201923076923077 0.055288461538461536
0 0.04215880902856138 0.1157886881838257 0.053166982268596015 0.0778042220276264
0 0.04984730756181843 0.06781666333363472 0.05034341532758942 0.06574303196770287
0 0.11001213835956218 0.10133854832322492 0.04279610023632248 0.056001769480239716
0 0.11719314240941628 0.17121792394753474 0.08559220047264524 0.11200353896047929
0 0.1148961157470657 0.3058752678536122 0.14222376853002017 0.15143014110795286
0 0.20196877664180407 0.2232092276432459 0.11868897193615101 0.16543362512410142
0 0.18187569050265054 0.10980886550554832 0.05059524779988568 0.07295457042924133
0 0.1132554260877292 0.07734204607545628 0.037568687141469874 0.043898620129623166
0 0.21164523008055733 0.08387006930155462 0.0380723520860624 0.058321697052700086
0 0.2567574027744835 0.13516904470083405 0.0830204660039349 0.1071538873620941
0 0.31053486947916764 0.17940333915599993 0.09878664944592522 0.14586718156778963
0 0.29780594291057455 0.09619791145880424 0.039972533295316026 0.04394057942031605
0 0.3631981868031711 0.1177844842605494 0.03782051961376599 0.05111015859116163
0 0.3980005462881925 0.051043242377210286 0.03524878514505567 0.04626050699277657
0 0.39915666774758907 0.1556944686509037 0.0456196671773292 0.06806295954016324
0 0.4227067315473002 0.13566038960479324 0.035500617617352064 0.053472045454315026
0 0.4478631720052529 0.1385048083109141 0.03558456177478429 0.055875891608161185
0 0.53125 0.3125 0.02403846153846154 0.09615384615384616
0 0.5702265391743633 0.29745572302297324 0.06079824151729491 0.08994933066893569
0 0.6675708707381008 0.23060349962072463 0.04578755549219338 0.07287065184785582
0 0.6295671956036284 0.3201393206749095 0.048359289960903704 0.0777203034462406
0 0.713564457085064 0.2566620904046194 0.04346765349577918 0.07523253871100895
0 0.7444100035037456 0.23435004307674134 0.0456196671773292 0.06806295954016352
0 0.7858210251424389 0.21943835101851952 0.043383709338347225 0.07282869255716279
0 0.8066887054431338 0.1728990253440621 0.04810745748860731 0.07050876498470214
0 0.8072496096722845 0.12239727646794663 0.03773657545633405 0.04870631243731575
0 0.8229318489568427 0.08659133990441124 0.030608981152227537 0.05098428071908309
0 0.8205012979301227 0.052874554814525826 0.030441092837363633 0.046176588411390926
0 0.8137019230769231 0.01201923076923077 0.03125 0.02403846153846154
0 0.8303455887343405 0.28756424949472204 0.06105007398959117 0.09716086913047416
0 0.22716346153846154 0.5192307692307693 0.20432692307692307 0.22115384615384615
0 0.5625 0.7007211538461539 0.08653846153846154 0.21875
0 0.6163766271185586 0.5536033828640219 0.13445515537814146 0.20414691932979695
0 0.7439903846153846 0.46875 0.10817307692307693 0.1201923076923077
0 0.9086538461538461 0.5060096153846154 0.1346153846153846 0.19471153846153846
0 0.8665406858946122 0.6565877803398078 0.12442004997559654 0.1919598513977949