0 0.02283653846153846 0.8461538461538461 0.04567307692307692 0.23557692307692307
0 0.2704326923076923 0.6447949457151079 0.06971153846153846 0.103432397947985
0 0.3137019230769231 0.7186923432752444 0.0889423076923077 0.1047771443315142
0 0.41466346153846156 0.6635555016847938 0.06009615384615385 0.08593310167929748
0 0.44591346153846156 0.7455049041961745 0.0889423076923077 0.12160406740843713
0 0.515625 0.667312890863574 0.057692307692307696 0.08095731607366406
0 0.5252403846153846 0.6221693638256556 0.055288461538461536 0.06876999200649217
0 0.6153846153846154 0.6891831728451709 0.0625 0.08610119497723873
0 0.6262019230769231 0.628330599158282 0.052884615384615384 0.07821728332393554
0 0.6045673076923077 0.7716703619166754 0.09615384615384616 0.13893527037918368
0 0.6935096153846154 0.6706730769230769 0.05048076923076923 0.07692307692307693
0 0.7103365384615384 0.7524038461538461 0.016826923076923076 0.11057692307692307
0 0.7307692307692307 0.828125 0.02403846153846154 0.1466346153846154
0 0.9471153846153846 0.7008662170185195 0.0625 0.08610119497723859
0 0.9302884615384616 0.6491582547194921 0.038461538461538464 0.055574108151673476
0 0.8401442307692307 0.6867117533922844 0.057692307692307696 0.08336116222751021
0 0.8581730769230769 0.6469895151961874 0.040865384615384616 0.04853066298807613
0 0.8485576923076923 0.6296330422341059 0.036057692307692304 0.050598322546040055