0 0.0577145409332671 0.5727034384396332 0.04363694986593007 0.053597923326393564
0 0.11292979073311386 0.527309180198237 0.04351096962726891 0.05119407717254741
0 0.12379807692307693 0.5889423076923077 0.11778846153846154 0.13942307692307693
0 0.2090887476966021 0.5484463673867158 0.09030764707901212 0.11925703671271065
0 0.26393116759010754 0.5330792064230503 0.06172367532946465 0.07793009989970465
0 0.2964460807863611 0.531310832921774 0.04882258288960573 0.06089338036931753
0 0.4362980769230769 0.47115384615384615 0.1658653846153846 0.21153846153846154
1 0.5444711538461539 0.5769230769230769 0.05048076923076923 0.10576923076923077
1 0.6367741711039415 0.5504455169868028 0.08575191524864213 0.12398081043901718
1 0.6959169119444781 0.24680563436971645 0.0622275962841093 0.08754548451508953
1 0.752599717323871 0.5400180094950854 0.09840104721117872 0.13620983766171227
1 0.56871736857755 0.3138703839942434 0.04123310371208392 0.05355596403570067
1 0.783032506176199 0.28010890984485093 0.05982375013026315 0.08750352522439665
0 0.1971153846153846 0.9915865384615384 0.04326923076923077 0.016826923076923076
0 0.25600961538461536 0.9927884615384616 0.036057692307692304 0.014423076923076924
0 0.3269230769230769 0.9903846153846154 0.04326923076923077 0.019230769230769232
0 0.4074519230769231 0.9867788461538461 0.040865384615384616 0.026442307692307692
0 0.46153846153846156 0.9831730769230769 0.057692307692307696 0.03365384615384615
0 0.5024038461538461 0.9795673076923077 0.03365384615384615 0.040865384615384616
0 0.8377403846153846 0.9230769230769231 0.17067307692307693 0.15384615384615385
0 0.9747596153846154 0.796875 0.05048076923076923 0.18509615384615385
0 0.9735576923076923 0.6911057692307693 0.052884615384615384 0.06490384615384616
0 0.7156822669877444 0.7804473139392077 0.0793064798383547 0.09264689185763167
0 0.5729053813112206 0.7781361994277389 0.10435278328610555 0.11229725399532925
0 0.5734620707659116 0.7216877741030471 0.04894856312826697 0.06329722652316369
0 0.6346153846153846 0.6790865384615384 0.052884615384615384 0.040865384615384616
0 0.6550480769230769 0.6670673076923077 0.04567307692307692 0.016826923076923076
0 0.8004807692307693 0.6706730769230769 0.04807692307692308 0.02403846153846154