0 0.04567307692307692 0.8016826923076923 0.051682692307692304 0.07451923076923077
0 0.11899038461538461 0.7175480769230769 0.051682692307692304 0.0733173076923077
0 0.15264423076923078 0.6658653846153846 0.04567307692307692 0.051682692307692304
0 0.2091346153846154 0.6274038461538461 0.042067307692307696 0.07091346153846154
0 0.11778846153846154 0.875 0.109375 0.14182692307692307
0 0.21394230769230768 0.7704326923076923 0.056490384615384616 0.07091346153846154
0 0.2764423076923077 0.7055288461538461 0.04326923076923077 0.06490384615384616
0 0.27283653846153844 0.6526442307692307 0.04567307692307692 0.06009615384615385
0 0.28846153846153844 0.6237980769230769 0.040865384615384616 0.056490384615384616
0 0.4182692307692308 0.4831730769230769 0.03485576923076923 0.05048076923076923
0 0.35216346153846156 0.7860576923076923 0.06129807692307692 0.08533653846153846
0 0.5012019230769231 0.7620192307692307 0.0625 0.08173076923076923
0 0.4651442307692308 0.65625 0.037259615384615384 0.054086538461538464
0 0.4567307692307692 0.6189903846153846 0.036057692307692304 0.05048076923076923
0 0.5432692307692307 0.7103365384615384 0.046875 0.07091346153846154
0 0.5769230769230769 0.6550480769230769 0.04326923076923077 0.056490384615384616
0 0.5637019230769231 0.6201923076923077 0.036057692307692304 0.04807692307692308
0 0.6346153846153846 0.7692307692307693 0.055288461538461536 0.08173076923076923
0 0.6862980769230769 0.6911057692307693 0.04567307692307692 0.07451923076923077
0 0.6778846153846154 0.625 0.038461538461538464 0.05889423076923077
0 0.7115384615384616 0.6394230769230769 0.04326923076923077 0.0625
0 0.7439903846153846 0.7776442307692307 0.057692307692307696 0.09014423076923077
0 0.8233173076923077 0.6201923076923077 0.046875 0.056490384615384616
0 0.8762019230769231 0.7740384615384616 0.052884615384615384 0.07692307692307693
0 0.9350961538461539 0.8774038461538461 0.1141826923076923 0.14182692307692307
0 0.9747596153846154 0.765625 0.04807692307692308 0.09735576923076923
0 0.9711538461538461 0.6862980769230769 0.04807692307692308 0.06850961538461539
0 0.9326923076923077 0.6694711538461539 0.040865384615384616 0.06009615384615385
0 0.9194711538461539 0.6189903846153846 0.038461538461538464 0.05889423076923077