0 0.027644230769230768 0.21754807692307693 0.055288461538461536 0.07932692307692307
0 0.0831530054876235 0.3195666061414635 0.1396076435709482 0.11115643813952539
0 0.45008396722000926 0.2778665544881606 0.12210834730226047 0.10085540894973964
0 0.546875 0.09975961538461539 0.08413461538461539 0.07932692307692307
0 0.6454326923076923 0.2704326923076923 0.11298076923076923 0.2668269230769231
0 0.7560096153846154 0.2620192307692308 0.2860576923076923 0.2932692307692308
0 0.026442307692307692 0.5120192307692307 0.052884615384615384 0.09134615384615384
0 0.07039382822758783 0.5331518295989475 0.08352925552545133 0.06332847826833064
0 0.111040579562361 0.5034690171975786 0.047858289796311675 0.0331110352733744
0 0.094524573089985 0.4810997826261048 0.038579091776809286 0.037526930681409
0 0.21010255176387668 0.5002733969575325 0.0481944763921939 0.03791872758106685
0 0.2525395527183669 0.46222609763015937 0.03326711957529364 0.03011949377004168
0 0.27813315724600385 0.527152386018513 0.05658266793932029 0.05503949833273335
0 0.31867059194047126 0.48179559900468705 0.03824290518092692 0.032719238373716694
0 0.4369550966977911 0.5312131887090205 0.06876999200649217 0.057933090611151636
0 0.399283484743288 0.483874974962398 0.04321869078656048 0.0353189829773917
0 0.538278091746547 0.5473952615371154 0.055574108151673476 0.04061642140965642
0 0.4855027930022373 0.5609143532014547 0.05110260243986339 0.04522821526751974
0 0.34512993294914907 0.5515785543131903 0.05898651409316631 0.055137447557647774
0 0.49543733089713415 0.48779294395897593 0.03824290518092706 0.032719238373716694
0 0.3306568760098417 0.6896038097095153 0.12037687434017905 0.11037284434020969
0 0.5745192307692307 0.609375 0.028846153846153848 0.06971153846153846
0 0.6069711538461539 0.7319711538461539 0.036057692307692304 0.07451923076923077
0 0.6693294504724278 0.7527996260880973 0.07419951752327865 0.10130027060529684
0 0.7185830266349387 0.7379316875094631 0.05071587586131088 0.07397641988875915
0 0.7942789104897574 0.724141190404888 0.04473153046803064 0.056953598362007224
0 0.9700788330000388 0.6577782776815062 0.05311972201515703 0.07407436911367359