0 0.08164264505706618 0.2260973940560362 0.05389158155020928 0.08776936462457276
0 0.09749141531608707 0.2065029489134613 0.039244734368111475 0.06820289455213668
0 0.14713388814084213 0.17410597103776687 0.048804176418740915 0.0636190028055556
0 0.2280814614650383 0.23951135857601466 0.05369578257356595 0.07094244154764968
0 0.3396661927728693 0.047061781039529564 0.041676551804335174 0.07066269084626078
0 0.36081046865056254 0.1919629470145829 0.06350696616559376 0.08799316518568372
0 0.42427884615384615 0.22115384615384615 0.03125 0.09134615384615384
0 0.4567307692307692 0.4567307692307692 0.03365384615384615 0.15384615384615385
0 0.45072115384615385 0.2247596153846154 0.021634615384615384 0.06490384615384616
0 0.4933305332835687 0.25119388356452954 0.05131990770209755 0.07329033756121803
0 0.48068279072615583 0.20222276318221122 0.03896502154433534 0.04416443301367528
0 0.466539426626855 0.17852000248541636 0.024458030774125696 0.03661719371047011
0 0.4909834717597918 0.1431047318518693 0.03169754051804164 0.039188890285149616
0 0.5448881968858759 0.15747085369561928 0.036701031802377285 0.056127713642628245
0 0.5982055250820301 0.22231774477013846 0.05129193641971979 0.07088649140737188
0 0.6358279250722403 0.2935379271410786 0.0637027651422371 0.10482008826260679
0 0.8412860009548285 0.3981012150771895 0.09282863181216701 0.12952995148440175
0 0.9564476881457369 0.31130896802937963 0.08307339078489442 0.11728692015405989
0 0.8335446922587436 0.23726732333060835 0.061047177446992645 0.08312952273771373
0 0.8760175835455265 0.20143242664497796 0.04886011898349588 0.06842669511324792
0 0.8379756143196523 0.16626993658173012 0.039104877956223576 0.056183663782906054
0 0.7963418615041973 0.1299894486519759 0.03672900308475464 0.0585315597964744
0 0.743457246119582 0.13122035173808702 0.03429718564853127 0.056071763502350436
0 0.7478881681804906 0.060222964989208844 0.02697376205748233 0.04628852846613247
0 0.7373069322577646 0.24671686740325796 0.07317829334573361 0.09302465805448726
0 0.676470381493918 0.20848013444187982 0.0465122153944051 0.07317843728066241
0 0.6565971148337779 0.1608787875573179 0.03429718564853113 0.056071763502350436
0 0.6463392327890224 0.11305364011164484 0.029349636928950727 0.04394063245256412
0 0.6035167004725193 0.17893661372035213 0.03672900308475491 0.0585315597964744
0 0.5897369630441275 0.12398385302355724 0.029265723081818004 0.036729093991025724
0 0.584509701500771 0.16015344561180514 0.03169754051804164 0.039188890285149616
0 0.7715901322651069 0.1918470269778306 0.03656117539048919 0.04410848287339748
0 0.6892588225285331 0.1420946145097217 0.034269214366153516 0.053667917348504283
0 0.8827124953483932 0.14239832052505275 0.03189333949468484 0.056015813362072696
0 0.8962832902242673 0.11204251783044802 0.026889848210349607 0.039076990004594074
0 0.8685831168902813 0.11749363675133481 0.029293694364195762 0.039132940144871814
0 0.8231198245850364 0.10052784326276648 0.026889848210349607 0.039076990004594074
0 0.8027570604832881 0.0949938040705122 0.026749991798461374 0.027057759235363302
0 0.9457579353547566 0.0940686168778305 0.02691781949272709 0.041480836158440226
0 0.9759615384615384 0.16466346153846154 0.04807692307692308 0.06971153846153846
0 0.9814100440679737 0.12808513400443303 0.029349636928950727 0.04394063245256419
0 0.18990384615384615 0.5865384615384616 0.0625 0.03365384615384615
0 0.265625 0.5901442307692307 0.06490384615384616 0.040865384615384616
0 0.3737980769230769 0.640625 0.10817307692307693 0.14182692307692307