0 0.07091346153846154 0.22355769230769232 0.10697115384615384 0.19591346153846154
0 0.21995192307692307 0.296875 0.12259615384615384 0.23798076923076922
0 0.33774038461538464 0.49759615384615385 0.17307692307692307 0.38822115384615385
0 0.41346153846153844 0.2932692307692308 0.0829326923076923 0.19471153846153846
0 0.5216346153846154 0.28846153846153844 0.09014423076923077 0.20072115384615385
0 0.6706730769230769 0.30288461538461536 0.12139423076923077 0.27524038461538464
0 0.6634615384615384 0.1346153846153846 0.04807692307692308 0.09014423076923077
0 0.6875 0.10817307692307693 0.04447115384615385 0.09134615384615384
0 0.7860576923076923 0.1622596153846154 0.055288461538461536 0.12259615384615384
0 0.8798076923076923 0.14543269230769232 0.05889423076923077 0.10697115384615384
0 0.9375 0.19951923076923078 0.07211538461538461 0.140625