0 0.12980769230769232 0.037259615384615384 0.1778846153846154 0.07451923076923077
0 0.40384615384615385 0.20432692307692307 0.11057692307692307 0.20673076923076922
0 0.38100961538461536 0.06850961538461539 0.06490384615384616 0.13701923076923078
0 0.5420673076923077 0.09495192307692307 0.18028846153846154 0.18990384615384615
0 0.7596153846153846 0.2439903846153846 0.23557692307692307 0.12740384615384615
0 0.04807692307692308 0.6165865384615384 0.09615384615384616 0.18509615384615385
0 0.11899038461538461 0.9555288461538461 0.2091346153846154 0.0889423076923077
0 0.24903486345293827 0.7275687818467698 0.17803511539974656 0.24559973401488122
0 0.12052081757966485 0.5053267239037242 0.0964559661169882 0.14333745754186494
0 0.17939801503252545 0.43587302447852017 0.08241961577246393 0.11428150724224698
0 0.19951923076923078 0.3557692307692308 0.08173076923076923 0.09615384615384616
0 0.27962016696969894 0.5133537387649587 0.10417178447235013 0.15067487387548192
0 0.29927884615384615 0.41586538461538464 0.0985576923076923 0.14903846153846154
0 0.2988514961669081 0.6846832679859519 0.0955649596446122 0.16493011363578758
0 0.9076722362568543 0.5626927940860299 0.1434737894235943 0.163365453295798
0 0.9639423076923077 0.5 0.07211538461538461 0.09615384615384616
0 0.8281431532492499 0.4296299032262801 0.04372297068038368 0.041578692557162795
0 0.7503796098364673 0.44299183129768144 0.049539222775722945 0.05608568806162522
0 0.7168938569805624 0.44117541521353487 0.041319124526537666 0.0415367332664699
0 0.7041434763619316 0.4690084627908834 0.05401072848753303 0.0513619143353187
0 0.6478129483695232 0.5192104133399718 0.0642984862946821 0.0611451361134746
0 0.6677243274670219 0.4576396010273915 0.0536745418916508 0.04655422202762639
0 0.6797265249198825 0.38900410777069755 0.04115103122859655 0.03913288711262375
0 0.5791687463532668 0.4879962893384872 0.0613903602470126 0.05389163836124338
0 0.482922616875485 0.5424963374147767 0.0776624634474419 0.080585701797708
0 0.4772574247617169 0.48617378996216326 0.04629491013217116 0.0440244980017017
0 0.53053700339985 0.46243512675072895 0.04903494288189947 0.048874149600086896
0 0.4360305835591149 0.47488884678005705 0.05350644859370955 0.044150375873780234
0 0.3868863240369096 0.5081589760254903 0.05881842079522533 0.05144583291670434
0 0.3868357840542393 0.474547089162337 0.04579063023834774 0.03681295954016324
0 0.359375 0.5504807692307693 0.021634615384615384 0.07692307692307693