0 0.22355769230769232 0.020432692307692308 0.07211538461538461 0.040865384615384616
0 0.2776442307692308 0.04807692307692308 0.0985576923076923 0.09615384615384616
0 0.3858173076923077 0.052884615384615384 0.10817307692307693 0.10576923076923077
1 0.8269230769230769 0.1045673076923077 0.21153846153846154 0.2091346153846154
1 0.6658653846153846 0.025240384615384616 0.14423076923076922 0.05048076923076923
0 0.07019710500272168 0.4858407370055122 0.09582824258202184 0.12915364634749066
0 0.2249511828797302 0.6450438796843563 0.11746285796663723 0.13079301947282465
0 0.3815654880186932 0.6520761043929664 0.12667807469247314 0.15778178487357708
0 0.40702530736242176 0.6032347082875313 0.11946653623093467 0.15723532716513247
0 0.45552884615384615 0.90625 0.12740384615384615 0.1875
1 0.5829326923076923 0.44350961538461536 0.12740384615384615 0.3293269230769231