0 0.13822115384615385 0.5372596153846154 0.037259615384615384 0.055288461538461536
0 0.20793269230769232 0.5252403846153846 0.037259615384615384 0.051682692307692304
0 0.24278846153846154 0.515625 0.028846153846153848 0.039663461538461536
0 0.28846153846153844 0.5096153846153846 0.026442307692307692 0.03365384615384615
0 0.3293269230769231 0.49278846153846156 0.025240384615384616 0.03125
0 0.3605769230769231 0.4567307692307692 0.021634615384615384 0.03365384615384615
0 0.49038461538461536 0.46634615384615385 0.020432692307692308 0.03125
0 0.5456730769230769 0.46274038461538464 0.021634615384615384 0.03365384615384615
0 0.6213942307692307 0.7608173076923077 0.08052884615384616 0.12259615384615384
0 0.6634615384615384 0.6694711538461539 0.06009615384615385 0.08653846153846154
0 0.6802884615384616 0.6346153846153846 0.06370192307692307 0.08173076923076923
0 0.7127403846153846 0.5961538461538461 0.04447115384615385 0.06009615384615385
0 0.6911057692307693 0.5745192307692307 0.042067307692307696 0.055288461538461536
0 0.7211538461538461 0.5348557692307693 0.030048076923076924 0.046875
0 0.6995192307692307 0.5144230769230769 0.026442307692307692 0.042067307692307696