0 0.12860576923076922 0.43028846153846156 0.078125 0.11778846153846154
0 0.10216346153846154 0.38822115384615385 0.06490384615384616 0.08173076923076923
0 0.21514423076923078 0.37259615384615385 0.046875 0.06850961538461539
0 0.2704326923076923 0.4266826923076923 0.06370192307692307 0.09735576923076923
0 0.2980769230769231 0.37259615384615385 0.04807692307692308 0.055288461538461536
0 0.33533653846153844 0.3954326923076923 0.05048076923076923 0.07091346153846154
0 0.40625 0.375 0.039663461538461536 0.0625
0 0.43149038461538464 0.27163461538461536 0.05048076923076923 0.06610576923076923
0 0.6538461538461539 0.3786057692307692 0.039663461538461536 0.06490384615384616
0 0.6670673076923077 0.49158653846153844 0.09615384615384616 0.14182692307692307
0 0.7403846153846154 0.7307692307692307 0.3016826923076923 0.46274038461538464
0 0.6887019230769231 0.41225961538461536 0.05048076923076923 0.078125
0 0.7451923076923077 0.3858173076923077 0.037259615384615384 0.06009615384615385
0 0.7728365384615384 0.41947115384615385 0.051682692307692304 0.07091346153846154
0 0.7944711538461539 0.2608173076923077 0.05048076923076923 0.0733173076923077
0 0.8389423076923077 0.4423076923076923 0.05889423076923077 0.09375
0 0.9447115384615384 0.47475961538461536 0.06850961538461539 0.09975961538461539
0 0.9399038461538461 0.234375 0.06009615384615385 0.08653846153846154