0 0.0733173076923077 0.23197115384615385 0.052884615384615384 0.1141826923076923
0 0.2776442307692308 0.2091346153846154 0.04807692307692308 0.09375
0 0.4266826923076923 0.21634615384615385 0.04567307692307692 0.0985576923076923
0 0.4519230769230769 0.25961538461538464 0.0625 0.11899038461538461
0 0.49158653846153844 0.2439903846153846 0.042067307692307696 0.08413461538461539
0 0.5348557692307693 0.19831730769230768 0.052884615384615384 0.0889423076923077
0 0.5588942307692307 0.24158653846153846 0.0625 0.10336538461538461
0 0.5661057692307693 0.3317307692307692 0.06610576923076923 0.11899038461538461
0 0.6117788461538461 0.23918269230769232 0.056490384615384616 0.09495192307692307
0 0.6358173076923077 0.3088942307692308 0.056490384615384616 0.11298076923076923
0 0.6862980769230769 0.28365384615384615 0.0625 0.125
0 0.7463942307692307 0.234375 0.04807692307692308 0.11778846153846154
0 0.7740384615384616 0.33653846153846156 0.07211538461538461 0.12860576923076922
0 0.8064903846153846 0.4074519230769231 0.08052884615384616 0.11778846153846154
0 0.8137019230769231 0.4831730769230769 0.09014423076923077 0.12379807692307693
0 0.9026442307692307 0.4831730769230769 0.0733173076923077 0.12620192307692307
0 0.9555288461538461 0.4639423076923077 0.0733173076923077 0.12620192307692307
0 0.8545673076923077 0.3581730769230769 0.0625 0.11538461538461539
0 0.8461538461538461 0.2776442307692308 0.07451923076923077 0.12620192307692307
0 0.8112980769230769 0.22596153846153846 0.06129807692307692 0.11057692307692307
0 0.9254807692307693 0.28846153846153844 0.07451923076923077 0.13942307692307693