0 0.05048076923076923 0.421875 0.10096153846153846 0.13221153846153846
0 0.123581834864886 0.3293075480354997 0.11242977806341323 0.16407688584538946
0 0.2608173076923077 0.4254807692307692 0.13701923076923078 0.125
0 0.4170673076923077 0.41225961538461536 0.13701923076923078 0.15144230769230768
0 0.6045673076923077 0.43509615384615385 0.06971153846153846 0.10576923076923077
0 0.5808554149761268 0.3776517920112028 0.07990643813952539 0.1326450786637971
0 0.48519131494685297 0.36507315452938016 0.10124720584939749 0.12555940671259186
0 0.4676440346306947 0.23513260312744733 0.08260413196811484 0.13987060229315035
0 0.53487621994798 0.20787296447312337 0.06372027516798849 0.08929193688767761
0 0.5030834090675085 0.16200409520063935 0.07142155975409938 0.10135312316035275
0 0.5978129013166528 0.13851105520695484 0.07191130587867124 0.11337235392958352
0 0.39515520520671765 0.15536514726435813 0.06180617513871448 0.1012971824890936
0 0.37083516642383924 0.3391614818588853 0.08500797812196098 0.13988458746096527
0 0.3173546754028528 0.23546045321594558 0.07701284586110696 0.12061186272675155
0 0.27273250757588513 0.1798992809050955 0.05739027973068002 0.11088459676884864
0 0.20184557841537332 0.20833986488462028 0.07411925358268867 0.108578646789706
0 0.15266059134299942 0.14674110685352518 0.06102258133939906 0.08206641325832437
0 0.11150544919631364 0.2126231133992577 0.07431515203251753 0.1133863390973983
0 0.05780661749099082 0.14378484657099458 0.08142874126914156 0.11102444844699651
0 0.25613619561362494 0.32166327072685197 0.10124720584939749 0.12555940671259186
0 0.7113936363272354 0.3491816349857496 0.10713233963114878 0.1520296847405291
0 0.8734267307406299 0.26717196375383384 0.10845874431093595 0.1256013622160362
0 0.9735576923076923 0.3016826923076923 0.052884615384615384 0.1658653846153846
0 0.015625 0.7668269230769231 0.03125 0.10576923076923077
0 0.16947115384615385 0.8834134615384616 0.21394230769230768 0.23317307692307693
0 0.2706735823353851 0.8383922976290715 0.14524696566204434 0.20272023148852042
0 0.5315847491091651 0.7785976262460852 0.08422438432264556 0.12065381823019604
0 0.5809166600189106 0.8365906150464111 0.10212874887362762 0.1471940220972071
0 0.6177884615384616 0.8185096153846154 0.04326923076923077 0.12740384615384615
0 0.6237980769230769 0.5841346153846154 0.03125 0.09134615384615384
0 0.671875 0.9170673076923077 0.06490384615384616 0.12259615384615384
0 0.6622596153846154 0.8377403846153846 0.04567307692307692 0.11778846153846154
0 0.6502403846153846 0.6322115384615384 0.021634615384615384 0.04807692307692308
0 0.6748073950866946 0.6426388641653307 0.0381146260308957 0.05069054674799116
0 0.6947768736477643 0.6836301152910484 0.048513604445595875 0.06997725665001954
0 0.7352014867510339 0.6946851708362077 0.03639642445145068 0.06750348465709945
0 0.7566891782982778 0.69841680657731 0.03639642445145068 0.06750348465709945
0 0.7843334090675085 0.6985776360071803 0.051211298274185454 0.07720278027937286
0 0.8125428929517184 0.7143704580209579 0.04870950289542487 0.07478494895771184
0 0.8579710968125092 0.7206457915940543 0.06121847978922791 0.08687410556601662
0 0.8759285261193905 0.7520076729365728 0.06411207206764621 0.09890732150306224
0 0.9771634615384616 0.734375 0.04567307692307692 0.11298076923076923
0 0.9963942307692307 0.6394230769230769 0.007211538461538462 0.028846153846153848
0 0.9722700904361813 0.6299429554673812 0.01780641532606763 0.02413635771316511
0 0.9400140658090871 0.6249464633941891 0.022516158408845372 0.021760481894948596
0 0.9370184341623121 0.5804473392124057 0.022810006083588793 0.028972020356487025
0 0.9088130404215443 0.6235627331356736 0.015304619947307047 0.02171852639150417
0 0.8957388104127622 0.6198800454819231 0.015304619947307047 0.021718526391504102
0 0.9072417626794711 0.6031160556601665 0.010398978414700175 0.019286709902028444
0 0.8973059980113933 0.5814185070203846 0.015500518397135902 0.026526218699196476
0 0.8756979150047276 0.6101457869401126 0.012606926118717473 0.014493002762150922
0 0.8104736887981884 0.5881265794405903 0.0177084661011532 0.021732511559318955
0 0.7102467695235083 0.5695103562385228 0.01530461994730691 0.02171852639150417