0 0.06129807692307692 0.06610576923076923 0.12259615384615384 0.13221153846153846
0 0.3713942307692308 0.025240384615384616 0.08413461538461539 0.05048076923076923
0 0.7355769230769231 0.255228850052435 0.04326923076923077 0.06275173302066642
0 0.7932692307692307 0.27599718638768245 0.040865384615384616 0.07475697862208228
0 0.8377403846153846 0.2341886042999485 0.038461538461538464 0.06031991653119056
0 0.8701923076923077 0.3028870194500637 0.04567307692307692 0.07718879511155799
0 0.9182692307692307 0.26590710742174417 0.040865384615384616 0.06033390169900535
0 0.9891826923076923 0.36658653846153844 0.021634615384615384 0.0985576923076923
0 0.9591346153846154 0.23128908604382653 0.03125 0.05306642256620774
0 0.2860576923076923 0.5709134615384616 0.1346153846153846 0.06490384615384616
0 0.6778846153846154 0.8983260193350564 0.038461538461538464 0.045896839608113776
0 0.7487980769230769 0.8783058894779006 0.03365384615384615 0.04106117696479176
0 0.7680288461538461 0.8531773862050342 0.026442307692307692 0.03861537530750125
0 0.8533653846153846 0.8717027058163057 0.028846153846153848 0.04103320662916205
0 0.8882211538461539 0.8550785676726972 0.02403846153846154 0.03379369783199401
0 0.8329326923076923 0.9591346153846154 0.06490384615384616 0.08173076923076923
0 0.9819711538461539 0.8544220661405512 0.026442307692307692 0.0410192214613474
0 0.9891826923076923 0.9014423076923077 0.021634615384615384 0.0625