0 0.47115384615384615 0.2776442307692308 0.0625 0.16105769230769232
0 0.45552884615384615 0.046875 0.03125 0.06971153846153846
0 0.5008552675654149 0.06782606943635973 0.062172566728460325 0.07927385832102374
0 0.4831730769230769 0.020432692307692308 0.04326923076923077 0.040865384615384616
0 0.46875 0.008413461538461538 0.028846153846153848 0.016826923076923076
0 0.6033653846153846 0.03125 0.0625 0.0625
0 0.6469417048409564 0.09185026902719812 0.07841574888497423 0.1111115536705103
0 0.6923076923076923 0.36899038461538464 0.17307692307692307 0.06009615384615385
0 0.8570456441945153 0.16962227493581644 0.11120583792865145 0.13882720128670584
0 0.9591346153846154 0.06850961538461539 0.08173076923076923 0.12740384615384615
0 0.8389423076923077 0.027644230769230768 0.07211538461538461 0.055288461538461536
0 0.7439903846153846 0.040865384615384616 0.0889423076923077 0.08173076923076923
0 0.6802884615384616 0.020432692307692308 0.057692307692307696 0.040865384615384616
0 0.38658110581985344 0.5749172164384763 0.08548727925163281 0.10900155519140743
0 0.30019450664671676 0.5964232600767853 0.0733280403875223 0.10610796291298914
0 0.24371597630177716 0.61910878455751 0.1038542913722334 0.1361295074581164
0 0.3014771664662943 0.49205185083430647 0.04196174083353267 0.06166334144478496
0 0.32977514220337417 0.5208755624459529 0.04676943314122498 0.061859239894613824
0 0.36575097619318153 0.500224529453924 0.04662942504634525 0.059455393740767803
0 0.40562444987396273 0.4950025980120664 0.041681724643773066 0.05685564913709266
0 0.23233751465472 0.505660711436676 0.046909441236104715 0.06426308604845997
0 0.2006674903700807 0.5141455898221022 0.04959330357971041 0.06916872758106671
0 0.1635715916212352 0.5540273920449003 0.06527645335670523 0.09139103831516894
0 0.17365329602780888 0.5044546982163107 0.036313999956561746 0.04704436607187919
0 0.14135323531621063 0.5237568842940447 0.04394556270273952 0.054549752208161065
0 0.1097532150790112 0.531039839602548 0.05157712544891729 0.06205513834444281
0 0.0890760693928945 0.5978312534077183 0.06796031570031096 0.09629667984777567
0 0.03485576923076923 0.6274038461538461 0.06971153846153846 0.11538461538461539
0 0.016826923076923076 0.5612980769230769 0.03365384615384615 0.07932692307692307
0 0.016826923076923076 0.5228365384615384 0.03365384615384615 0.05048076923076923
0 0.050637117897015735 0.5166616471484861 0.04366554651297998 0.04974205990046862
0 0.47475961538461536 0.8088942307692307 0.06971153846153846 0.19951923076923078
0 0.5823060206064247 0.7327568462716149 0.16292297147244875 0.20328618578499494
0 0.8318159922743456 0.7309835884189737 0.16644688238533292 0.2226149042406786
0 0.9110576923076923 0.8509615384615384 0.1778846153846154 0.2980769230769231
0 0.9194711538461539 0.5120192307692307 0.16105769230769232 0.22596153846153846