0 0.07572115384615384 0.546875 0.11298076923076923 0.04567307692307692
0 0.22956730769230768 0.5372596153846154 0.10336538461538461 0.06490384615384616
0 0.49038461538461536 0.5216346153846154 0.07692307692307693 0.09615384615384616
0 0.5853365384615384 0.140625 0.11298076923076923 0.28125
0 0.6203319599562696 0.12980769230769232 0.06804313050109091 0.10576923076923077
0 0.7096419867452766 0.07692307692307693 0.07222092161547741 0.09375
0 0.7788461538461539 0.09134615384615384 0.14903846153846154 0.18269230769230768
0 0.9194711538461539 0.07091346153846154 0.10817307692307693 0.14182692307692307
0 0.014423076923076924 0.8894230769230769 0.028846153846153848 0.04807692307692308
0 0.05101880544928297 0.84375 0.05704196326043357 0.07932692307692307
0 0.087706398950281 0.8317307692307693 0.08562593500998097 0.1201923076923077
0 0.18039578854094543 0.8978365384615384 0.1519053421698156 0.19230769230769232
0 0.20656569251736243 0.8112980769230769 0.10067891312636358 0.13221153846153846
0 0.24861766778074385 0.7427884615384616 0.07019501617761474 0.10096153846153846
0 0.34736944125607 0.7620192307692307 0.11168008036702085 0.15865384615384615
0 0.4411057692307692 0.8737980769230769 0.17548076923076922 0.25240384615384615
0 0.4455389712284946 0.7235576923076923 0.14659372890747863 0.18269230769230768
0 0.39687469383902807 0.6430288461538461 0.0989049681658231 0.14423076923076922
0 0.5 0.6310096153846154 0.057692307692307696 0.12259615384615384
0 0.5540865384615384 0.6274038461538461 0.05048076923076923 0.09615384615384616
0 0.6770317581682144 0.7223557692307693 0.10902427373585251 0.15384615384615385
0 0.6634615384615384 0.6045673076923077 0.07692307692307693 0.06971153846153846
0 0.7824519230769231 0.6033653846153846 0.0889423076923077 0.0673076923076923
0 0.890774873883246 0.6802884615384616 0.10902427373585251 0.15384615384615385
0 0.8834134615384616 0.5913461538461539 0.06971153846153846 0.04326923076923077