0 0.06971153846153846 0.7932692307692307 0.09975961538461539 0.1622596153846154
0 0.08774038461538461 0.7319711538461539 0.08052884615384616 0.1346153846153846
0 0.18990384615384615 0.8605769230769231 0.10336538461538461 0.16466346153846154
0 0.35697115384615385 0.7079326923076923 0.078125 0.11538461538461539
0 0.48197115384615385 0.8870192307692307 0.19831730769230768 0.21995192307692307
0 0.5612980769230769 0.7944711538461539 0.11658653846153846 0.16947115384615385
0 0.6538461538461539 0.8040865384615384 0.12139423076923077 0.18269230769230768
0 0.6935096153846154 0.7211538461538461 0.06370192307692307 0.10697115384615384
0 0.7560096153846154 0.7956730769230769 0.1045673076923077 0.13701923076923078
0 0.8088942307692307 0.7740384615384616 0.06610576923076923 0.13221153846153846
0 0.7536057692307693 0.6838942307692307 0.07451923076923077 0.11778846153846154
0 0.7211538461538461 0.46634615384615385 0.08533653846153846 0.13221153846153846
0 0.8713942307692307 0.7295673076923077 0.08173076923076923 0.1502403846153846
0 0.9302884615384616 0.7223557692307693 0.0733173076923077 0.13942307692307693
0 0.9795673076923077 0.7223557692307693 0.038461538461538464 0.1346153846153846