0 0.0698568221656369 0.49427264395560494 0.13893192121854153 0.17795349785682482
0 0.24281165059771628 0.3199604781408845 0.0981648470904972 0.11816106874132068
0 0.34313516272195776 0.39502900859441975 0.13353555618330526 0.17046194320552688
0 0.3970260720392303 0.21195223942880792 0.10414988485327743 0.1328641618541571
0 0.7275291503747439 0.40343910540718997 0.106946179492153 0.13781186225672926
0 0.6590197333562114 0.3482550891522731 0.07677561119206656 0.09059869628997483
0 0.6367720659882998 0.297622457556179 0.06637532960662328 0.080423279295071
0 0.7354770256609198 0.264097886801998 0.05577882377866535 0.06784401614632128
0 0.8168643032842469 0.2847180042863503 0.07638316270703718 0.08579100398228252
0 0.7908635993206385 0.26207962369668647 0.06858295151795477 0.07815944123610472
0 0.9140724084179227 0.4251804092258109 0.1381470242484829 0.1683381132414402
0 0.9247428454774689 0.3339861177449818 0.0961534494216804 0.12282875295413326
0 0.9807692307692307 0.203125 0.038461538461538464 0.06490384615384616
0 0.9416193205302277 0.18567140522180928 0.04817483683209754 0.06261629955398963
0 0.078125 0.9326923076923077 0.15625 0.1346153846153846
0 0.07932692307692307 0.8293269230769231 0.15384615384615385 0.18269230769230768
0 0.35096153846153844 0.8209134615384616 0.14423076923076922 0.1658653846153846