0 0.010817307692307692 0.2764423076923077 0.021634615384615384 0.0673076923076923
0 0.16776911594768998 0.32763697707993 0.06099123488223727 0.07867169640856467
0 0.179270877992935 0.2828160993366786 0.04148075282769197 0.05407367663474702
0 0.3010427210742635 0.3117358110529164 0.06579892718992958 0.07881158596740366
0 0.3710339723595781 0.33374587398821226 0.07815381334769164 0.10800746371065519
0 0.42020093338391373 0.32269662139472766 0.05375172513832119 0.07605801591645996
0 0.4699519230769231 0.08173076923076923 0.021634615384615384 0.08173076923076923
0 0.5460663590069915 0.11772574294037105 0.14686006977426425 0.23015822522670903
0 0.65085743695832 0.13391391426639163 0.09084435489398501 0.1660494953000603
0 0.6976485231111873 0.12533845260617268 0.06163457437692225 0.1339601579470262
0 0.7386397784972711 0.13496669904834874 0.05157164924349599 0.09521884036780968
0 0.7649142584953131 0.11977422955165722 0.0393845907799995 0.08044603954763528
0 0.7793792923419566 0.1229603301059094 0.029517464623216447 0.05853164504534178
0 0.7889806913161522 0.12147862791130827 0.01973425231356611 0.04382878900458687
0 0.88175253849825 0.1380165231344264 0.034381099495663994 0.06347922691187308
0 0.9421843477329351 0.1651140574950925 0.058839130269789694 0.10023636701376049
0 0.9538259661900683 0.13231241052107187 0.056127600009789856 0.07372411454203337
0 0.9807692307692307 0.14423076923076922 0.038461538461538464 0.11057692307692307
0 0.109375 0.7283653846153846 0.11298076923076923 0.07692307692307693
0 0.5841346153846154 0.8076923076923077 0.20192307692307693 0.23557692307692307
0 0.9206730769230769 0.8173076923076923 0.15865384615384615 0.2548076923076923