0 0.025240384615384616 0.2536057692307692 0.05048076923076923 0.0889423076923077
0 0.06786833705463045 0.2594937241712556 0.055648057420512625 0.08709788718601366
0 0.2859274765456561 0.28368771189342207 0.038490959762250684 0.05568005949174794
0 0.33029347574814893 0.28540710369433087 0.03743941332564086 0.04366082872251731
0 0.3801580277673085 0.26553383703419076 0.044350198506552536 0.06775523282573395
0 0.41510424099138266 0.29240969960335134 0.03368326745455837 0.05562411692699284
0 0.4443110807651719 0.302374725248456 0.05168160226210826 0.09665732923664304
0 0.5004260688025651 0.32107488217936475 0.06306990516937325 0.08958564718699268
0 0.4689804701655992 0.2954428996106936 0.036297422895726274 0.05805593436321661
0 0.6153846153846154 0.2920673076923077 0.07211538461538461 0.13701923076923078
0 0.6829974211552715 0.17372194670223612 0.04519143565584034 0.07737061744111856
0 0.7659006921622515 0.23003136004748034 0.08827977843846131 0.13070277334377572
0 0.7707399858618245 0.3672463897933544 0.12259397375498547 0.19353842873230703
0 0.7842292015511403 0.15805583184398378 0.04519143565584034 0.07737061744111856
0 0.8147431190455136 0.16683292005335423 0.047715147103703476 0.10621677128727242
0 0.9651442307692307 0.036057692307692304 0.06971153846153846 0.07211538461538461
0 0.8780707355900295 0.28186873647356353 0.09561118219401675 0.15960486975468482
0 0.90625 0.4182692307692308 0.14903846153846154 0.18269230769230768
0 0.9855769230769231 0.2764423076923077 0.028846153846153848 0.1778846153846154
0 0.18629807692307693 0.5420673076923077 0.05048076923076923 0.06490384615384616
0 0.43990384615384615 0.5276442307692307 0.11538461538461539 0.036057692307692304
0 0.5 0.53125 0.07211538461538461 0.04326923076923077
0 0.6165865384615384 0.9278846153846154 0.07451923076923077 0.10576923076923077
0 0.6514423076923077 0.9735576923076923 0.0673076923076923 0.052884615384615384
0 0.743336575726212 0.9308635569578306 0.0724749804974357 0.08729368616265686
0 0.8004807692307693 0.9567307692307693 0.07211538461538461 0.08653846153846154
0 0.8919691293403857 0.9097332667213262 0.06610467918518491 0.09682515693090875
0 0.9555288461538461 0.9651442307692307 0.06490384615384616 0.06971153846153846