0 0.815625 0.06875 0.175 0.1375
0 0.0390625 0.16171875 0.078125 0.2
0 0.91171875 0.79765625 0.1765625 0.1671875
0 0.74140625 0.80546875 0.171875 0.1796875
0 0.54921875 0.79609375 0.2203125 0.23125
0 0.2953125 0.80546875 0.234375 0.19375
0 0.23125 0.5890625 0.175 0.2625
0 0.159375 0.4390625 0.2203125 0.178125
0 0.36875 0.39921875 0.196875 0.1578125
0 0.09296875 0.659375 0.1859375 0.1984375
0 0.89765625 0.9578125 0.171875 0.084375
0 0.94296875 0.6296875 0.1140625 0.1640625
0 0.8140625 0.5546875 0.184375 0.25625
0 0.70859375 0.62578125 0.1609375 0.3421875
0 0.56796875 0.60546875 0.1921875 0.2890625
0 0.5484375 0.4078125 0.203125 0.24375
0 0.7359375 0.4 0.175 0.16875
0 0.9125 0.38359375 0.175 0.2296875
0 0.765625 0.2453125 0.1828125 0.2015625
0 0.9234375 0.19375 0.153125 0.175
0 0.2265625 0.21640625 0.2140625 0.2
0 0.5765625 0.21875 0.1875 0.165625