0 0.1515625 0.93671875 0.0953125 0.0703125
0 0.08125 0.25625 0.09375 0.0703125
0 0.60078125 0.25390625 0.1046875 0.075
0 0.15234375 0.45546875 0.096875 0.0703125
0 0.15390625 0.53515625 0.09375 0.071875
0 0.15390625 0.61171875 0.09375 0.071875
0 0.153125 0.6921875 0.09375 0.071875
0 0.15390625 0.7734375 0.096875 0.06875
0 0.28671875 0.17109375 0.0984375 0.0765625
0 0.38984375 0.17109375 0.0984375 0.0734375
0 0.49453125 0.17109375 0.096875 0.0734375
0 0.5984375 0.16953125 0.10625 0.071875
0 0.70703125 0.16875 0.1015625 0.0765625
0 0.81328125 0.1671875 0.0984375 0.0703125
0 0.81328125 0.253125 0.0984375 0.0734375
0 0.81484375 0.340625 0.1015625 0.0734375
0 0.81484375 0.4234375 0.096875 0.071875
0 0.8140625 0.509375 0.096875 0.0765625
0 0.81328125 0.60546875 0.0984375 0.0765625
0 0.93125 0.60546875 0.096875 0.0734375
0 0.81328125 0.6859375 0.09375 0.0703125
0 0.81328125 0.853125 0.0953125 0.06875
0 0.88515625 0.93828125 0.09375 0.0671875
0 0.7828125 0.940625 0.0953125 0.071875
0 0.68515625 0.93671875 0.096875 0.065625
0 0.46875 0.93984375 0.096875 0.071875
0 0.36875 0.9375 0.0984375 0.0734375
0 0.26953125 0.93984375 0.0953125 0.0734375
0 0.153125 0.85390625 0.0984375 0.06875
0 0.08203125 0.17109375 0.096875 0.0734375
0 0.18359375 0.16953125 0.0921875 0.071875