0 0.24453125 0.490625 0.4328125 0.0734375
0 0.7390625 0.0578125 0.384375 0.090625
0 0.7421875 0.1640625 0.390625 0.090625
0 0.74296875 0.2984375 0.3890625 0.0828125
0 0.7390625 0.4328125 0.43125 0.0640625
0 0.73984375 0.5109375 0.4234375 0.065625
0 0.7375 0.584375 0.4328125 0.0734375
0 0.7453125 0.7265625 0.2546875 0.1234375
0 0.240625 0.075 0.340625 0.1078125
0 0.23515625 0.18359375 0.3265625 0.0953125
0 0.23671875 0.32890625 0.421875 0.0703125
0 0.2421875 0.41015625 0.4296875 0.0703125
0 0.246875 0.56953125 0.428125 0.0671875
0 0.246875 0.69765625 0.4328125 0.0671875
0 0.25 0.765625 0.4265625 0.0640625
0 0.24609375 0.840625 0.4296875 0.0640625
0 0.25 0.91171875 0.428125 0.0609375